zip_code,total_population,total_population_male,total_population_female,median_age,under_18,age_18_and_over,age_65_and_over
00601,16834,8337,8497,44,3093,13741,3511
00602,37642,18405,19237,45.2,6109,31533,8099
00603,49075,23813,25262,45,8358,40717,11411
00606,5590,2723,2867,46.2,909,4681,1387
00610,25542,12317,13225,44.4,4219,21323,5547
00611,1315,667,648,48.1,210,1105,336
00612,63312,29745,33567,44.4,11393,51919,15016
00616,9625,4515,5110,46.7,1349,8276,2171
00617,22573,10709,11864,42.6,4049,18524,4635
00622,7577,3334,4243,50.2,914,6663,2387
00623,39406,18869,20537,45.4,6715,32691,8910
00624,21648,10612,11036,40.1,4564,17084,3875
00627,32733,15525,17208,44.5,5507,27226,7114
00631,1431,616,815,42.1,259,1172,447
00636,1057,576,481,29.7,292,765,83
00637,22882,10634,12248,45.1,4110,18772,5632
00638,17605,8553,9052,45.6,3135,14470,4193
00641,24299,11497,12802,45.9,4313,19986,5783
00646,35926,17389,18537,42.5,6837,29089,6719
00647,4702,2285,2417,46.4,1090,3612,1385
00650,13767,6578,7189,41.1,2386,11381,2831
00652,3924,1799,2125,44.5,586,3338,825
00653,8980,4460,4520,44.7,1408,7572,2084
00656,18121,8610,9511,44.9,3254,14867,4123
00659,37066,17719,19347,44.7,5939,31127,8037
00660,15483,7162,8321,48.9,2263,13220,4486
00662,40480,19481,20999,44.3,6545,33935,8713
00664,14967,7355,7612,41.9,3009,11958,2846
00667,23370,11400,11970,47.4,3654,19716,6041
00669,27529,13676,13853,44.5,4672,22857,6006
00670,8746,4297,4449,44,1672,7074,1951
00674,39385,18322,21063,44,6992,32393,9266
00676,36683,17935,18748,42.2,6594,30089,7235
00677,15304,7080,8224,48.7,2317,12987,3997
00678,25039,12401,12638,44.4,4259,20780,5545
00680,43173,20875,22298,45.6,6848,36325,11958
00682,30414,14278,16136,38,5041,25373,6696
00683,29547,14266,15281,46.9,4932,24615,7938
00685,40346,19505,20841,45.7,7277,33069,9697
00687,28659,14190,14469,41.5,5350,23309,5120
00688,11478,5948,5530,42.5,1728,9750,2371
00690,5781,2785,2996,36.6,1187,4594,1195
00692,33302,15999,17303,41.4,6206,27096,6538
00693,55570,26566,29004,43.9,9881,45689,11928
00694,98,52,46,73.7,0,98,69
00698,33506,15911,17595,45.6,5776,27730,7925
00703,24475,11773,12702,44.1,4323,20152,5274
00704,6831,3275,3556,31.7,1464,5367,1054
00705,24401,11649,12752,45.7,4185,20216,5627
00707,10487,5168,5319,46,1789,8698,2540
00714,15797,7286,8511,41.9,3059,12738,3370
00715,2040,1037,1003,54.2,422,1618,554
00716,27166,12174,14992,46.7,4551,22615,7367
00717,15029,6447,8582,44.9,2520,12509,4127
00718,23289,10914,12375,39.7,4645,18644,4455
00719,29523,14827,14696,42.4,5369,24154,6370
00720,20816,10378,10438,41.2,4044,16772,3736
00723,15978,7657,8321,47.2,2612,13366,3936
00725,77244,35626,41618,44.8,12798,64446,18139
00727,53258,24879,28379,42.8,9340,43918,10168
00728,38590,19493,19097,40.4,7510,31080,7528
00729,47826,22725,25101,41.9,8789,39037,9011
00730,32267,15359,16908,44.4,5653,26614,8343
00731,10473,5076,5397,47.9,1565,8908,2678
00735,11164,5311,5853,46,1772,9392,2834
00736,45867,22104,23763,44.4,7579,38288,10314
00738,30093,13946,16147,44.2,5149,24944,7000
00739,34678,16543,18135,42.8,6314,28364,6629
00740,2034,981,1053,34,597,1437,337
00741,3627,1615,2012,47.1,562,3065,859
00745,47494,22776,24718,43.8,8015,39479,10084
00751,19570,9486,10084,45.3,3613,15957,4552
00754,36576,17827,18749,43.7,6227,30349,7448
00757,20048,9623,10425,40.6,3916,16132,3449
00765,8199,4179,4020,45.3,1474,6725,1942
00766,22053,10664,11389,43.1,4277,17776,4395
00767,30779,14844,15935,45.7,5197,25582,7056
00769,34374,16657,17717,44.5,6110,28264,6791
00771,34964,16657,18307,42.8,6197,28767,7308
00772,17316,8107,9209,42.8,3254,14062,3546
00773,17716,8285,9431,44.5,3025,14691,4092
00775,1186,657,529,44.6,206,980,260
00777,37726,17924,19802,39.9,7253,30473,6536
00778,40476,19029,21447,41.2,7290,33186,6861
00780,13908,6709,7199,39.6,3125,10783,2455
00782,18639,9299,9340,41.2,3455,15184,3512
00783,34205,16575,17630,41.8,6586,27619,6624
00784,35917,17784,18133,40.6,6473,29444,7033
00786,154,72,82,61.3,0,154,41
00791,46537,22051,24486,46,7870,38667,11166
00794,28335,13914,14421,39.4,5684,22651,5125
00795,42900,20289,22611,41.9,8125,34775,8479
00901,8220,4400,3820,46,1000,7220,2062
00906,148,80,68,35.2,18,130,0
00907,16607,8240,8367,50.7,1764,14843,4725
00909,5260,2537,2723,41.6,1067,4193,1160
00911,7087,3542,3545,48.5,936,6151,1547
00912,5955,2695,3260,48.1,544,5411,1398
00913,7068,2999,4069,28,2428,4640,964
00915,24713,11449,13264,42.8,4823,19890,5119
00917,18544,8466,10078,49.2,2527,16017,5262
00918,15976,7065,8911,44.4,2091,13885,4106
00920,17293,8058,9235,45,2668,14625,3673
00921,33555,15083,18472,41.8,6162,27393,7373
00923,24760,11175,13585,43.6,4313,20447,5248
00924,47080,20859,26221,41.5,9661,37419,10890
00925,5556,2937,2619,41.7,363,5193,1335
00926,93751,42020,51731,45.3,14756,78995,22965
00927,13766,6110,7656,48.2,1934,11832,3854
00934,128,84,44,32.3,54,74,0
00949,68031,31291,36740,42,12104,55927,14240
00950,0,0,0,-,0,0,0
00951,298,151,147,46.2,54,244,74
00952,8168,4066,4102,51.6,1038,7130,2169
00953,66079,31605,34474,40.8,11970,54109,10228
00956,65841,31057,34784,44,10929,54912,16073
00957,41009,18142,22867,44.1,6688,34321,9498
00959,47721,21365,26356,42.3,8390,39331,10262
00960,3405,3394,11,36.1,48,3357,90
00961,29271,13728,15543,46.8,4591,24680,7502
00962,19614,9183,10431,41,3696,15918,4195
00965,5148,2373,2775,45.4,823,4325,1317
00966,16451,7673,8778,49.3,2860,13591,4588
00968,3554,1433,2121,57.3,419,3135,1333
00969,41784,19288,22496,45,6117,35667,9949
00971,26430,13222,13208,47.1,3520,22910,5896
00976,61638,28440,33198,44.4,10301,51337,13924
00979,16890,8412,8478,52.7,1506,15384,5054
00982,13876,6186,7690,44.3,2448,11428,3372
00983,31816,14140,17676,42.2,5963,25853,7535
00985,32265,14346,17919,47.7,4462,27803,8983
00987,54109,24952,29157,41.1,9956,44153,9904
01001,16045,7872,8173,45.9,2837,13208,3894
01002,22992,11654,11338,26.4,3034,19958,3505
01003,11989,5680,6309,19.8,194,11795,4
01005,4837,2230,2607,44.4,768,4069,759
01007,15368,7406,7962,44,3032,12336,2940
01008,1231,620,611,50.2,197,1034,318
01009,699,364,335,31.1,205,494,49
01010,3699,2037,1662,45.5,771,2928,779
01011,1318,621,697,47.1,290,1028,251
01012,440,224,216,54.5,74,366,96
01013,22895,10639,12256,39,5235,17660,3649
01020,30417,15394,15023,44,5256,25161,6226
01022,2144,953,1191,39.3,236,1908,561
01026,1073,572,501,51.2,163,910,279
01027,17711,8716,8995,47.5,2916,14795,4250
01028,16273,7706,8567,43.7,3766,12507,3584
01029,527,328,199,56.8,75,452,137
01030,12561,6157,6404,46.1,2233,10328,2252
01031,1697,939,758,35.5,484,1213,240
01032,484,223,261,55.3,62,422,119
01033,6096,3032,3064,48.3,852,5244,1301
01034,2065,1065,1000,50.2,358,1707,416
01035,5295,2476,2819,48.7,942,4353,1285
01036,4966,2477,2489,55.3,608,4358,1386
01037,582,307,275,62,60,522,221
01038,2469,1235,1234,48.5,403,2066,602
01039,1728,730,998,52.8,294,1434,420
01040,38210,18805,19405,37.5,8465,29745,6500
01050,2714,1336,1378,44.4,575,2139,466
01053,1885,900,985,57.1,161,1724,660
01054,1793,846,947,49,313,1480,539
01056,20883,10677,10206,44.6,3227,17656,4472
01057,8215,4130,4085,49.6,1424,6791,1894
01060,14724,6563,8161,42.2,2321,12403,2740
01062,9491,4533,4958,49.6,1819,7672,2391
01063,2089,14,2075,19.9,34,2055,8
01066,134,39,95,49.4,7,127,63
01068,1585,775,810,49.3,267,1318,312
01069,8516,4341,4175,51.5,1320,7196,1959
01070,571,267,304,55.6,101,470,194
01071,1259,672,587,47,163,1096,195
01072,1413,637,776,53.5,186,1227,361
01073,6185,3357,2828,47.8,1119,5066,1390
01074,694,281,413,34.9,133,561,104
01075,17115,7309,9806,44.6,2595,14520,4167
01077,9244,4665,4579,47.8,1655,7589,2022
01079,640,289,351,48.7,128,512,39
01080,2674,1390,1284,36.4,627,2047,220
01081,1716,882,834,42.4,390,1326,254
01082,10533,5113,5420,42.9,2191,8342,1854
01083,2539,1569,970,35,637,1902,212
01084,99,46,53,51.4,12,87,36
01085,41592,19903,21689,39.4,8139,33453,7527
01088,725,328,397,31.4,143,582,82
01089,28755,13952,14803,38.7,5477,23278,4460
01092,1428,691,737,36.4,221,1207,196
01093,145,68,77,54.4,6,139,57
01094,44,15,29,52.2,6,38,14
01095,14673,7136,7537,44.7,3233,11440,3331
01096,2516,1261,1255,47.9,400,2116,620
01097,36,4,32,33.8,8,28,9
01098,951,462,489,61.1,118,833,334
01103,2245,941,1304,36.5,237,2008,283
01104,22606,9850,12756,34.7,5778,16828,3017
01105,12045,6265,5780,28.1,3501,8544,1339
01106,16019,7416,8603,45.1,3811,12208,3657
01107,12443,6078,6365,27.4,3747,8696,1164
01108,26198,12095,14103,34.6,6239,19959,3037
01109,31301,15867,15434,29,7648,23653,3604
01118,15112,7452,7660,37.7,3576,11536,2158
01119,14182,7020,7162,36.2,3005,11177,2387
01128,3063,1420,1643,39.2,710,2353,538
01129,6486,3258,3228,42.8,1138,5348,1377
01144,0,0,0,-,0,0,0
01151,9467,4395,5072,33.9,2377,7090,1255
01201,45188,22501,22687,43.8,8047,37141,9077
01220,8149,3923,4226,48.2,1243,6906,2052
01222,623,280,343,42.6,152,471,79
01223,2565,1394,1171,50.5,400,2165,631
01224,124,47,77,57.1,23,101,0
01225,3239,1645,1594,52.1,474,2765,846
01226,6332,3003,3329,49.8,1256,5076,1558
01229,125,56,69,73.3,0,125,96
01230,9095,4300,4795,48.4,1531,7564,2134
01235,2461,1185,1276,51.1,357,2104,585
01236,1625,894,731,55.3,269,1356,311
01237,2451,1200,1251,50.3,527,1924,662
01238,5928,2810,3118,50.8,976,4952,1729
01240,4922,2298,2624,58.1,586,4336,1922
01242,255,31,224,40.7,17,238,48
01243,135,75,60,59.6,2,133,42
01244,158,69,89,58.8,0,158,62
01245,828,397,431,64.4,102,726,400
01247,15279,7767,7512,44.9,2605,12674,3244
01253,818,393,425,53,85,733,207
01254,961,432,529,61.8,94,867,384
01255,931,468,463,48.9,134,797,271
01256,620,320,300,54.1,106,514,206
01257,2230,1091,1139,58.1,104,2126,920
01258,188,97,91,55.6,14,174,60
01259,733,318,415,42.8,211,522,99
01260,20,9,11,-,0,20,0
01262,1785,925,860,60.3,157,1628,728
01264,207,92,115,63.4,18,189,94
01266,952,476,476,56,144,808,286
01267,8142,3689,4453,34.1,1187,6955,1965
01270,999,517,482,44.2,157,842,179
01301,17880,8821,9059,44.3,3298,14582,4369
01330,1607,862,745,58.1,172,1435,459
01331,13845,6992,6853,44,2735,11110,2501
01337,2470,1242,1228,49.8,433,2037,489
01338,65,41,24,72.5,0,65,39
01339,1396,705,691,56.9,162,1234,423
01340,1890,997,893,50.8,259,1631,573
01341,1620,762,858,54,283,1337,461
01342,1321,774,547,36.8,255,1066,140
01343,167,81,86,43.7,37,130,18
01344,1631,783,848,43.2,329,1302,313
01346,409,231,178,58.3,54,355,157
01347,197,30,167,29.5,0,197,8
01349,764,372,392,43.1,186,578,108
01350,103,45,58,61.1,10,93,33
01351,2741,1297,1444,44,602,2139,589
01354,1747,978,769,43.5,307,1440,372
01355,1009,558,451,55.6,147,862,167
01360,2871,1395,1476,48.4,496,2375,644
01364,7643,3633,4010,43.1,1600,6043,1491
01366,1177,648,529,52,160,1017,307
01367,504,248,256,45.3,114,390,133
01368,1455,854,601,48.2,335,1120,268
01370,3713,1782,1931,52.4,562,3151,1137
01373,4921,2356,2565,52.3,792,4129,1129
01375,3658,1812,1846,34,302,3356,495
01376,4868,2455,2413,47.7,762,4106,1105
01378,814,405,409,50.4,110,704,155
01379,779,383,396,52,106,673,198
01380,25,23,2,30.8,0,25,4
01420,41661,20137,21524,37.7,8488,33173,5939
01430,6457,3374,3083,38.8,1407,5050,1139
01431,3187,1615,1572,51.6,496,2691,657
01432,8118,3977,4141,40,1450,6668,1304
01434,1763,1396,367,46,250,1513,229
01436,3694,2213,1481,32.8,941,2753,549
01438,385,196,189,19.4,175,210,21
01440,21231,11172,10059,45.1,3685,17546,4042
01450,11212,5727,5485,41,3011,8201,1687
01451,5362,2616,2746,41.6,1322,4040,838
01452,4338,2175,2163,42.3,872,3466,774
01453,43550,22131,21419,43,8304,35246,8116
01460,10084,4969,5115,42.3,2271,7813,1695
01462,11765,5940,5825,43,2621,9144,2010
01463,11667,5649,6018,42.9,2398,9269,1957
01464,7092,4380,2712,46.3,1060,6032,1445
01468,4009,1916,2093,43.9,721,3288,755
01469,7168,3512,3656,40.8,1648,5520,1127
01473,8220,3871,4349,48.6,1609,6611,2212
01474,1902,995,907,51.8,228,1674,280
01475,10180,5022,5158,39.7,2196,7984,1635
01501,16763,7764,8999,43.8,3474,13289,3581
01503,3514,1672,1842,49.7,583,2931,957
01504,9195,4305,4890,43.4,2055,7140,1630
01505,4855,2489,2366,46.3,958,3897,961
01506,3443,1620,1823,50.6,602,2841,813
01507,13338,6646,6692,43,3282,10056,2117
01510,15347,7586,7761,38,2646,12701,2202
01515,2120,1058,1062,51.7,371,1749,531
01516,9213,4300,4913,43.3,2192,7021,1545
01518,3047,1434,1613,35.3,754,2293,375
01519,7634,3900,3734,40.3,1628,6006,813
01520,16893,8221,8672,41.5,4479,12414,2775
01521,2585,1330,1255,51.2,424,2161,622
01522,2890,1547,1343,42,633,2257,432
01523,8395,4510,3885,42,1489,6906,1518
01524,6077,3198,2879,42.2,1229,4848,898
01525,31,31,0,-,0,31,0
01527,13852,6683,7169,44,2845,11007,2529
01529,3176,1576,1600,47.7,591,2585,555
01531,984,480,504,48.3,188,796,228
01532,15647,7369,8278,44.8,3507,12140,2434
01534,5893,2900,2993,47,1140,4753,1117
01535,4750,2398,2352,47.7,828,3922,891
01536,7282,3531,3751,41.4,1678,5604,1179
01537,1935,848,1087,35.5,446,1489,287
01540,11420,5490,5930,42.1,2232,9188,1750
01541,3497,1770,1727,49.4,719,2778,731
01542,2815,1420,1395,46,639,2176,769
01543,9102,4881,4221,41.4,2279,6823,1115
01545,38734,19158,19576,39.7,9110,29624,5717
01550,17669,8599,9070,38.6,3970,13699,2501
01560,4734,2409,2325,38.6,1134,3600,652
01561,0,0,0,-,0,0,0
01562,11955,6362,5593,47.7,2038,9917,2774
01564,8053,3975,4078,51.1,1577,6476,1746
01566,6795,3298,3497,49,1537,5258,1492
01568,7828,3833,3995,44.6,1902,5926,1386
01569,14039,6907,7132,43.5,2669,11370,2490
01570,17671,8535,9136,40.6,3729,13942,3272
01571,11885,5754,6131,41,2324,9561,2020
01581,21360,10595,10765,38.9,5419,15941,3173
01583,7476,3810,3666,46.8,1223,6253,1810
01585,4841,2215,2626,52.6,801,4040,1266
01588,10468,4999,5469,38.8,2469,7999,1494
01590,9268,4572,4696,42.5,1793,7475,1566
01602,25869,12457,13412,39.9,4527,21342,4632
01603,20678,10128,10550,35.3,3920,16758,2494
01604,40724,21115,19609,36.7,8058,32666,5837
01605,30590,15032,15558,32.1,7779,22811,4157
01606,22636,11256,11380,39.9,4539,18097,3306
01607,8630,4244,4386,36.3,1730,6900,938
01608,5080,2641,2439,29.7,1286,3794,226
01609,23256,12468,10788,31.9,2770,20486,3331
01610,27033,12508,14525,27.5,5304,21729,2343
01611,2188,1133,1055,41.9,331,1857,222
01612,5013,2532,2481,36.9,858,4155,839
01701,32973,16319,16654,43.5,6659,26314,6905
01702,38898,19717,19181,35.1,8584,30314,5032
01718,737,412,325,38.1,233,504,25
01719,5462,2562,2900,41.8,1115,4347,673
01720,23081,10950,12131,44.2,5733,17348,3782
01721,18634,9166,9468,41.8,3539,15095,3213
01730,14408,6854,7554,43.3,3315,11093,2350
01731,1784,1059,725,25.5,782,1002,0
01740,5653,2810,2843,40.7,1539,4114,823
01741,5209,2801,2408,45.4,1354,3855,1098
01742,18311,9195,9116,46.4,4446,13865,4093
01745,554,204,350,35.1,115,439,53
01746,14902,7693,7209,45.1,3294,11608,2632
01747,6021,2701,3320,43.3,1504,4517,1049
01748,18748,9419,9329,41.9,5214,13534,2461
01749,19947,9677,10270,43.4,4105,15842,3756
01752,41391,19995,21396,38.1,8429,32962,6024
01754,10671,5402,5269,40.8,2404,8267,1535
01756,6238,2956,3282,44.7,1514,4724,909
01757,30411,15881,14530,40,6355,24056,5333
01760,36274,17477,18797,42.4,7694,28580,6500
01770,4404,2133,2271,44.3,1280,3124,693
01772,9867,4529,5338,42.2,2680,7187,1295
01773,5216,2443,2773,51.2,1166,4050,1412
01775,7111,3787,3324,41,1787,5324,1190
01776,18926,9338,9588,43.8,5348,13578,2952
01778,14070,6937,7133,44,3525,10545,2648
01801,40992,20032,20960,39.2,7397,33595,6460
01803,26004,12643,13361,43.9,5006,20998,5617
01810,35612,17303,18309,43.7,8674,26938,5644
01821,30854,14968,15886,43.1,5915,24939,4977
01824,26612,12963,13649,43.6,5570,21042,4768
01826,32309,16388,15921,41.3,6954,25355,5357
01827,3359,1747,1612,41.8,708,2651,481
01830,26885,13115,13770,38.5,5979,20906,4481
01832,25707,12584,13123,38.6,5243,20464,3567
01833,8389,4109,4280,41.8,2000,6389,1481
01834,6742,3254,3488,42.2,1470,5272,1354
01835,14681,7243,7438,35.7,3057,11624,1884
01840,6977,2939,4038,34.9,1866,5111,837
01841,52738,26168,26570,30.6,15049,37689,4910
01843,28352,14618,13734,32.1,6981,21371,2681
01844,52780,25375,27405,40.6,10859,41921,9064
01845,31624,15918,15706,38.4,6962,24662,4843
01850,16806,8333,8473,33.5,4560,12246,1665
01851,32323,15994,16329,34.8,6740,25583,3150
01852,36546,17740,18806,37.4,7770,28776,4860
01854,29062,14919,14143,31.7,4654,24408,3626
01860,6717,3527,3190,48.2,1233,5484,1477
01862,11126,6064,5062,43.1,1901,9225,1856
01863,9570,4662,4908,42,1909,7661,1876
01864,15529,7861,7668,43.9,3415,12114,2208
01867,25443,12602,12841,44.2,6059,19384,5112
01876,30817,14726,16091,47.1,5205,25612,6001
01879,12385,5976,6409,37.5,2850,9535,1539
01880,27026,13495,13531,43.3,5473,21553,5130
01886,24524,12215,12309,42.4,6519,18005,3260
01887,23191,12154,11037,42.1,5112,18079,3534
01890,22809,10614,12195,42.3,6269,16540,4063
01901,1658,834,824,54.3,150,1508,536
01902,51931,25279,26652,34.9,12725,39206,6621
01904,20078,10367,9711,40.8,4330,15748,3316
01905,26986,13688,13298,33.2,6918,20068,2744
01906,28566,14013,14553,44.4,4768,23798,6101
01907,15208,7176,8032,45.1,3009,12199,2980
01908,3336,1519,1817,58.1,370,2966,1054
01913,17279,8345,8934,44.7,3190,14089,2942
01915,41611,19960,21651,39.7,8079,33532,7348
01921,8234,4217,4017,49.8,1932,6302,1652
01922,3827,1771,2056,45.9,751,3076,939
01923,27734,13039,14695,44.3,4906,22828,5918
01929,3648,1853,1795,45,963,2685,555
01930,29830,14685,15145,51,4602,25228,7631
01937,176,152,24,53.3,0,176,25
01938,13791,6640,7151,47.9,2550,11241,2924
01940,13072,6210,6862,41.2,3353,9719,2558
01944,5386,2786,2600,47.8,1398,3988,1178
01945,20373,9740,10633,49.6,4383,15990,4545
01949,9668,5438,4230,44.6,1729,7939,1861
01950,18356,8211,10145,46.5,4073,14283,3977
01951,2896,1341,1555,57.5,506,2390,658
01952,9182,4513,4669,49.4,1302,7880,1989
01960,54057,25873,28184,46.8,9578,44479,13127
01965,803,401,402,64.8,46,757,362
01966,6973,3162,3811,58.4,876,6097,2584
01969,6175,3013,3162,48.5,1269,4906,1304
01970,44435,20176,24259,38,6945,37490,7387
01982,7612,3714,3898,43.1,1653,5959,1533
01983,6532,3272,3260,43.4,1702,4830,1491
01984,4933,2351,2582,25.3,821,4112,662
01985,4521,2231,2290,50.5,838,3683,1052
02019,17025,8517,8508,38.3,3848,13177,2380
02021,24293,11953,12340,43.1,5310,18983,4750
02025,8330,4119,4211,44.1,2354,5976,1358
02026,25150,11753,13397,43.7,4516,20634,5179
02030,5886,3091,2795,46.2,1584,4302,1121
02032,4847,2525,2322,37.7,1472,3375,781
02035,18476,9091,9385,42.9,3777,14699,3179
02038,32777,15656,17121,42,6672,26105,4427
02043,24143,11683,12460,46,6036,18107,5632
02045,10116,4656,5460,54.2,1393,8723,2336
02047,218,92,126,43.2,29,189,29
02048,23831,11456,12375,41.3,5159,18672,3397
02050,25915,12801,13114,46.3,5058,20857,4968
02052,12844,6407,6437,40.9,3687,9157,1710
02053,13164,6154,7010,39.2,2995,10169,1884
02054,8565,3999,4566,45.6,1790,6775,1855
02056,11527,6507,5020,41.1,2831,8696,1564
02061,11281,5638,5643,38.6,3264,8017,1691
02062,31343,15499,15844,39,6145,25198,5596
02066,18718,8675,10043,48.4,3907,14811,3991
02067,18473,8851,9622,41.9,5032,13441,3272
02071,1480,759,721,30.9,352,1128,101
02072,29051,13354,15697,45.7,5514,23537,5780
02081,19990,9653,10337,42.3,4956,15034,3388
02090,16149,7770,8379,42.7,4244,11905,2928
02093,12173,6365,5808,47.3,2388,9785,2402
02108,4218,2269,1949,38.7,251,3967,844
02109,3559,1630,1929,35.4,200,3359,528
02110,2337,1193,1144,51.6,194,2143,804
02111,8417,4212,4205,30.7,1302,7115,1210
02113,6688,3153,3535,30,277,6411,596
02114,13356,7140,6216,32.7,947,12409,1501
02115,27838,12824,15014,22.1,1590,26248,2535
02116,22286,10115,12171,34.4,1665,20621,3507
02118,28392,14030,14362,37.3,3799,24593,3990
02119,26821,12689,14132,34.7,5109,21712,4033
02120,14364,7294,7070,23.8,1439,12925,1046
02121,29820,13532,16288,33.2,7487,22333,3458
02122,24705,12456,12249,36.6,4758,19947,3156
02124,55336,26038,29298,36.3,12853,42483,7487
02125,31903,14889,17014,33.6,5469,26434,3864
02126,24994,11321,13673,36.9,5955,19039,3741
02127,36175,17485,18690,32.4,4254,31921,3284
02128,45357,24026,21331,33.7,8744,36613,3531
02129,19832,9206,10626,35.8,4284,15548,2540
02130,41479,19595,21884,35,6907,34572,5579
02131,31637,15264,16373,38.5,6259,25378,4626
02132,26488,12928,13560,43.6,5340,21148,5297
02133,0,0,0,-,0,0,0
02134,17969,9193,8776,27.8,1207,16762,1199
02135,44480,21834,22646,30.2,3600,40880,5592
02136,39498,18516,20982,37.7,9129,30369,6249
02138,38006,18537,19469,29.2,4677,33329,5397
02139,39856,20481,19375,29.8,4651,35205,4067
02140,21553,10708,10845,34.7,3157,18396,2769
02141,14402,7172,7230,31.4,1666,12736,1484
02142,4474,2379,2095,30.9,248,4226,332
02143,25329,12373,12956,32.8,2099,23230,2708
02144,25022,12339,12683,31.4,2498,22524,2445
02145,27692,14235,13457,33.5,3732,23960,2696
02148,65463,33848,31615,35.4,12045,53418,8404
02149,48685,25654,23031,36,10617,38068,5596
02150,39875,20891,18984,34.5,9143,30732,4068
02151,60592,29976,30616,39.6,11902,48690,8815
02152,19031,8871,10160,44.7,3400,15631,3816
02155,63873,30295,33578,34.5,8452,55421,9613
02163,1994,1121,873,26.5,107,1887,0
02169,60938,30664,30274,37.8,9480,51458,10217
02170,19928,10086,9842,38.2,2922,17006,3232
02171,19882,10105,9777,41,2657,17225,3482
02176,29477,14355,15122,43.1,5785,23692,5674
02180,22992,10929,12063,42.1,4530,18462,4474
02184,38748,19338,19410,41.4,7990,30758,6730
02186,28683,13561,15122,40,7274,21409,4593
02188,15313,7866,7447,46,2390,12923,3357
02189,15567,7292,8275,42.5,2767,12800,2247
02190,18516,8839,9677,41.8,3254,15262,3236
02191,7904,3955,3949,52.3,1137,6767,1967
02199,1221,527,694,40.4,66,1155,202
02203,0,0,0,-,0,0,0
02205,0,0,0,-,0,0,0
02210,5706,3139,2567,37.4,224,5482,472
02215,24522,10803,13719,21.9,604,23918,791
02301,69225,34013,35212,35.4,17672,51553,9081
02302,35488,17181,18307,38.1,8521,26967,5061
02322,4730,2260,2470,37.3,1024,3706,896
02324,25819,13832,11987,40,4952,20867,4797
02325,2712,1118,1594,20.1,0,2712,0
02330,11641,5658,5983,45.7,2127,9514,2536
02332,16041,7662,8379,47.6,3579,12462,3775
02333,14382,7090,7292,41.3,2913,11469,2261
02338,7728,3600,4128,41.4,1792,5936,1327
02339,14773,7412,7361,41,3861,10912,2227
02341,10513,5376,5137,43.7,2130,8383,1911
02343,11282,5591,5691,43.2,2279,9003,2347
02346,24268,12216,12052,43,4706,19562,5006
02347,11625,5686,5939,41.9,2406,9219,1910
02350,106,56,50,48.7,26,80,40
02351,17003,8650,8353,40.6,3960,13043,2146
02356,12201,6033,6168,46,2514,9687,2792
02357,1319,600,719,20.2,0,1319,0
02359,18330,8657,9673,43.2,3726,14604,3090
02360,61412,29971,31441,47.7,10536,50876,14999
02364,13702,7059,6643,45.1,2801,10901,2869
02366,216,216,0,36.5,0,216,8
02367,2923,1429,1494,46.5,634,2289,654
02368,34747,17068,17679,40.3,6431,28316,5763
02370,17721,8338,9383,41.6,3750,13971,2622
02375,11501,5354,6147,43.9,2341,9160,2087
02379,7648,3604,4044,41.2,1515,6133,1404
02382,15146,7262,7884,40.3,3275,11871,2177
02420,16356,7868,8488,45.4,4395,11961,3163
02421,17865,8631,9234,47.8,4494,13371,4010
02445,22124,10586,11538,35.1,4060,18064,3452
02446,31517,13676,17841,33.3,5226,26291,4840
02451,18379,9467,8912,39.5,2388,15991,3404
02452,15830,7310,8520,31.8,2168,13662,2599
02453,30365,15199,15166,34,4039,26326,4305
02457,1758,759,999,20,1,1757,0
02458,12706,6455,6251,40.6,2653,10053,2051
02459,19182,9364,9818,45.5,4179,15003,4231
02460,9888,4656,5232,43,2118,7770,2099
02461,7049,3606,3443,44.7,1670,5379,1198
02462,1438,673,765,50.7,218,1220,388
02464,3440,1681,1759,41.8,534,2906,518
02465,11823,6020,5803,42,2695,9128,1974
02466,8859,4049,4810,35.5,1781,7078,1408
02467,21709,10371,11338,29.9,3887,17822,3517
02468,5589,2618,2971,47.1,1579,4010,1154
02472,35300,16840,18460,38.2,5184,30116,6196
02474,28167,13477,14690,38.5,6072,22095,4119
02476,17739,8233,9506,44.9,3716,14023,3504
02478,26964,12579,14385,42,6555,20409,4747
02481,17100,7303,9797,35.4,4762,12338,2344
02482,11004,5281,5723,46.2,2752,8252,2224
02492,21192,10015,11177,42.6,6115,15077,3692
02493,11759,5976,5783,45.6,2924,8835,2491
02494,10765,5162,5603,44.2,2688,8077,2137
02532,13092,5815,7277,54.9,2157,10935,4289
02534,1460,780,680,51.4,281,1179,401
02535,2269,1159,1110,53.8,307,1962,763
02536,20909,10351,10558,54.5,3056,17853,6094
02537,6408,3081,3327,50.1,1226,5182,1699
02538,4494,2183,2311,39.3,845,3649,758
02539,5159,2515,2644,50.2,870,4289,942
02540,8615,3793,4822,61,1038,7577,3612
02542,766,421,345,27.4,223,543,0
02543,801,342,459,68.5,0,801,486
02553,76,0,76,-,0,76,76
02554,13861,7609,6252,40.4,3201,10660,2156
02556,2375,1097,1278,49.3,483,1892,681
02557,1924,711,1213,51.5,343,1581,583
02558,1820,946,874,58.7,126,1694,575
02559,3205,1735,1470,62.1,201,3004,1325
02561,481,220,261,55.8,34,447,102
02562,3485,1602,1883,43.3,712,2773,589
02563,10168,4895,5273,53.7,1579,8589,3068
02564,180,113,67,62.5,10,170,84
02568,8547,4231,4316,45,1595,6952,2042
02571,10530,5065,5465,54.9,1265,9265,3246
02575,2606,1447,1159,49.3,552,2054,809
02576,4406,1934,2472,48.7,800,3606,1079
02584,24,0,24,-,0,24,0
02601,17178,8335,8843,39.7,3082,14096,2625
02630,1922,994,928,51,357,1565,563
02631,10176,5101,5075,56,1467,8709,3563
02632,11929,5939,5990,48.8,2027,9902,3355
02633,4667,2327,2340,66.2,405,4262,2425
02635,3007,1490,1517,57.4,252,2755,1094
02637,323,145,178,66.2,0,323,196
02638,3146,1487,1659,61.5,229,2917,1288
02639,3308,1746,1562,51.1,398,2910,856
02641,319,158,161,66.8,0,319,183
02642,5724,2588,3136,59.8,678,5046,2204
02643,0,0,0,-,0,0,0
02644,3838,1699,2139,50.6,632,3206,636
02645,10930,5231,5699,56.4,1481,9449,3555
02646,1950,937,1013,65.5,173,1777,1007
02647,159,61,98,46.7,49,110,42
02648,7774,3858,3916,50.1,1320,6454,1542
02649,15144,7058,8086,53.7,2369,12775,4690
02650,1024,452,572,62.8,118,906,507
02652,996,553,443,65,0,996,494
02653,6322,2839,3483,63.2,814,5508,2954
02655,3441,1587,1854,56.8,549,2892,1359
02657,3630,2275,1355,56.1,300,3330,1029
02659,916,429,487,59.8,120,796,290
02660,6604,3211,3393,58,646,5958,2548
02663,462,243,219,60.4,67,395,71
02664,9282,4670,4612,58,890,8392,3493
02666,631,326,305,65.2,47,584,319
02667,3890,1838,2052,58.5,568,3322,1325
02668,2465,1312,1153,40.8,574,1891,527
02670,1340,617,723,61.9,84,1256,606
02671,750,366,384,64.3,30,720,358
02672,28,28,0,-,0,28,0
02673,9246,4367,4879,45.1,1955,7291,2362
02675,7185,3280,3905,59.2,929,6256,2813
02702,4416,2138,2278,40.2,959,3457,746
02703,46356,22606,23750,39.7,10332,36024,7201
02713,32,22,10,63.5,0,32,14
02715,3620,1628,1992,49.7,683,2937,695
02717,4783,2306,2477,42.4,973,3810,875
02718,7213,3636,3577,40.7,1338,5875,917
02719,15899,7377,8522,48.7,2709,13190,3805
02720,30558,14854,15704,40.9,5233,25325,5238
02721,26807,13218,13589,38.2,5972,20835,4360
02723,17164,8750,8414,36.1,3928,13236,2136
02724,18445,8135,10310,40,3905,14540,2959
02725,2359,1325,1034,48.1,409,1950,420
02726,15907,7469,8438,46.4,3083,12824,4074
02738,5305,2672,2633,49.9,1021,4284,1370
02739,6511,3340,3171,57.3,999,5512,1976
02740,46623,23392,23231,36.8,10732,35891,7610
02743,10466,4978,5488,46.4,1932,8534,2240
02744,12465,6025,6440,34,3438,9027,1502
02745,25084,12655,12429,42.1,5042,20042,4483
02746,16286,8446,7840,30.9,4431,11855,2158
02747,21383,10567,10816,39,3148,18235,3259
02748,11431,5585,5846,50,1717,9714,3294
02760,29149,14136,15013,41.7,6417,22732,4376
02762,9814,4956,4858,44.1,1688,8126,1953
02763,1601,779,822,37,356,1245,363
02764,4463,2273,2190,38.2,905,3558,609
02766,19177,9525,9652,39.8,3545,15632,2935
02767,15432,7079,8353,40.8,3307,12125,3028
02769,12614,6553,6061,47,2388,10226,2312
02770,5564,2703,2861,43,1211,4353,1056
02771,15475,7849,7626,47,2976,12499,2638
02777,17158,8254,8904,44.9,3208,13950,3881
02779,6768,3570,3198,42.1,1460,5308,960
02780,51915,24829,27086,40.2,11129,40786,8064
02790,16431,8150,8281,50.5,2830,13601,3829
02791,371,231,140,64.4,21,350,155
02802,702,421,281,58.7,19,683,220
02804,2560,1174,1386,45.8,539,2021,349
02806,17121,8033,9088,42.9,4760,12361,2664
02807,962,479,483,53.5,135,827,337
02808,2328,1204,1124,41.4,494,1834,197
02809,22420,11040,11380,40.6,3128,19292,4623
02812,1038,633,405,52.6,158,880,305
02813,7998,4037,3961,53.1,1066,6932,2092
02814,7444,3726,3718,48.4,1503,5941,1224
02815,134,87,47,53.4,0,134,20
02816,33148,16017,17131,44.1,6121,27027,5972
02817,6535,3224,3311,43.6,1178,5357,1159
02818,19876,9391,10485,46,4305,15571,4129
02822,6241,3183,3058,38.8,1082,5159,1016
02823,17,8,9,-,0,17,17
02824,291,134,157,38.7,85,206,96
02825,5872,3039,2833,44.8,1162,4710,1031
02826,396,259,137,63.5,0,396,155
02827,2286,1214,1072,45.3,517,1769,409
02828,7263,3431,3832,51.6,1113,6150,2285
02829,82,43,39,17.9,43,39,0
02830,6766,3045,3721,45,1436,5330,1184
02831,3840,2042,1798,38.9,977,2863,666
02832,4887,2534,2353,39.6,1062,3825,741
02833,670,285,385,43.2,157,513,190
02835,5554,2835,2719,58.3,782,4772,1836
02836,87,76,11,55.8,0,87,20
02837,3622,1789,1833,59.3,454,3168,1302
02838,3468,1606,1862,36.9,821,2647,685
02839,1598,832,766,39.8,294,1304,234
02840,23847,11246,12601,39.8,3491,20356,5092
02841,1240,931,309,23.8,0,1240,0
02842,17009,8560,8449,44.3,3156,13853,3840
02852,23382,11248,12134,45.4,4153,19229,5100
02857,8031,4031,4000,49.1,1291,6740,1873
02858,286,149,137,34.7,59,227,50
02859,7295,4195,3100,38.1,1357,5938,1081
02860,47677,24505,23172,36.5,10611,37066,5950
02861,27527,13666,13861,38.1,5367,22160,3903
02863,22359,11847,10512,31.5,6301,16058,1909
02864,36142,16977,19165,45,7546,28596,6413
02865,18306,8760,9546,44,3934,14372,3894
02871,17748,8999,8749,48.4,3500,14248,4405
02872,98,42,56,70.5,0,98,55
02873,97,11,86,60,0,97,48
02874,6376,3063,3313,44,1348,5028,1168
02875,176,111,65,35.3,0,176,0
02876,659,255,404,59.2,91,568,270
02878,16324,7938,8386,48.3,2478,13846,3891
02879,22369,10851,11518,49,3705,18664,5990
02881,7177,3170,4007,19.8,295,6882,452
02882,13238,6118,7120,43.7,1286,11952,3221
02885,11117,5498,5619,50.8,1316,9801,2861
02886,30540,14582,15958,41.7,5488,25052,6368
02888,18443,9011,9432,45.2,3289,15154,3518
02889,28209,13794,14415,45.3,5035,23174,5987
02891,22026,11145,10881,52,3060,18966,5763
02892,5920,2761,3159,40.9,1696,4224,992
02893,30909,15892,15017,41.2,5286,25623,5647
02894,609,310,299,48.4,52,557,120
02895,43163,21134,22029,35.4,10063,33100,6263
02896,11449,5979,5470,47,2001,9448,2398
02898,1857,1019,838,45.7,229,1628,358
02903,12039,5032,7007,35.3,445,11594,2384
02904,31214,14227,16987,39,6874,24340,5954
02905,25674,11962,13712,34.6,5850,19824,3831
02906,26437,12811,13626,34.9,3642,22795,4338
02907,32697,16616,16081,32.4,8881,23816,3079
02908,39099,19480,19619,34.9,8137,30962,4338
02909,42629,20391,22238,30.8,11347,31282,4147
02910,23598,11868,11730,36.5,4624,18974,2880
02911,15866,7442,8424,38.1,2807,13059,2602
02912,4809,2425,2384,19.8,75,4734,0
02914,21742,10714,11028,41.5,3696,18046,4607
02915,16415,8224,8191,46.8,2418,13997,3573
02916,8855,4431,4424,41.7,1667,7188,1691
02917,14868,7282,7586,37.5,2363,12505,2568
02918,2960,1652,1308,20,7,2953,39
02919,29453,13987,15466,43.6,5473,23980,6194
02920,36907,18961,17946,41.2,7029,29878,6779
02921,12205,6105,6100,42.7,2114,10091,2364
03031,11814,5752,6062,46.2,2652,9162,2188
03032,5949,3492,2457,45.8,1155,4794,724
03033,5659,2811,2848,37.6,1613,4046,481
03034,4202,2177,2025,47,565,3637,803
03036,5237,2711,2526,46.2,988,4249,731
03037,4700,2251,2449,42.3,956,3744,764
03038,34506,16642,17864,39.3,7132,27374,4951
03042,7180,3855,3325,46.1,1297,5883,1436
03043,1444,693,751,50.9,352,1092,324
03044,4738,2350,2388,43.3,998,3740,766
03045,14165,6653,7512,45,2559,11606,2628
03046,3000,1506,1494,43.8,731,2269,501
03047,1784,872,912,48.9,338,1446,320
03048,3489,1864,1625,45.3,670,2819,619
03049,8429,4174,4255,48.3,1715,6714,1845
03051,25385,13141,12244,45.6,4556,20829,4750
03052,8484,4250,4234,41.8,2009,6475,1273
03053,25780,13073,12707,42,5435,20345,3779
03054,27139,13806,13333,41.7,6068,21071,4563
03055,16151,8093,8058,37.8,3651,12500,2350
03057,2607,1372,1235,43.8,551,2056,413
03060,31469,16133,15336,35.6,6019,25450,4016
03062,28866,14801,14065,42.9,5425,23441,5791
03063,15941,8156,7785,39.4,3105,12836,2519
03064,14667,7545,7122,43.4,2542,12125,2627
03070,6099,2972,3127,40.7,1537,4562,918
03071,5244,2679,2565,37.6,1455,3789,690
03076,14221,6942,7279,42.5,3165,11056,2202
03077,10773,5190,5583,42.6,2144,8629,1858
03079,30350,15434,14916,44.2,5134,25216,5794
03082,1606,894,712,48.9,239,1367,327
03084,1372,665,707,46.4,189,1183,208
03086,4116,2047,2069,46.5,730,3386,792
03087,15764,8216,7548,42.1,4261,11503,2542
03101,3228,1725,1503,36.5,290,2938,400
03102,33759,16758,17001,35.5,6051,27708,5000
03103,37093,18329,18764,36.2,7479,29614,4603
03104,34962,17656,17306,36.9,6118,28844,5454
03106,14654,7075,7579,39.2,2785,11869,2307
03109,10374,4998,5376,43.8,1665,8709,1713
03110,23385,11097,12288,44,5949,17436,4161
03215,248,114,134,59.4,27,221,93
03216,2041,996,1045,45.1,335,1706,556
03217,2239,1116,1123,32.3,583,1656,478
03218,1535,633,902,42.7,350,1185,269
03220,7454,3517,3937,47.2,1628,5826,1594
03221,2263,1202,1061,44,490,1773,412
03222,5894,3015,2879,49.2,1048,4846,1346
03223,3380,1527,1853,42.7,605,2775,406
03224,2343,1166,1177,47.8,395,1948,479
03225,3406,1601,1805,44.5,672,2734,698
03226,820,408,412,63.5,88,732,388
03227,1461,813,648,61.8,183,1278,625
03229,5925,2777,3148,45.1,1040,4885,1003
03230,1491,747,744,48.4,277,1214,316
03231,110,52,58,57,0,110,36
03233,209,118,91,65.5,0,209,128
03234,4846,2283,2563,45.6,1032,3814,992
03235,8827,3899,4928,44.6,1419,7408,1972
03237,2338,1181,1157,42.5,512,1826,374
03238,81,27,54,57.8,5,76,31
03240,1200,651,549,49.9,221,979,240
03241,1144,561,583,55.5,151,993,367
03242,6094,3259,2835,34,1012,5082,1206
03243,902,510,392,48.6,125,777,169
03244,7666,4152,3514,45,1307,6359,1441
03245,2125,900,1225,44.9,260,1865,632
03246,16943,8418,8525,43.8,3096,13847,3714
03249,7725,3749,3976,46.8,1524,6201,1556
03251,1474,829,645,48.2,274,1200,412
03253,6701,3400,3301,55.3,837,5864,2098
03254,4996,2593,2403,55.5,735,4261,1506
03255,1899,974,925,48.5,387,1512,392
03256,2591,1338,1253,51,332,2259,663
03257,4381,1922,2459,50.7,559,3822,1532
03258,2659,1399,1260,45.4,527,2132,442
03259,246,148,98,63.3,12,234,117
03260,995,450,545,52,169,826,224
03261,4632,2196,2436,43.5,748,3884,974
03262,1194,567,627,49,219,975,270
03263,4093,1906,2187,47.8,691,3402,927
03264,6917,3761,3156,33,864,6053,965
03266,1929,931,998,52.4,311,1618,540
03268,1507,846,661,51.8,279,1228,397
03269,2957,1581,1376,45.9,539,2418,664
03273,309,206,103,47.7,46,263,103
03275,12028,6281,5747,39.4,2696,9332,1449
03276,8811,4384,4427,44.8,1596,7215,1689
03278,3003,1409,1594,44.7,535,2468,678
03279,763,360,403,53.8,105,658,202
03280,1097,526,571,55.6,131,966,307
03281,9108,4454,4654,47.5,1941,7167,1133
03282,1083,622,461,47.3,219,864,305
03284,798,486,312,51.3,97,701,124
03285,2715,1503,1212,45.9,536,2179,531
03287,1502,708,794,46.9,273,1229,297
03290,5119,2548,2571,42.2,1120,3999,1008
03291,134,34,100,5.5,100,34,0
03293,57,30,27,45.9,3,54,21
03301,33986,17583,16403,40.3,5689,28297,6604
03303,16118,8280,7838,40.9,3318,12800,2591
03304,8235,4045,4190,41.7,2089,6146,1356
03307,5638,2777,2861,51.3,804,4834,1263
03431,24891,12155,12736,36.7,3585,21306,4693
03440,2900,1560,1340,43.6,692,2208,466
03441,357,172,185,44.4,91,266,92
03442,1515,851,664,36.9,337,1178,210
03443,303,201,102,61,0,303,151
03444,1686,788,898,51.4,320,1366,440
03445,687,344,343,44,113,574,129
03446,6535,3153,3382,50.9,1205,5330,1622
03447,2287,1203,1084,51.6,285,2002,536
03448,871,452,419,44.3,149,722,180
03449,1785,902,883,55.3,236,1549,573
03450,977,461,516,56.6,149,828,291
03451,3965,2090,1875,50.9,586,3379,1058
03452,5363,2738,2625,43.8,1325,4038,869
03455,2292,1024,1268,41.9,549,1743,396
03456,803,364,439,47.7,195,608,198
03457,773,372,401,50.6,166,607,194
03458,6864,3517,3347,51.6,1175,5689,1951
03461,6446,3165,3281,35.8,1173,5273,1277
03462,1532,885,647,44.2,350,1182,326
03464,927,446,481,51.4,153,774,198
03465,1889,950,939,39.6,393,1496,329
03466,1742,914,828,40.6,387,1355,408
03467,2042,890,1152,55.6,311,1731,670
03470,4925,2404,2521,42.8,1036,3889,920
03561,6021,2864,3157,43.9,991,5030,1346
03570,9485,5621,3864,44.2,1542,7943,1811
03574,2528,1109,1419,54.3,364,2164,619
03575,0,0,0,-,0,0,0
03576,2660,1414,1246,56.3,355,2305,782
03579,417,222,195,62.6,51,366,169
03580,1425,740,685,58.4,169,1256,535
03581,3285,1643,1642,53,393,2892,964
03582,2062,954,1108,49.8,399,1663,495
03583,972,465,507,58.7,133,839,336
03584,3440,1697,1743,45.6,717,2723,790
03585,2557,1314,1243,48.9,517,2040,567
03586,633,247,386,60.4,68,565,192
03588,1609,844,765,51.8,258,1351,380
03590,1193,699,494,49.9,197,996,283
03592,1023,563,460,60,70,953,422
03593,408,234,174,55,35,373,131
03595,795,381,414,57.8,81,714,255
03597,670,289,381,44.1,94,576,183
03598,3463,1638,1825,49.9,588,2875,857
03601,478,253,225,31.5,175,303,56
03602,2364,1160,1204,51.1,395,1969,599
03603,5218,2585,2633,49.6,1034,4184,1347
03604,0,0,0,-,0,0,0
03605,934,448,486,42.8,233,701,181
03607,320,129,191,41.9,42,278,75
03608,3093,1509,1584,41.5,792,2301,667
03609,558,290,268,37.4,134,424,104
03740,1077,567,510,53.6,191,886,314
03741,4164,2039,2125,45.8,672,3492,783
03743,13647,6853,6794,44.4,2647,11000,2853
03745,1914,947,967,54.3,290,1624,554
03748,4547,2353,2194,52.3,640,3907,1262
03750,1035,557,478,38.5,433,602,108
03751,374,220,154,70.3,8,366,191
03752,1077,457,620,50.5,230,847,301
03753,3407,1468,1939,52.3,758,2649,864
03755,10170,4993,5177,26.2,1138,9032,1794
03765,469,172,297,49.7,82,387,86
03766,10334,5098,5236,39.4,1607,8727,2117
03768,1684,836,848,50.7,332,1352,447
03770,638,330,308,27.4,187,451,35
03771,856,496,360,50.7,177,679,218
03773,7758,4089,3669,46.4,932,6826,1567
03774,1770,816,954,51.9,250,1520,660
03777,1313,702,611,48.7,198,1115,332
03779,849,439,410,42.6,225,624,158
03780,637,387,250,58.3,65,572,137
03781,1840,850,990,45.9,354,1486,483
03782,3074,1801,1273,49.3,406,2668,719
03784,4181,1894,2287,36.4,577,3604,1035
03785,2154,984,1170,42.4,423,1731,417
03801,23102,11288,11814,42.9,3451,19651,4752
03809,3617,1885,1732,47,679,2938,722
03810,2286,1009,1277,54.2,271,2015,607
03811,7154,3749,3405,53.2,998,6156,1722
03812,979,576,403,57.8,5,974,345
03813,3655,1923,1732,57.1,511,3144,1391
03814,2507,1378,1129,45.5,393,2114,415
03816,1469,755,714,47.2,320,1149,388
03817,882,382,500,33.6,293,589,154
03818,3751,1962,1789,41.6,552,3199,844
03819,4234,1998,2236,44.9,904,3330,591
03820,32925,16341,16584,37.2,5609,27316,5434
03823,2213,1027,1186,37.7,584,1629,225
03824,15073,7271,7802,20.7,1463,13610,1464
03825,9339,4764,4575,39,2135,7204,1318
03826,3022,1420,1602,39.6,672,2350,417
03827,3164,1644,1520,51.1,567,2597,759
03830,1350,771,579,58.5,162,1188,419
03832,355,179,176,59.9,30,325,147
03833,22543,10500,12043,46.2,4252,18291,4952
03835,6777,3120,3657,42.6,1336,5441,956
03836,1336,629,707,58.8,218,1118,484
03837,1622,898,724,46.9,309,1313,303
03838,1097,594,503,57.2,123,974,406
03839,3856,1950,1906,39.9,839,3017,457
03840,4052,2098,1954,46.9,874,3178,826
03841,6227,2961,3266,51.2,1177,5050,1441
03842,16123,7899,8224,53.7,2303,13820,4423
03844,2375,1275,1100,46.2,454,1921,493
03845,1078,527,551,61.5,46,1032,434
03846,1144,492,652,53.8,214,930,274
03847,192,125,67,76.5,0,192,133
03848,6226,3385,2841,50.6,975,5251,1374
03849,1360,504,856,43.9,312,1048,278
03850,130,63,67,60.3,0,130,42
03851,4195,2212,1983,42.6,928,3267,604
03852,314,152,162,49.4,28,286,81
03853,824,399,425,66,35,789,453
03854,904,486,418,57.4,175,729,327
03855,2711,1380,1331,43.9,496,2215,473
03856,1985,1129,856,45.1,368,1617,230
03857,9400,4921,4479,38.5,1575,7825,1524
03858,4808,2394,2414,47,804,4004,764
03860,4040,1964,2076,46.1,639,3401,1079
03861,4547,2212,2335,48.1,1028,3519,1050
03862,4552,2221,2331,51.1,907,3645,1161
03864,1934,1096,838,59.1,165,1769,768
03865,7843,3754,4089,42.3,1637,6206,1327
03867,22349,11217,11132,44.2,4130,18219,4278
03868,6368,3284,3084,43.3,1403,4965,1296
03869,2427,950,1477,37.8,374,2053,411
03870,5170,2637,2533,55.4,891,4279,1554
03871,356,165,191,63.6,21,335,158
03872,4020,2107,1913,49.6,775,3245,862
03873,6536,3086,3450,38.8,1544,4992,740
03874,8614,4432,4182,50.4,1225,7389,2452
03875,1236,779,457,47.4,291,945,256
03878,12088,6132,5956,38.2,2154,9934,1794
03882,1760,771,989,39.1,389,1371,310
03883,583,297,286,32.6,165,418,35
03884,4261,2012,2249,51.1,774,3487,898
03885,7715,3611,4104,41.5,1758,5957,1416
03886,1278,613,665,46,225,1053,352
03887,1954,1007,947,38.7,349,1605,268
03890,51,14,37,35.6,18,33,9
03894,6528,3001,3527,56.7,843,5685,2259
03897,5,3,2,-,0,5,3
03901,7991,3858,4133,40.9,1951,6040,1451
03902,2607,1408,1199,43.9,677,1930,532
03903,6848,3469,3379,50.1,1154,5694,1729
03904,8113,3763,4350,51.5,927,7186,2214
03905,1990,930,1060,48.6,258,1732,495
03906,5003,2268,2735,45.9,1048,3955,1140
03907,1257,641,616,64.9,106,1151,625
03908,7521,3760,3761,40.5,1825,5696,1093
03909,10811,5113,5698,51.5,2079,8732,3001
03910,0,0,0,-,0,0,0
03911,315,157,158,60.8,0,315,155
04001,2671,1510,1161,53.4,349,2322,661
04002,7618,3943,3675,51.5,921,6697,1772
04003,123,68,55,61.8,8,115,51
04005,24590,12338,12252,37.2,3844,20746,4136
04006,75,39,36,70.6,0,75,58
04008,3083,1526,1557,46.2,607,2476,496
04009,5366,2693,2673,48,667,4699,1417
04010,1741,820,921,39.8,472,1269,316
04011,21691,10626,11065,41.3,4018,17673,4828
04015,3657,1754,1903,51.1,522,3135,925
04017,597,289,308,55.6,117,480,237
04019,55,16,39,67.6,0,55,32
04020,1881,1031,850,41.1,343,1538,329
04021,6633,3249,3384,39.4,1815,4818,950
04022,1131,550,581,51.6,178,953,268
04024,432,208,224,53.5,78,354,142
04027,6499,3048,3451,38.7,1672,4827,726
04029,2011,1215,796,38.5,351,1660,346
04030,2473,1070,1403,34.6,520,1953,380
04032,8700,4105,4595,47.5,1776,6924,2153
04037,3820,1883,1937,47.5,797,3023,863
04038,17999,8408,9591,36.5,4122,13877,2694
04039,7893,4056,3837,41.2,1510,6383,1378
04040,3044,1530,1514,53.9,427,2617,815
04041,1644,745,899,38.9,373,1271,230
04042,4766,2369,2397,46.8,827,3939,685
04043,11566,5649,5917,54.9,2012,9554,3721
04046,7965,3866,4099,50.2,1304,6661,1911
04047,1720,863,857,44,436,1284,279
04048,3244,1731,1513,39.9,619,2625,574
04049,3920,2021,1899,47.8,545,3375,856
04050,282,121,161,44.1,64,218,71
04051,1436,671,765,52.2,179,1257,308
04055,3928,2260,1668,51.2,689,3239,986
04056,106,48,58,61.2,17,89,13
04057,105,105,0,20.1,5,100,0
04061,2909,1640,1269,34.5,885,2024,130
04062,18648,9614,9034,41.8,3329,15319,2936
04063,617,246,371,69.3,0,617,440
04064,8423,4139,4284,55.8,614,7809,2264
04066,644,267,377,62.5,24,620,262
04068,1497,756,741,47.2,260,1237,355
04069,1600,796,804,43.5,359,1241,338
04071,4958,2437,2521,47.5,885,4073,1181
04072,20446,10006,10440,43.2,3598,16848,3520
04073,17389,8213,9176,39,4101,13288,3014
04074,22098,10665,11433,47.3,3986,18112,5059
04076,2926,1492,1434,42.9,668,2258,538
04079,4250,1932,2318,60.7,534,3716,1585
04083,4597,2316,2281,41.6,1055,3542,947
04084,7345,3630,3715,41.2,1038,6307,1466
04085,3107,1320,1787,41.5,933,2174,268
04086,9566,4491,5075,47.4,1783,7783,2284
04087,2597,1189,1408,46.1,599,1998,519
04088,1127,589,538,53.5,123,1004,330
04090,11365,5464,5901,50.9,2112,9253,3330
04091,740,390,350,48.4,95,645,138
04092,20339,9813,10526,37.7,3356,16983,3617
04093,8408,4185,4223,44.7,1422,6986,1535
04095,1464,859,605,49.1,213,1251,344
04096,8984,4256,4728,41.3,2366,6618,1439
04097,4106,2102,2004,47.8,924,3182,609
04101,17832,9088,8744,36.7,1367,16465,2861
04102,17501,8505,8996,36.7,2635,14866,2343
04103,31892,14974,16918,37.9,6102,25790,5872
04105,12436,6060,6376,47.5,3138,9298,2808
04106,26873,12896,13977,41.3,4227,22646,5448
04107,9519,4488,5031,48.6,2214,7305,2319
04108,859,392,467,59.3,57,802,287
04109,141,80,61,71.5,3,138,109
04110,1810,908,902,47.5,449,1361,393
04210,24038,11538,12500,39.4,5053,18985,4486
04216,622,266,356,54.9,85,537,195
04217,3364,1782,1582,47.7,605,2759,826
04219,1269,677,592,49.4,244,1025,328
04220,3445,1696,1749,39.6,777,2668,547
04221,1075,546,529,39.9,255,820,235
04222,4176,1917,2259,38.4,910,3266,555
04224,2872,1364,1508,45.8,422,2450,503
04226,81,39,42,58.4,0,81,34
04227,45,26,19,58,4,41,9
04231,282,128,154,57.9,28,254,111
04234,0,0,0,-,0,0,0
04236,4377,2281,2096,43.2,850,3527,812
04237,234,147,87,52.7,44,190,37
04238,1260,662,598,42.2,244,1016,155
04239,4637,2402,2235,40.5,622,4015,763
04240,37577,18508,19069,39.5,7513,30064,6971
04250,4698,2459,2239,36.9,1241,3457,599
04252,4971,2482,2489,40.8,1105,3866,837
04253,1873,896,977,47.2,399,1474,352
04254,3061,1614,1447,38.4,803,2258,537
04255,687,363,324,51.2,50,637,177
04256,3094,1538,1556,35.8,919,2175,432
04257,2758,1340,1418,48,450,2308,630
04258,2760,1286,1474,49.7,483,2277,564
04259,3410,1827,1583,46.3,615,2795,566
04260,5705,3018,2687,43.7,1248,4457,810
04261,311,171,140,60.6,31,280,130
04263,2267,1139,1128,37.7,661,1606,318
04265,697,410,287,44.6,147,550,109
04267,36,22,14,60.4,4,32,14
04268,5113,2460,2653,49.5,897,4216,1225
04270,6127,3173,2954,46.7,1055,5072,1229
04271,0,0,0,-,0,0,0
04274,5883,3002,2881,46,1291,4592,1137
04275,746,410,336,56.6,103,643,154
04276,5871,3080,2791,51.6,819,5052,1402
04280,6935,3393,3542,43.1,1369,5566,1172
04281,5226,2606,2620,45.5,1070,4156,1562
04282,5822,2802,3020,48.3,1035,4787,1495
04284,1069,497,572,48.1,176,893,298
04285,398,236,162,64.2,48,350,182
04286,0,0,0,-,0,0,0
04287,3158,1606,1552,44.9,631,2527,561
04289,1980,1022,958,47.9,342,1638,498
04290,1620,814,806,49.4,253,1367,324
04292,1000,502,498,47.7,204,796,231
04294,3949,1888,2061,41.4,1020,2929,739
04330,26394,12617,13777,44.3,4842,21552,5720
04341,38,11,27,85.9,0,38,38
04342,1814,883,931,47.3,384,1430,313
04344,2988,1446,1542,40.9,714,2274,602
04345,12282,5973,6309,43.9,2219,10063,2418
04346,1522,730,792,50.2,272,1250,463
04347,2558,1217,1341,49.5,321,2237,776
04348,3508,1950,1558,37.1,895,2613,693
04349,1302,595,707,60.4,181,1121,548
04350,3605,1839,1766,48.3,560,3045,762
04351,2387,1155,1232,47.4,486,1901,457
04352,1618,802,816,48.7,343,1275,398
04353,2269,1106,1163,45,490,1779,459
04354,1447,653,794,44.7,289,1158,263
04355,2616,1413,1203,45,549,2067,480
04357,3536,1876,1660,36.4,831,2705,562
04358,4434,2196,2238,40.4,910,3524,574
04359,326,223,103,56.3,1,325,69
04360,642,357,285,38.5,152,490,96
04363,2643,1242,1401,44,528,2115,364
04364,6138,3066,3072,41.8,1516,4622,1162
04401,44285,21073,23212,40.4,8267,36018,8038
04406,671,377,294,52.6,57,614,164
04408,196,116,80,51.9,34,162,52
04410,1090,583,507,50.2,185,905,192
04411,1693,858,835,41,332,1361,324
04412,9633,4410,5223,39,1987,7646,1814
04413,170,94,76,62.5,30,140,71
04414,1759,951,808,56.5,279,1480,586
04415,271,170,101,49.6,66,205,93
04416,5586,2764,2822,40.9,1277,4309,1366
04417,407,176,231,61.9,61,346,157
04418,1785,911,874,38.8,387,1398,207
04419,2902,1460,1442,43.4,525,2377,512
04421,1289,800,489,20.8,134,1155,220
04422,1094,633,461,45.4,215,879,123
04424,953,469,484,51.9,134,819,281
04426,4903,2222,2681,44.8,968,3935,1314
04427,2916,1482,1434,41.8,747,2169,411
04428,3500,1830,1670,48.5,687,2813,675
04429,4924,2676,2248,47.7,859,4065,830
04430,1541,733,808,45.9,330,1211,348
04431,61,20,41,42,16,45,30
04434,1200,679,521,41.7,228,972,219
04435,1170,629,541,52.8,112,1058,304
04438,1323,648,675,43,283,1040,222
04441,1761,958,803,60.1,208,1553,565
04442,135,78,57,59.1,0,135,64
04443,2162,1125,1037,52,426,1736,543
04444,9303,4618,4685,42.2,2330,6973,1715
04448,1397,692,705,44.6,275,1122,310
04449,1127,589,538,47.3,182,945,183
04450,1370,647,723,50.2,177,1193,230
04451,265,155,110,61.4,30,235,95
04453,870,461,409,43.4,209,661,151
04454,5,3,2,-,0,5,5
04455,814,393,421,48,186,628,180
04456,2965,1607,1358,39.7,628,2337,537
04457,5794,2779,3015,52.3,835,4959,1795
04459,688,356,332,53.1,101,587,121
04460,1200,580,620,53.9,196,1004,288
04461,3073,1798,1275,41.4,592,2481,438
04462,4506,2154,2352,58.5,600,3906,1635
04463,2678,1332,1346,45.6,436,2242,532
04464,493,289,204,57.9,106,387,170
04468,9234,4536,4698,40,1516,7718,1557
04469,2958,1489,1469,19.5,11,2947,0
04471,585,314,271,56.1,95,490,196
04472,1891,1000,891,51.8,256,1635,478
04473,8171,4333,3838,29,765,7406,1387
04474,3820,1877,1943,49.4,694,3126,884
04475,505,294,211,43.3,115,390,107
04476,1091,478,613,52.9,183,908,370
04478,507,226,281,65.2,33,474,270
04479,1141,586,555,52,144,997,281
04481,548,262,286,47.9,117,431,121
04485,183,107,76,41.6,27,156,46
04487,812,459,353,54.1,76,736,200
04488,1293,639,654,42.3,307,986,187
04489,327,227,100,24.1,60,267,62
04490,238,133,105,60.3,33,205,99
04491,154,76,78,58.3,11,143,45
04492,97,56,41,53.4,23,74,23
04493,1823,894,929,51.1,298,1525,521
04495,349,181,168,52.4,70,279,88
04496,3837,2016,1821,45.3,759,3078,688
04497,345,195,150,58.1,31,314,101
04530,11584,5795,5789,45.1,2158,9426,2712
04535,747,352,395,37.9,246,501,119
04537,1438,772,666,57,167,1271,455
04538,1737,676,1061,62.8,170,1567,768
04539,1424,654,770,58.8,224,1200,515
04541,55,30,25,68.1,0,55,28
04543,2257,1019,1238,41.7,536,1721,667
04544,1057,450,607,61,160,897,466
04547,1145,538,607,56.9,193,952,469
04548,868,456,412,58.8,85,783,310
04551,815,360,455,51.1,159,656,286
04553,1766,889,877,50.1,321,1445,395
04554,676,349,327,66.3,75,601,389
04555,1554,754,800,49.9,184,1370,455
04556,1314,582,732,47.2,183,1131,313
04558,276,133,143,64.4,6,270,125
04562,1961,910,1051,54,193,1768,637
04563,1464,786,678,56,251,1213,367
04564,436,216,220,58.2,60,376,112
04568,516,249,267,50.5,60,456,149
04570,0,0,0,-,0,0,0
04571,552,288,264,68.2,57,495,335
04572,5178,2510,2668,53.7,770,4408,1384
04573,460,218,242,42.4,56,404,143
04574,1711,890,821,43.8,275,1436,302
04575,336,168,168,40.3,98,238,65
04576,467,218,249,68.5,35,432,269
04578,4657,2623,2034,48.2,664,3993,1080
04579,3112,1570,1542,52.7,474,2638,1049
04605,14686,7135,7551,44.2,2767,11919,3232
04606,1192,599,593,54.7,208,984,365
04607,1308,638,670,50.1,233,1075,395
04609,5161,2664,2497,49,696,4465,1249
04611,513,279,234,41.6,76,437,149
04612,490,231,259,54.4,80,410,167
04613,93,42,51,65.1,0,93,47
04614,2797,1214,1583,48.9,586,2211,626
04616,745,368,377,56.2,98,647,228
04617,725,357,368,54.9,130,595,268
04619,3078,1475,1603,49.9,436,2642,876
04622,868,458,410,53.6,122,746,175
04623,1124,574,550,41.6,308,816,228
04624,136,71,65,71.6,0,136,106
04625,52,20,32,49.5,9,43,19
04626,517,256,261,39.2,159,358,109
04627,2044,1031,1013,56.2,237,1807,591
04628,501,252,249,51.7,82,419,111
04630,1377,683,694,43.3,307,1070,184
04631,1211,531,680,63.9,152,1059,542
04634,1964,976,988,53,275,1689,586
04635,10,7,3,68.5,0,10,6
04640,2432,1190,1242,50.2,372,2060,705
04642,159,68,91,65.6,5,154,87
04643,845,423,422,47.4,156,689,220
04645,43,28,15,71.3,0,43,40
04646,100,47,53,47.5,14,86,18
04648,593,314,279,40.9,135,458,101
04649,1206,642,564,45.8,209,997,314
04650,280,138,142,65.3,51,229,141
04652,1461,685,776,62.1,180,1281,623
04653,700,322,378,38.6,132,568,115
04654,3385,1648,1737,42.2,724,2661,732
04655,924,478,446,47.9,112,812,241
04657,322,150,172,53.1,47,275,100
04658,1369,668,701,49.1,239,1130,405
04660,1102,499,603,56.7,151,951,339
04662,487,250,237,56.4,53,434,101
04664,1515,748,767,38.5,336,1179,261
04666,1324,599,725,44.8,294,1030,318
04667,1324,715,609,40.8,332,992,216
04668,1741,837,904,43.4,453,1288,412
04669,144,63,81,69.2,8,136,81
04671,626,309,317,49.8,73,553,194
04673,186,103,83,56.5,29,157,52
04674,313,136,177,36.8,59,254,41
04675,83,24,59,57.7,5,78,30
04676,1169,596,573,48.6,176,993,271
04677,286,122,164,37.8,28,258,81
04679,1496,648,848,57.3,209,1287,500
04680,1248,663,585,45.9,276,972,197
04681,826,420,406,56,96,730,253
04683,0,0,0,-,0,0,0
04684,1756,871,885,54.4,183,1573,581
04685,417,225,192,58.3,47,370,106
04686,191,103,88,57.3,20,171,75
04691,515,262,253,49.9,68,447,137
04693,434,187,247,66,20,414,222
04694,2352,1117,1235,42.5,481,1871,425
04730,10092,4976,5116,43.3,2142,7950,2050
04732,1584,833,751,48.2,214,1370,409
04733,483,288,195,18.5,229,254,78
04734,832,432,400,47.4,168,664,185
04735,483,277,206,49.1,88,395,123
04736,9022,4671,4351,51.1,1540,7482,2226
04737,0,0,0,-,0,0,0
04739,791,386,405,62.2,100,691,357
04740,1341,778,563,57.3,210,1131,364
04742,3323,1790,1533,49.8,557,2766,961
04743,4701,2143,2558,43.5,930,3771,989
04745,872,471,401,54.4,129,743,209
04746,392,202,190,57.8,39,353,126
04747,1295,619,676,49.6,278,1017,335
04750,1926,1016,910,41.4,464,1462,347
04756,3190,1666,1524,54.7,471,2719,1001
04757,2635,1287,1348,45,581,2054,535
04758,1438,639,799,44.1,324,1114,386
04760,713,338,375,54,97,616,210
04761,465,203,262,49.3,118,347,126
04762,505,247,258,49.3,108,397,140
04763,656,321,335,57.1,59,597,210
04764,14,12,2,60.8,0,14,3
04765,1030,506,524,56.4,189,841,354
04766,327,178,149,58.7,37,290,94
04768,397,212,185,63.8,41,356,185
04769,8772,4151,4621,44.5,1643,7129,1936
04772,885,413,472,59.4,128,757,293
04773,691,312,379,52.9,113,578,156
04774,609,303,306,56,93,516,231
04776,955,507,448,37.6,256,699,208
04777,427,215,212,45.2,81,346,87
04779,333,162,171,68.5,6,327,191
04780,899,447,452,33.8,301,598,158
04781,513,220,293,53.4,74,439,182
04783,458,234,224,57.6,44,414,124
04785,2169,954,1215,55.6,326,1843,747
04786,1623,848,775,51.3,272,1351,436
04787,484,241,243,45.8,39,445,99
04841,6986,3142,3844,45.3,1181,5805,1618
04843,5221,2640,2581,51.3,1092,4129,1795
04847,1795,791,1004,44.6,387,1408,358
04848,617,306,311,62.6,86,531,281
04849,3808,1950,1858,52.1,639,3169,1081
04851,95,48,47,66.1,4,91,58
04852,119,78,41,42.6,19,100,13
04853,448,248,200,44.5,88,360,121
04854,1440,748,692,51.8,221,1219,449
04855,266,163,103,69.3,0,266,166
04856,3636,1806,1830,45.5,673,2963,777
04858,1371,615,756,48.8,201,1170,423
04859,781,391,390,64.5,103,678,379
04860,1590,758,832,61,196,1394,670
04861,2753,1439,1314,53.6,489,2264,814
04862,4130,1876,2254,42.5,1006,3124,1008
04863,981,510,471,64.3,97,884,474
04864,4873,3109,1764,46.2,594,4279,492
04901,26463,12864,13599,38.5,5040,21423,4943
04910,2311,1202,1109,48.8,403,1908,493
04911,1849,1108,741,44.5,380,1469,260
04912,783,422,361,45.7,152,631,163
04915,9078,4130,4948,54.8,1472,7606,2921
04917,3258,1634,1624,53,727,2531,871
04918,0,0,0,-,0,0,0
04920,1688,959,729,55.2,246,1442,592
04921,1586,779,807,46.5,228,1358,280
04922,829,422,407,53.9,115,714,235
04923,522,221,301,39,101,421,114
04924,2191,1223,968,44.2,554,1637,410
04925,16,8,8,52,0,16,8
04926,0,0,0,-,0,0,0
04927,3381,1546,1835,51.3,405,2976,783
04928,1925,1063,862,45.6,331,1594,368
04929,788,380,408,47.5,141,647,92
04930,4226,2020,2206,51.7,660,3566,887
04932,1186,610,576,51.3,164,1022,192
04936,179,86,93,42.1,42,137,60
04937,6397,3110,3287,43.7,1316,5081,913
04938,10261,4668,5593,43.5,1567,8694,2602
04939,817,411,406,57,127,690,212
04940,0,0,0,-,0,0,0
04941,1736,888,848,42.9,317,1419,365
04942,1101,612,489,53.7,146,955,312
04943,1656,848,808,50.4,327,1329,328
04944,78,47,31,61.8,1,77,0
04945,1242,640,602,53.6,152,1090,327
04947,1588,912,676,56.5,215,1373,524
04949,884,452,432,44.9,189,695,191
04950,4738,2290,2448,52.4,524,4214,1312
04951,1079,537,542,46.5,219,860,215
04952,1730,936,794,43.7,400,1330,367
04953,3143,1639,1504,50.2,496,2647,786
04955,1449,704,745,46.2,300,1149,344
04956,691,337,354,39.1,163,528,129
04957,4025,2073,1952,41.7,549,3476,716
04958,2198,1120,1078,49,359,1839,596
04961,732,334,398,55.7,148,584,225
04963,7376,3634,3742,46,1575,5801,1550
04964,114,73,41,71.4,8,106,85
04965,2147,963,1184,36.4,662,1485,332
04966,1651,874,777,47.3,325,1326,394
04967,3924,1822,2102,36.8,949,2975,643
04969,1319,645,674,39.8,325,994,267
04970,1507,742,765,57.3,210,1297,389
04971,1822,861,961,44,457,1365,433
04973,1415,761,654,48,164,1251,334
04974,2649,1310,1339,43.1,338,2311,676
04975,36,11,25,68.7,0,36,36
04976,10036,4917,5119,45.8,1914,8122,2580
04978,943,489,454,55.1,111,832,283
04979,830,409,421,54.1,107,723,257
04981,2479,1265,1214,50.2,393,2086,617
04982,328,138,190,48.1,57,271,56
04983,1594,728,866,47.6,310,1284,360
04984,735,461,274,39.8,220,515,142
04985,153,58,95,37.9,26,127,31
04986,2382,1352,1030,30.8,859,1523,268
04987,962,426,536,47.8,176,786,227
04988,1988,980,1008,31.5,268,1720,277
04989,4526,2181,2345,49.8,909,3617,1083
04992,0,0,0,-,0,0,0
05001,9644,4482,5162,41.2,1913,7731,2001
05009,0,0,0,-,0,0,0
05030,101,61,40,64.5,0,101,31
05031,42,22,20,70.6,0,42,42
05032,2894,1455,1439,39.5,709,2185,431
05033,3021,1591,1430,44.4,623,2398,672
05034,133,64,69,62,0,133,41
05035,757,378,379,52.6,113,644,163
05036,1164,596,568,53.4,183,981,380
05037,853,537,316,56.5,137,716,281
05038,1435,732,703,42.1,349,1086,306
05039,1053,497,556,48.6,131,922,235
05040,652,351,301,47,128,524,232
05041,224,94,130,26.4,102,122,12
05042,669,299,370,56.9,118,551,256
05043,1131,568,563,43.2,218,913,149
05045,1768,835,933,53.8,190,1578,536
05046,1323,632,691,42.8,208,1115,283
05048,2649,1467,1182,49.7,622,2027,627
05050,118,71,47,33.5,25,93,6
05051,1232,532,700,42.5,248,984,253
05052,358,182,176,57.2,68,290,72
05053,294,138,156,43.2,80,214,26
05055,3404,1729,1675,41.6,779,2625,484
05056,454,205,249,42.8,74,380,81
05058,138,61,77,59.3,15,123,52
05059,419,136,283,70.3,35,384,235
05060,4201,2229,1972,50.5,605,3596,1112
05061,1821,875,946,30.6,360,1461,433
05062,498,251,247,47.5,79,419,118
05065,1116,572,544,45.1,252,864,237
05067,142,64,78,63.2,15,127,53
05068,2910,1400,1510,49.7,424,2486,761
05069,606,302,304,54.5,124,482,110
05070,457,206,251,51.7,93,364,144
05071,139,60,79,65.8,0,139,78
05072,622,262,360,51.4,169,453,125
05073,22,10,12,-,0,22,0
05075,1200,641,559,46.6,215,985,271
05076,516,283,233,46.4,78,438,79
05077,1112,577,535,42.9,232,880,165
05079,863,467,396,46.8,142,721,212
05081,553,287,266,46.7,125,428,140
05083,259,105,154,54.8,48,211,69
05084,176,121,55,55.8,34,142,27
05086,563,290,273,37.3,123,440,116
05088,827,345,482,46,87,740,152
05089,4403,1887,2516,47.2,734,3669,1364
05091,3426,1744,1682,56.2,562,2864,1071
05101,4095,1731,2364,46,806,3289,998
05141,121,59,62,73.2,0,121,86
05142,746,400,346,41.1,178,568,169
05143,4967,2474,2493,48.1,864,4103,1313
05146,652,324,328,55.8,74,578,179
05148,1458,772,686,51.8,179,1279,331
05149,2241,1097,1144,46.6,442,1799,568
05150,424,279,145,63.5,0,424,195
05151,1491,820,671,50.6,292,1199,355
05152,444,197,247,46.4,44,400,78
05153,801,407,394,50.9,177,624,141
05154,585,324,261,46,141,444,128
05155,709,362,347,55.2,60,649,241
05156,9307,4653,4654,45.9,1328,7979,2121
05158,1148,645,503,45.1,287,861,259
05161,800,462,338,56.4,146,654,309
05201,14901,7079,7822,46.3,2678,12223,3481
05250,3865,1837,2028,46.6,735,3130,798
05251,1330,695,635,50.1,239,1091,352
05252,627,293,334,37.2,193,434,59
05253,588,281,307,50.5,74,514,121
05254,439,225,214,62.1,25,414,98
05255,4100,1819,2281,50.8,837,3263,1054
05257,3022,1522,1500,37.3,530,2492,782
05260,263,101,162,72.5,32,231,161
05261,2354,1341,1013,41,578,1776,477
05262,1949,1018,931,49.6,448,1501,416
05301,16673,7816,8857,46.8,2938,13735,4198
05340,748,461,287,47.7,163,585,167
05341,593,254,339,45.3,153,440,151
05342,612,360,252,52.8,118,494,96
05343,1056,547,509,47.6,214,842,249
05344,511,343,168,20.1,0,511,0
05345,1757,848,909,51.1,248,1509,422
05346,5262,2679,2583,46.5,944,4318,1123
05350,765,364,401,50.1,75,690,149
05351,184,90,94,53.8,30,154,59
05352,987,513,474,50.9,209,778,211
05353,1434,806,628,58.1,127,1307,328
05354,2548,1375,1173,40.7,357,2191,544
05355,717,378,339,54.9,119,598,202
05356,634,340,294,56.8,34,600,231
05358,425,278,147,34.8,114,311,74
05359,669,345,324,41.4,133,536,134
05360,428,234,194,32.1,87,341,45
05361,978,404,574,37.9,288,690,218
05362,186,98,88,57.3,13,173,52
05363,1919,987,932,54.7,261,1658,552
05401,32019,15207,16812,25.9,3219,28800,2829
05403,20177,9743,10434,38.7,3787,16390,3302
05404,8082,4585,3497,32.3,1172,6910,869
05405,2575,899,1676,19.2,3,2572,0
05408,10067,4763,5304,46,1690,8377,2339
05439,1340,625,715,19.6,9,1331,0
05440,1857,930,927,50,247,1610,417
05441,611,308,303,50.4,51,560,130
05442,402,208,194,44.1,77,325,41
05443,6360,3038,3322,47.3,1102,5258,1247
05444,1646,816,830,41.6,359,1287,242
05445,3910,1835,2075,50.1,798,3112,875
05446,16292,8756,7536,38.9,3270,13022,2456
05447,106,57,49,27.4,31,75,8
05448,845,402,443,45.2,145,700,186
05450,5306,2658,2648,41.4,1228,4078,1005
05452,22338,10735,11603,42.2,4735,17603,4160
05454,5255,2725,2530,39,1426,3829,499
05455,1312,717,595,41.1,327,985,180
05456,949,548,401,44.8,157,792,156
05457,1622,899,723,39.8,404,1218,224
05458,2254,1141,1113,42.6,466,1788,316
05459,1835,1103,732,36.3,283,1552,389
05461,4866,2487,2379,47.8,933,3933,1170
05462,1782,921,861,47.8,315,1467,258
05463,551,279,272,48.9,114,437,161
05464,3014,1403,1611,36.5,739,2275,379
05465,5589,2661,2928,45.3,1231,4358,893
05468,13254,6805,6449,40.1,2806,10448,1852
05471,693,298,395,43.9,124,569,171
05472,1937,1024,913,49.1,299,1638,466
05473,1516,837,679,46.1,251,1265,323
05474,1157,641,516,59.6,163,994,321
05476,3254,1685,1569,38.6,803,2451,571
05477,4389,2255,2134,43.5,908,3481,753
05478,16034,7744,8290,40.5,3042,12992,2955
05481,0,0,0,-,0,0,0
05482,7800,3594,4206,48.1,1540,6260,2262
05483,1746,973,773,41.8,466,1280,239
05485,0,0,0,-,0,0,0
05486,1516,776,740,51,273,1243,385
05487,1736,957,779,37.1,422,1314,248
05488,7984,4014,3970,43.4,1638,6346,1346
05489,3652,1897,1755,39.8,935,2717,657
05491,5880,2877,3003,46.1,1008,4872,1235
05492,774,419,355,48,125,649,138
05494,1614,855,759,45.4,283,1331,296
05495,10888,5478,5410,43.7,2332,8556,2046
05602,12572,5713,6859,45.7,2321,10251,2988
05640,251,105,146,16.9,130,121,24
05641,16860,8332,8528,45.5,3114,13746,3187
05647,1214,668,546,43.1,327,887,269
05648,569,306,263,42,80,489,151
05649,377,206,171,44.8,71,306,40
05650,902,420,482,45.4,199,703,201
05651,1546,725,821,37.7,375,1171,267
05652,727,347,380,41.6,123,604,103
05653,608,317,291,42,110,498,92
05654,1229,645,584,32.7,194,1035,115
05655,3022,1513,1509,41.9,642,2380,518
05656,3491,1686,1805,30,740,2751,343
05658,1521,805,716,41.2,382,1139,288
05660,1909,998,911,49.5,313,1596,391
05661,6081,3102,2979,43,913,5168,1237
05663,6727,3596,3131,34.9,819,5908,1293
05664,0,0,0,-,0,0,0
05666,36,16,20,75.1,0,36,19
05667,2257,1177,1080,45.2,420,1837,428
05669,918,515,403,38.4,266,652,152
05670,31,0,31,-,0,31,0
05672,5214,2600,2614,49.8,1117,4097,1469
05673,2284,1068,1216,48.6,302,1982,582
05674,1736,884,852,52.2,188,1548,458
05675,928,429,499,52,109,819,226
05676,4776,2334,2442,40.5,944,3832,885
05677,2357,1323,1034,46.8,432,1925,408
05678,84,24,60,39.7,35,49,0
05679,3072,1661,1411,43.5,604,2468,483
05680,2016,1127,889,40.1,495,1521,239
05681,150,67,83,58.5,28,122,57
05682,1238,641,597,44.6,230,1008,254
05701,20469,10599,9870,49.6,3031,17438,5172
05730,412,206,206,63.7,76,336,189
05731,0,0,0,-,0,0,0
05732,1267,447,820,49.5,233,1034,258
05733,6038,2961,3077,49.3,1235,4803,1374
05734,1289,663,626,49.1,160,1129,307
05735,3646,1881,1765,35.4,522,3124,809
05736,512,227,285,47.2,89,423,107
05737,566,282,284,44.5,113,453,121
05738,1331,678,653,42.2,341,990,293
05739,1299,671,628,49.2,267,1032,382
05742,699,320,379,41.8,141,558,153
05743,4129,2136,1993,41.8,859,3270,716
05744,436,211,225,47.9,49,387,40
05746,0,0,0,-,0,0,0
05747,313,168,145,42.3,60,253,63
05748,480,300,180,31.4,102,378,93
05751,766,371,395,46.3,143,623,124
05753,10927,5357,5570,35.4,1464,9463,2387
05757,748,337,411,56.6,134,614,203
05758,661,317,344,48.7,128,533,155
05759,2038,965,1073,44.9,363,1675,417
05760,829,421,408,56.8,118,711,245
05761,1056,456,600,50.3,220,836,320
05762,436,191,245,51.8,76,360,113
05763,3009,1510,1499,50.7,574,2435,825
05764,3079,1687,1392,42.5,422,2657,671
05765,1852,901,951,43.7,405,1447,379
05766,494,235,259,50.6,82,412,145
05767,1301,621,680,55.6,112,1189,493
05768,41,23,18,70.1,9,32,26
05769,1186,610,576,51.1,185,1001,350
05770,1170,520,650,52,210,960,299
05772,760,360,400,47.8,144,616,156
05773,2531,1196,1335,35.8,678,1853,412
05774,921,496,425,52,88,833,262
05775,620,330,290,51.2,78,542,166
05776,346,176,170,51,81,265,110
05777,3372,1550,1822,47.5,616,2756,820
05778,1027,533,494,38.9,192,835,143
05819,9383,4861,4522,46,1999,7384,2064
05820,395,218,177,42,83,312,69
05821,949,411,538,47.5,204,745,271
05822,1924,975,949,52.4,298,1626,584
05824,1202,575,627,49,175,1027,259
05825,49,10,39,26.9,15,34,4
05826,770,395,375,43.9,201,569,214
05827,546,278,268,41.8,119,427,192
05828,2102,1014,1088,51.8,408,1694,493
05829,1683,713,970,58.4,281,1402,609
05830,1372,667,705,51.2,306,1066,331
05832,1157,586,571,38.5,315,842,174
05833,38,21,17,68,0,38,22
05836,1371,661,710,39,313,1058,258
05837,352,204,148,47,77,275,99
05839,639,345,294,50.5,142,497,119
05840,53,29,24,62.8,0,53,23
05841,343,176,167,62.7,6,337,165
05842,509,252,257,42.5,114,395,83
05843,2414,1161,1253,48.7,393,2021,675
05845,1318,735,583,45.3,358,960,235
05846,1225,594,631,54.2,163,1062,383
05847,1003,540,463,35.6,269,734,112
05850,308,191,117,30.3,60,248,77
05851,5933,3055,2878,42.8,927,5006,1091
05853,803,427,376,45.8,153,650,197
05855,7638,3956,3682,44.5,1210,6428,1754
05857,1490,723,767,40,240,1250,336
05858,290,130,160,40.6,65,225,64
05859,2164,1111,1053,43.2,427,1737,334
05860,2848,1424,1424,40.9,703,2145,498
05862,349,153,196,57,53,296,115
05866,780,438,342,45,137,643,143
05867,598,300,298,42.8,144,454,115
05868,72,28,44,61.3,0,72,22
05871,1306,634,672,47.9,235,1071,371
05872,893,411,482,46.5,168,725,213
05873,672,356,316,50,71,601,135
05874,656,341,315,44.1,173,483,156
05875,440,219,221,50.3,75,365,143
05901,0,0,0,-,0,0,0
05902,131,64,67,56.4,30,101,43
05903,596,256,340,54.9,73,523,192
05904,239,140,99,47.6,45,194,55
05905,943,519,424,53.8,159,784,297
05906,1328,703,625,48.2,274,1054,284
05907,122,68,54,54.3,16,106,28
06001,19119,9211,9908,45.9,4439,14680,4020
06002,21460,9807,11653,46.8,3323,18137,5228
06010,61077,30265,30812,37.5,13027,48050,9426
06013,9557,4758,4799,39,2530,7027,1187
06016,6677,3068,3609,41.1,1203,5474,1158
06018,2678,1359,1319,38.5,689,1989,516
06019,9782,4878,4904,47,2158,7624,2192
06020,38,19,19,-,0,38,38
06021,1594,802,792,53.5,260,1334,358
06022,76,51,25,40.5,26,50,0
06023,1576,678,898,50,265,1311,322
06024,534,240,294,60.1,82,452,135
06026,5154,2132,3022,40.7,1426,3728,989
06027,1230,624,606,55,194,1036,260
06029,16519,8449,8070,40.1,3807,12712,2985
06031,1426,725,701,51.9,207,1219,304
06032,18540,8896,9644,44.3,3440,15100,4120
06033,29251,14171,15080,44.9,5781,23470,6124
06035,7810,4069,3741,45.7,1432,6378,1536
06037,18573,9175,9398,47.7,3828,14745,4284
06039,1878,866,1012,54.6,330,1548,470
06040,36847,17881,18966,36.3,8017,28830,5737
06042,22663,11132,11531,37.8,4256,18407,3612
06043,4851,2468,2383,45.8,889,3962,976
06051,31711,14770,16941,32.4,8295,23416,3653
06052,8207,3893,4314,39,1713,6494,1341
06053,34405,17366,17039,33.2,7407,26998,4694
06057,6078,3182,2896,48.2,1235,4843,918
06058,1975,949,1026,46.6,401,1574,434
06059,229,137,92,44,112,117,9
06060,2331,1196,1135,43.8,653,1678,551
06061,602,222,380,32.9,188,414,186
06062,17537,9042,8495,42.6,3017,14520,3414
06063,3320,1734,1586,45.5,661,2659,661
06065,723,329,394,54.5,126,597,253
06066,30289,14976,15313,39.2,5360,24929,5209
06067,20705,10146,10559,43.7,3652,17053,4414
06068,2074,837,1237,47.1,565,1509,726
06069,2534,1351,1183,51.7,346,2188,825
06070,15023,7039,7984,45.4,3806,11217,3131
06071,10495,5588,4907,45.4,2211,8284,2079
06072,0,0,0,-,0,0,0
06073,5854,2846,3008,44.6,1499,4355,1156
06074,26805,13414,13391,40.4,6367,20438,4202
06076,11949,5696,6253,47.5,2403,9546,2443
06078,10633,5322,5311,45.5,1995,8638,2079
06079,0,0,0,-,0,0,0
06080,1332,1332,0,39.4,0,1332,78
06081,1803,925,878,37.9,325,1478,121
06082,41346,21262,20084,40.2,8157,33189,7095
06084,14640,7279,7361,41.5,3390,11250,2412
06085,7537,3733,3804,41.3,1728,5809,1206
06088,4503,2325,2178,51.8,365,4138,1131
06089,3391,1686,1705,39.7,693,2698,596
06090,875,438,437,52.6,202,673,56
06091,185,112,73,46.8,18,167,50
06092,4400,1965,2435,43.2,1297,3103,614
06093,3711,1925,1786,42.9,739,2972,631
06095,29445,14297,15148,42.8,5720,23725,5299
06096,12563,5852,6711,42,2343,10220,2192
06098,10197,5236,4961,47.7,1626,8571,2557
06103,2419,1537,882,29,131,2288,108
06105,19002,9017,9985,35.7,3869,15133,2560
06106,38511,18988,19523,32.8,8657,29854,4659
06107,20717,9734,10983,40.5,5207,15510,3786
06108,24158,12046,12112,35.5,5525,18633,3026
06109,27192,13228,13964,44.2,5472,21720,5704
06110,12813,6123,6690,39.1,2877,9936,2282
06111,30458,14491,15967,44.7,5313,25145,6082
06112,21977,10218,11759,30.5,4530,17447,2729
06114,26077,12144,13933,35.4,6709,19368,2660
06117,15726,7528,8198,45.7,3285,12441,3604
06118,26784,12924,13860,38.9,5510,21274,4000
06119,14592,6921,7671,33.5,2673,11919,2189
06120,13479,6255,7224,31,4051,9428,1128
06226,19103,9232,9871,30.6,3168,15935,2422
06231,3739,1778,1961,47.9,706,3033,775
06232,3160,1545,1615,49.2,508,2652,560
06234,8430,4477,3953,42.6,1665,6765,1477
06235,2193,1067,1126,43.7,355,1838,332
06237,5280,2972,2308,53.5,669,4611,1340
06238,12254,6111,6143,45.8,2592,9662,2202
06239,11417,5349,6068,38.3,2474,8943,1960
06241,6776,3454,3322,39,1544,5232,1301
06242,1256,681,575,45.8,223,1033,241
06243,130,80,50,42.8,29,101,43
06247,2304,1284,1020,48.7,410,1894,458
06248,5388,2928,2460,45.5,1263,4125,956
06249,7145,3515,3630,47,1316,5829,1338
06250,6304,3071,3233,37.3,1386,4918,1254
06254,1892,920,972,43.3,470,1422,358
06255,4221,2061,2160,52,633,3588,929
06256,2273,1078,1195,43.9,397,1876,341
06258,95,68,27,20.1,15,80,0
06259,4391,2230,2161,45.5,985,3406,795
06260,9248,4250,4998,41,1936,7312,1492
06262,670,316,354,56.3,34,636,280
06263,217,108,109,32.5,84,133,15
06264,235,153,82,25.7,37,198,8
06266,227,97,130,56.1,11,216,67
06268,12961,5991,6970,21.7,1181,11780,1680
06269,8863,4048,4815,19.8,114,8749,59
06277,4328,2204,2124,41.8,831,3497,527
06278,4421,2140,2281,37.6,979,3442,625
06279,5586,3061,2525,36.7,732,4854,1184
06280,3337,1617,1720,48.7,483,2854,961
06281,7369,3728,3641,42.8,1656,5713,1145
06282,931,417,514,58.8,126,805,345
06320,27600,13363,14237,35.5,4553,23047,4063
06330,3305,1669,1636,40.1,737,2568,557
06331,5082,2592,2490,48.5,818,4264,981
06332,938,492,446,51.2,68,870,221
06333,7070,3308,3762,44.6,1707,5363,1101
06334,2343,1216,1127,47.5,464,1879,416
06335,6199,2998,3201,36,1853,4346,956
06336,67,44,23,40.3,32,35,4
06338,41,24,17,44.2,5,36,1
06339,9239,4951,4288,38.9,2210,7029,1495
06340,29672,16209,13463,33.1,5729,23943,4824
06350,82,35,47,62.3,6,76,31
06351,15695,7975,7720,48.6,3165,12530,2837
06353,75,75,0,-,0,75,0
06354,5331,2687,2644,35.7,978,4353,725
06355,12481,6416,6065,53.2,1964,10517,3717
06357,11530,5180,6350,55.2,1531,9999,3641
06359,5160,2664,2496,49.8,947,4213,1282
06360,37219,18743,18476,39.8,7608,29611,7024
06365,4719,2206,2513,41,1008,3711,894
06370,7839,4189,3650,39.6,1850,5989,1203
06371,9972,5014,4958,49.6,1965,8007,2483
06373,115,65,50,34,11,104,6
06374,8119,4011,4108,36.5,1819,6300,1378
06375,3696,1846,1850,48.2,631,3065,725
06376,43,17,26,44.6,17,26,18
06377,3032,1767,1265,33.8,692,2340,382
06378,5488,2695,2793,57,681,4807,1836
06379,8973,4449,4524,42.8,2093,6880,1745
06380,2725,1114,1611,45.9,393,2332,709
06382,10240,5143,5097,43.3,1442,8798,1754
06384,2683,1407,1276,45.9,472,2211,387
06385,15886,7661,8225,47.1,3074,12812,3399
06387,236,164,72,46.8,32,204,0
06389,110,73,37,54,0,110,37
06390,53,33,20,37.6,6,47,0
06401,19361,9411,9950,40.5,3632,15729,3645
06403,6061,3304,2757,50.1,968,5093,1537
06405,28041,13142,14899,52.9,4207,23834,7546
06409,863,375,488,46.9,196,667,183
06410,28775,14495,14280,42.9,6507,22268,5156
06412,3740,1865,1875,50.6,627,3113,995
06413,13271,6731,6540,48.8,2186,11085,3019
06414,334,164,170,38.8,99,235,57
06415,16130,8172,7958,42.9,3727,12403,2790
06416,14250,6998,7252,43.2,2686,11564,3074
06417,4445,2276,2169,47.1,904,3541,893
06418,11966,5455,6511,46.2,2089,9877,2408
06419,6216,3092,3124,51.3,1139,5077,1354
06420,4307,2197,2110,39.6,1051,3256,752
06422,7197,3653,3544,45.8,1223,5974,1344
06423,4887,2557,2330,50.6,947,3940,1313
06424,12372,6036,6336,41.7,2732,9640,2300
06426,3377,1536,1841,59,431,2946,1240
06437,22046,11405,10641,50.2,4909,17137,5599
06438,3079,1653,1426,43.9,626,2453,587
06439,23,4,19,69,0,23,12
06441,5234,2730,2504,46.1,1255,3979,972
06442,2514,1246,1268,34.9,419,2095,359
06443,17658,8760,8898,51.3,3442,14216,4248
06444,245,98,147,35.9,91,154,15
06447,6134,3111,3023,42,1431,4703,1003
06450,36074,17387,18687,40.3,7855,28219,5716
06451,24482,11949,12533,40,5227,19255,3791
06455,2834,1542,1292,51.7,435,2399,577
06456,271,108,163,65.3,9,262,141
06457,47030,22914,24116,38.8,7062,39968,7460
06459,1122,562,560,20.6,49,1073,0
06460,37208,17680,19528,47.9,6094,31114,7983
06461,15075,7601,7474,44.1,2833,12242,2795
06467,396,224,172,35.9,146,250,21
06468,18851,9768,9083,43.2,4691,14160,2922
06469,3377,1548,1829,46.5,587,2790,629
06470,15511,8074,7437,44.8,3351,12160,3015
06471,7195,3519,3676,50.2,1246,5949,1539
06472,6501,3359,3142,42.6,1396,5105,1359
06473,24588,12327,12261,46.2,5006,19582,5660
06475,10492,4740,5752,57.4,1481,9011,3167
06477,14231,6607,7624,45.7,3310,10921,3172
06478,12801,6586,6215,46.2,2689,10112,2556
06479,9947,4997,4950,45.9,2020,7927,2141
06480,9409,4736,4673,40.8,2170,7239,1604
06481,1406,656,750,48.5,231,1175,389
06482,11830,5971,5859,44.9,2778,9052,2046
06483,16766,8020,8746,39.3,3515,13251,2684
06484,41206,19585,21621,44.6,7474,33732,8249
06488,19936,9443,10493,51.5,3909,16027,5911
06489,32924,16025,16899,43.9,6676,26248,6648
06492,44267,21167,23100,44.3,7999,36268,9374
06498,6829,3130,3699,54.6,766,6063,2176
06510,3966,2010,1956,28,399,3567,242
06511,55940,26870,29070,28.9,10882,45058,4353
06512,29522,13860,15662,45.3,5202,24320,5926
06513,38217,18403,19814,38.4,9439,28778,5719
06514,25687,12778,12909,38.7,5426,20261,3642
06515,19749,8891,10858,29.8,3848,15901,2145
06516,55336,27144,28192,36.1,11104,44232,8070
06517,14287,6816,7471,43.9,2994,11293,3155
06518,20849,9698,11151,29.9,2233,18616,3374
06519,16050,7256,8794,33,4819,11231,1760
06524,5295,2715,2580,42.9,1083,4212,964
06525,9050,4759,4291,46.2,2409,6641,1859
06604,28264,13712,14552,38.9,5046,23218,4995
06605,25860,12505,13355,34.4,5324,20536,2462
06606,54125,26410,27715,40.1,10762,43363,7437
06607,7133,3671,3462,29.7,2347,4786,658
06608,10923,5450,5473,34.2,2932,7991,1066
06610,22165,10567,11598,39.3,4391,17774,3473
06611,36922,18598,18324,42.7,10127,26795,6252
06612,7630,4006,3624,47.1,1908,5722,1386
06614,36184,17372,18812,48.1,6221,29963,8556
06615,16252,7929,8323,44.7,3053,13199,3023
06702,3260,1699,1561,54.8,376,2884,884
06704,30124,14498,15626,36.4,7097,23027,4060
06705,25744,11855,13889,39.5,5573,20171,4340
06706,15459,7707,7752,36.5,3525,11934,2153
06708,29215,14444,14771,35.6,6089,23126,3520
06710,10684,4855,5829,31.7,3289,7395,977
06712,9411,4761,4650,45.7,2237,7174,1888
06716,16094,7915,8179,43.2,3442,12652,3023
06750,1333,640,693,48,181,1152,321
06751,3399,1687,1712,44.8,697,2702,707
06752,1709,873,836,54.8,238,1471,574
06753,28,15,13,67,0,28,17
06754,1912,1147,765,40,287,1625,313
06755,826,376,450,49.2,186,640,168
06756,3001,1471,1530,47.3,581,2420,706
06757,2029,988,1041,54.9,244,1785,576
06758,24,9,15,72.6,0,24,24
06759,5550,2700,2850,49.8,1028,4522,1424
06762,7665,3508,4157,41.5,1797,5868,1732
06763,2035,1046,989,47.6,340,1695,484
06770,31741,16426,15315,38.7,6146,25595,4442
06776,27318,12313,15005,42.3,5987,21331,4070
06777,1570,689,881,49.3,368,1202,388
06778,1409,688,721,49.5,182,1227,225
06779,7987,3777,4210,44.1,1539,6448,1724
06782,2314,1090,1224,50.3,366,1948,514
06783,2061,1038,1023,52.9,322,1739,579
06784,3515,1871,1644,58.1,522,2993,1000
06785,904,481,423,50.6,126,778,288
06786,9398,4328,5070,42.1,1843,7555,1514
06787,7502,3999,3503,41.1,1711,5791,1208
06790,35563,17382,18181,40.9,6764,28799,5877
06791,5539,2978,2561,46,1101,4438,1126
06793,1381,688,693,43.6,199,1182,410
06794,971,341,630,37.6,231,740,187
06795,14190,6901,7289,44.2,2570,11620,3269
06796,799,351,448,59.5,89,710,269
06798,9775,4507,5268,53.5,1515,8260,2907
06801,20406,10232,10174,40.9,4786,15620,2971
06804,17797,8439,9358,46.9,3778,14019,3608
06807,7641,3779,3862,39.5,2276,5365,1080
06810,54957,27250,27707,36.6,12506,42451,6803
06811,31170,15397,15773,42.7,5053,26117,5990
06812,13596,6667,6929,42.3,3355,10241,2316
06820,21571,10783,10788,39.5,6786,14785,2785
06824,36969,17625,19344,37.5,9390,27579,4817
06825,20565,10104,10461,44.5,4326,16239,3969
06830,24881,11705,13176,43.4,5735,19146,4491
06831,14681,7038,7643,47.6,2939,11742,3052
06840,20709,9684,11025,43.5,5660,15049,3259
06850,19286,9644,9642,39.6,3397,15889,2839
06851,28217,13401,14816,41.8,4807,23410,5043
06853,3160,1451,1709,42.4,852,2308,568
06854,32228,16843,15385,36.7,7314,24914,4528
06855,8085,4300,3785,44.4,1257,6828,1391
06870,8096,3856,4240,40.5,2642,5454,1125
06877,25059,12412,12647,45.5,6483,18576,4678
06878,8303,3930,4373,41.9,2698,5605,1122
06880,27331,13618,13713,45.9,7351,19980,5024
06883,10336,5085,5251,46.1,2786,7550,1507
06890,4443,2042,2401,44,1161,3282,786
06896,8747,4375,4372,50.7,1746,7001,2059
06897,18473,9544,8929,43.7,4970,13503,2866
06901,9599,4734,4865,33.5,1336,8263,1222
06902,73238,35522,37716,36.6,13782,59456,10454
06903,13266,6669,6597,49.6,2272,10994,2783
06905,20201,9963,10238,39.1,4043,16158,3675
06906,10057,5047,5010,36.8,2582,7475,1333
06907,8948,4131,4817,37.1,1942,7006,1221
07001,17211,10019,7192,39.3,3408,13803,2303
07002,70497,35345,35152,38.2,16245,54252,9962
07003,52594,25769,26825,37.5,10660,41934,7039
07004,7723,3639,4084,49,1629,6094,2000
07005,15106,7801,7305,42.5,3401,11705,2635
07006,26449,12773,13676,44,5656,20793,5186
07008,25170,12606,12564,37.6,6024,19146,3594
07009,13225,5614,7611,45.3,2585,10640,3315
07010,25546,12426,13120,39.9,5077,20469,4877
07011,40042,19450,20592,38.5,8000,32042,5648
07012,14870,7550,7320,37.8,3907,10963,2136
07013,29725,14247,15478,44.7,5043,24682,6915
07014,4098,1946,2152,46.4,603,3495,893
07016,23838,11876,11962,43.1,5361,18477,4608
07017,39557,17928,21629,35.6,9422,30135,5837
07018,29216,13314,15902,34.3,6981,22235,3818
07020,14394,7180,7214,38.8,2255,12139,1821
07021,2290,1116,1174,44.1,723,1567,395
07022,14935,7803,7132,40.2,2410,12525,2181
07023,7723,3660,4063,43.6,1800,5923,1302
07024,39781,19346,20435,46.6,6933,32848,9932
07026,32472,16310,16162,38.4,6367,26105,4550
07027,4542,2467,2075,41.5,768,3774,945
07028,7970,3626,4344,41.1,2349,5621,992
07029,21935,11325,10610,34.1,4324,17611,2372
07030,58754,28954,29800,32,8617,50137,3859
07031,16352,7706,8646,40.4,2750,13602,2628
07032,41157,21456,19701,39.1,8424,32733,5469
07033,8345,3743,4602,37,2233,6112,1213
07034,10064,5101,4963,39.2,1885,8179,1783
07035,10922,5395,5527,46.8,1634,9288,2106
07036,44996,22067,22929,40.2,9506,35490,6297
07039,31091,15449,15642,44.2,8391,22700,5826
07040,25384,13045,12339,39.1,6816,18568,2850
07041,7412,3656,3756,39.4,2132,5280,1083
07042,26945,13271,13674,40.3,6286,20659,3839
07043,13425,6813,6612,41,3606,9819,1788
07044,14438,6526,7912,44,3440,10998,3054
07045,10240,5087,5153,51,1724,8516,2553
07046,4499,2352,2147,43.7,1525,2974,502
07047,62066,29761,32305,41.2,12754,49312,10501
07050,33523,15223,18300,35.4,8702,24821,4432
07052,48399,23454,24945,41.7,10043,38356,8997
07054,30392,15002,15390,40.6,5670,24722,5309
07055,70048,33578,36470,30.5,21897,48151,6280
07057,11838,6014,5824,39.3,2289,9549,1691
07058,6052,3308,2744,39.3,1372,4680,997
07059,16208,8336,7872,45,3843,12365,2841
07060,47883,23574,24309,34.3,12117,35766,5418
07062,14253,7186,7067,36.7,3568,10685,1735
07063,14849,7865,6984,32.8,4254,10595,1345
07064,4031,2109,1922,40.5,945,3086,558
07065,29664,14347,15317,39.3,6091,23573,4788
07066,15415,7717,7698,43.1,3242,12173,3251
07067,18581,9046,9535,42.7,3998,14583,3639
07068,6221,2963,3258,46.1,1278,4943,1603
07069,6651,3170,3481,45.6,1301,5350,1743
07070,18754,9306,9448,40.5,3605,15149,2910
07071,22332,11154,11178,41,4054,18278,3487
07072,6341,3620,2721,43.4,890,5451,1027
07073,10020,4683,5337,38.3,1651,8369,1386
07074,3093,1414,1679,37.3,802,2291,460
07075,9978,5021,4957,38,1768,8210,1331
07076,24727,12302,12425,42.8,6344,18383,4236
07077,2695,1382,1313,48.1,514,2181,585
07078,14287,7175,7112,41.6,4643,9644,1686
07079,18648,9078,9570,35.8,4006,14642,2393
07080,24256,11866,12390,41.8,4871,19385,4346
07081,17011,8633,8378,42.9,3410,13601,2796
07082,5612,2876,2736,43.8,1311,4301,1060
07083,56900,27263,29637,41.9,9959,46941,9488
07086,16790,8519,8271,37.6,2863,13927,2046
07087,67258,32765,34493,36.6,15140,52118,8157
07088,3056,1506,1550,42,578,2478,539
07090,30852,14970,15882,40.4,8846,22006,4458
07092,6991,3248,3743,50.1,1686,5305,1778
07093,64203,31697,32506,37.2,12686,51517,8273
07094,21470,10777,10693,39,4104,17366,3354
07095,20927,10517,10410,37.9,4905,16022,2578
07102,13506,7099,6407,33.6,2115,11391,1988
07103,35318,16581,18737,31.7,9088,26230,3587
07104,55412,27517,27895,34,13457,41955,6306
07105,56696,30678,26018,34.9,12682,44014,4706
07106,36538,17427,19111,35.6,8700,27838,4818
07107,41907,19916,21991,36.2,10421,31486,4937
07108,27830,12445,15385,31.7,8583,19247,2662
07109,37893,18402,19491,40,7606,30287,5432
07110,29695,14730,14965,40.5,6118,23577,4831
07111,60268,29333,30935,35.4,14302,45966,7578
07112,27122,12541,14581,36,6532,20590,3262
07114,13154,8227,4927,38.7,2459,10695,1259
07201,27996,14659,13337,36,7377,20619,2698
07202,44673,22218,22455,36.4,10809,33864,5845
07203,22500,10376,12124,38.3,4348,18152,3538
07204,13964,6990,6974,38,2967,10997,1868
07205,22262,10879,11383,36.6,4886,17376,3102
07206,30364,14511,15853,32.3,8777,21587,2894
07208,32632,16713,15919,37.7,7443,25189,3980
07302,53237,27423,25814,34.4,7750,45487,4019
07304,50805,25016,25789,33.7,12636,38169,5794
07305,70738,34071,36667,36.2,17324,53414,9762
07306,54779,28129,26650,35.4,11081,43698,7468
07307,42184,22088,20096,35.7,8152,34032,5204
07310,14371,8176,6195,31.1,1324,13047,424
07311,1785,1018,767,30.4,171,1614,0
07401,6817,3186,3631,45.7,1934,4883,1192
07403,7726,3810,3916,44.1,1406,6320,1134
07405,17993,9209,8784,42.3,3396,14597,2871
07407,21261,10075,11186,39.1,4554,16707,3607
07410,34948,17139,17809,40.8,8582,26366,6853
07416,5736,2988,2748,49.2,965,4771,1384
07417,11010,5607,5403,47.5,2729,8281,2382
07418,2473,1322,1151,40.4,596,1877,265
07419,9927,5025,4902,43.5,1993,7934,1859
07420,5185,2716,2469,43.5,881,4304,979
07421,7312,3742,3570,45.2,1460,5852,952
07422,5401,2931,2470,46,922,4479,996
07423,4234,2136,2098,43,1233,3001,573
07424,27474,13508,13966,44.7,4456,23018,4977
07430,25471,12415,13056,44.7,4649,20822,5411
07432,7011,3453,3558,42.8,1339,5672,1538
07435,2453,1209,1244,49.5,372,2081,514
07436,12731,6494,6237,41.9,2882,9849,1970
07438,11209,5719,5490,45.8,2327,8882,1766
07439,2215,1106,1109,42,376,1839,384
07440,4620,2336,2284,37.7,1027,3593,756
07442,11052,5470,5582,39.1,2549,8503,1771
07444,10941,5147,5794,53.8,1633,9308,3775
07446,14739,7472,7267,41.5,3946,10793,1999
07450,26054,13060,12994,40.7,7492,18562,3444
07452,12086,6031,6055,39.3,4071,8015,1480
07456,11692,6044,5648,43.5,2286,9406,1997
07457,4081,2070,2011,49,760,3321,829
07458,11676,5887,5789,43.3,2762,8914,1900
07460,3131,1370,1761,43.8,622,2509,675
07461,18275,9322,8953,44.3,3420,14855,3357
07462,6712,3372,3340,46.8,1009,5703,1253
07463,10068,4877,5191,39.8,2631,7437,1776
07465,6032,3145,2887,47.8,936,5096,1523
07470,54557,26655,27902,42.2,11528,43029,10856
07480,14884,7370,7514,47.4,2806,12078,3245
07481,16802,8174,8628,46.9,4063,12739,3544
07501,35492,17002,18490,30.8,10417,25075,4005
07502,17328,9638,7690,33.6,4908,12420,1638
07503,19625,9969,9656,34.5,4752,14873,2284
07504,13781,6328,7453,38.2,3254,10527,1824
07505,4592,2434,2158,38.3,972,3620,696
07506,19456,9848,9608,41.8,3612,15844,4044
07508,23631,11549,12082,40.5,5236,18395,4261
07512,10975,5362,5613,43.9,2522,8453,2126
07513,11069,5769,5300,35.1,2902,8167,1192
07514,18461,9101,9360,35.6,5089,13372,2833
07522,22377,10226,12151,30.6,6688,15689,1908
07524,15139,7663,7476,31.5,4386,10753,1761
07601,45758,22624,23134,40,7271,38487,7523
07603,8940,4115,4825,42.2,1777,7163,1491
07604,12080,6133,5947,43.4,2593,9487,2107
07605,9291,4526,4765,45.3,2043,7248,1646
07606,2820,1519,1301,37,588,2232,481
07607,10040,5030,5010,44.7,1741,8299,2113
07608,91,34,57,39.4,28,63,13
07620,1449,773,676,49.2,339,1110,462
07621,28223,14005,14218,40.5,5934,22289,4852
07624,8555,4474,4081,40.4,2317,6238,1182
07626,9105,3960,5145,45,2240,6865,1721
07627,4930,2457,2473,45.6,1354,3576,861
07628,18014,8561,9453,42.3,3401,14613,2770
07630,7281,3308,3973,47.5,1408,5873,1732
07631,29109,13848,15261,43.6,5854,23255,5128
07632,5347,2627,2720,49,1154,4193,1083
07640,4826,2330,2496,46.9,1186,3640,930
07641,3342,1784,1558,46.5,1009,2333,551
07642,10125,4651,5474,42.2,2110,8015,1485
07643,10954,5446,5508,44.3,1703,9251,1860
07644,25969,11908,14061,38.7,5485,20484,3808
07645,8413,4025,4388,43.4,1736,6677,1741
07646,16888,8226,8662,40.3,3942,12946,2679
07647,5336,2737,2599,44.8,1161,4175,1095
07648,5657,2609,3048,48.1,1205,4452,1249
07649,8208,4064,4144,44.6,2084,6124,1351
07650,20231,9413,10818,41.9,2706,17525,3137
07652,26582,13262,13320,49,4917,21665,6819
07656,9098,4364,4734,47.8,1696,7402,1912
07657,11465,5582,5883,41.2,2042,9423,1695
07660,13161,6317,6844,38.5,2936,10225,1935
07661,12022,6311,5711,40.3,2664,9358,1947
07662,5790,2605,3185,48.1,846,4944,1462
07663,14320,7112,7208,39.4,2869,11451,2635
07666,41427,20269,21158,38.5,9369,32058,7061
07670,15299,7653,7646,42.2,4876,10423,2136
07675,26989,13513,13476,43.3,6083,20906,5354
07676,9268,4576,4692,46.7,1988,7280,2217
07677,6096,2852,3244,45,1620,4476,1102
07701,25253,12436,12817,43,4946,20307,5357
07702,4138,1922,2216,41.7,1178,2960,884
07703,0,0,0,-,0,0,0
07704,6221,3154,3067,40.5,1942,4279,693
07711,1811,975,836,40.4,440,1371,423
07712,39271,18604,20667,41.1,7286,31985,7259
07716,8279,4344,3935,49,1376,6903,1719
07717,1792,783,1009,56.2,234,1558,598
07718,6667,3750,2917,40.4,1622,5045,916
07719,21994,11037,10957,46.6,3724,18270,4568
07720,4151,2305,1846,40,632,3519,938
07721,3958,1955,2003,30.4,978,2980,342
07722,10014,4859,5155,47.9,2261,7753,1776
07723,728,317,411,41.9,120,608,221
07724,23739,11401,12338,45.5,4350,19389,4323
07726,44707,22187,22520,44,9881,34826,7715
07727,6982,3356,3626,43.7,1436,5546,1554
07728,56896,27640,29256,42.1,12798,44098,10134
07730,16720,8300,8420,46.6,3038,13682,3446
07731,39684,20250,19434,38.6,9250,30434,5348
07732,4740,2553,2187,46.9,685,4055,992
07733,17130,8136,8994,47.7,3937,13193,3619
07734,13540,6452,7088,41.8,2768,10772,1814
07735,19369,9690,9679,44.8,3391,15978,3125
07737,4181,2222,1959,37.2,962,3219,673
07738,6793,3292,3501,44.4,1726,5067,1263
07739,6104,3131,2973,46.3,1443,4661,1090
07740,32091,14793,17298,36.5,6937,25154,5291
07746,18230,8413,9817,45.7,4461,13769,3526
07747,32749,16518,16231,42.2,6461,26288,5391
07748,28112,14323,13789,43.5,6588,21524,4253
07750,3199,1514,1685,57.9,371,2828,972
07751,21311,10269,11042,41.2,5435,15876,2538
07753,37243,18263,18980,44.5,6583,30660,8507
07755,6495,3076,3419,35.4,1725,4770,1074
07756,3246,1478,1768,61.6,104,3142,1055
07757,6119,2993,3126,51.8,1044,5075,1490
07758,4462,2058,2404,44.1,911,3551,837
07760,9613,5148,4465,45.8,2294,7319,1443
07762,8196,3823,4373,54.8,1156,7040,2499
07764,8547,3876,4671,31.4,1635,6912,1419
07801,26548,13201,13347,39.4,5881,20667,3095
07803,3990,1917,2073,42.5,786,3204,605
07820,1,1,0,-,0,1,0
07821,9571,4927,4644,41.9,1821,7750,1351
07822,947,529,418,46.5,254,693,110
07823,7644,3682,3962,54.5,1020,6624,2156
07825,9723,5070,4653,47.7,1642,8081,2057
07826,5529,2949,2580,46.4,959,4570,1108
07827,4117,2239,1878,41.8,847,3270,833
07828,14083,7275,6808,38,3022,11061,1617
07830,7748,3633,4115,50.8,1535,6213,1508
07831,30,16,14,-,0,30,30
07832,3175,1607,1568,48.5,652,2523,552
07833,112,70,42,47.8,0,112,38
07834,18048,9052,8996,44.4,3504,14544,3698
07836,12034,5893,6141,42.7,2638,9396,1697
07838,3190,1568,1622,49.1,463,2727,692
07840,32952,15772,17180,42.6,6869,26083,5923
07842,0,0,0,-,0,0,0
07843,11102,5479,5623,41.2,2069,9033,1410
07844,104,78,26,25.6,0,104,8
07846,22,8,14,52.3,0,22,8
07847,1685,953,732,44.1,348,1337,380
07848,4425,2094,2331,53.6,695,3730,1295
07849,8573,4472,4101,46.6,1599,6974,1813
07850,7266,3530,3736,38.5,1483,5783,1296
07851,363,256,107,38.6,81,282,101
07852,4095,1731,2364,47.3,731,3364,587
07853,12548,6065,6483,44.5,3076,9472,2298
07856,4429,2081,2348,46,765,3664,973
07857,3564,1708,1856,43.1,558,3006,504
07860,26507,13005,13502,47.3,4906,21601,5822
07863,3582,1940,1642,50.3,503,3079,953
07865,2533,1167,1366,41.5,793,1740,351
07866,22383,11613,10770,43.9,4663,17720,4119
07869,26058,13206,12852,40.2,6627,19431,3321
07870,29,13,16,64.1,0,29,3
07871,21020,10272,10748,42.4,4992,16028,2972
07874,8534,4317,4217,41.4,1746,6788,1284
07876,9527,4705,4822,45,1861,7666,1762
07878,740,360,380,44,117,623,193
07880,357,191,166,40.4,91,266,54
07881,8,4,4,-,0,8,8
07882,14670,7217,7453,42.9,3342,11328,2337
07885,11673,5675,5998,40.1,2480,9193,1826
07901,24281,11746,12535,40.6,6100,18181,3096
07920,28460,13897,14563,46.2,6798,21662,4925
07921,7573,3666,3907,46.8,1121,6452,1700
07922,12078,5874,6204,47,2663,9415,2290
07924,7746,3927,3819,40.6,2126,5620,1316
07926,69,45,24,34.2,30,39,0
07927,4181,2044,2137,42.5,799,3382,1030
07928,19559,9619,9940,40.3,5933,13626,2720
07930,8138,3829,4309,45.4,1951,6187,1475
07931,3399,1652,1747,47.3,674,2725,741
07932,10941,5477,5464,47.4,2008,8933,2591
07933,2661,1136,1525,50.2,466,2195,593
07934,1575,757,818,46,382,1193,282
07935,472,211,261,56.2,73,399,162
07936,11102,5140,5962,44.6,1934,9168,2638
07939,330,260,70,63,0,330,159
07940,17798,8718,9080,34.5,3727,14071,2257
07945,9698,4609,5089,47,2123,7575,1725
07946,2991,1536,1455,44.7,554,2437,615
07950,21738,10776,10962,45.4,4353,17385,3927
07960,46560,23000,23560,39.9,8629,37931,8333
07961,343,65,278,21.2,0,343,25
07970,257,161,96,28.8,118,139,0
07974,12911,6438,6473,43.4,3474,9437,2824
07976,355,192,163,58.2,52,303,71
07977,689,319,370,40.8,138,551,114
07979,246,112,134,45.9,31,215,0
07980,2978,1451,1527,41,862,2116,592
07981,8938,4310,4628,49.5,1660,7278,1695
08001,835,420,415,51.2,130,705,182
08002,23630,11866,11764,39.8,4742,18888,4468
08003,31434,15198,16236,46,6777,24657,6447
08004,10966,5411,5555,44.9,1588,9378,2010
08005,25578,12202,13376,53,4506,21072,7874
08006,435,200,235,60.9,75,360,187
08007,5560,2980,2580,46.3,935,4625,1033
08008,6995,3454,3541,61.9,599,6396,2896
08009,14483,6722,7761,42.9,3104,11379,2490
08010,11458,5657,5801,41.3,2375,9083,1743
08011,53,32,21,25.2,0,53,0
08012,40320,19978,20342,40.8,8470,31850,6577
08014,294,143,151,46.6,67,227,83
08015,19164,9408,9756,42.7,3701,15463,3429
08016,34710,16482,18228,40.9,7627,27083,5467
08019,946,506,440,45.4,217,729,99
08020,2834,1346,1488,52.8,626,2208,755
08021,47946,23821,24125,37.3,10292,37654,7374
08022,9124,4472,4652,51.5,1619,7505,2593
08023,282,148,134,38.9,35,247,28
08026,2278,1166,1112,41.3,548,1730,470
08027,4921,2469,2452,46.5,920,4001,1108
08028,24360,12458,11902,28.7,3359,21001,3261
08029,5850,2770,3080,39.2,1021,4829,1064
08030,13251,6645,6606,33.5,3645,9606,1812
08031,11677,5880,5797,41.7,2432,9245,2186
08032,226,123,103,48.5,25,201,61
08033,17110,8151,8959,40,4909,12201,2656
08034,19870,9232,10638,44,3907,15963,4471
08035,7570,3746,3824,39,1705,5865,1694
08036,6024,2810,3214,50.5,1122,4902,1270
08037,23392,12218,11174,46.9,4429,18963,5366
08038,380,250,130,37,106,274,12
08039,17,5,12,73.7,0,17,17
08041,832,425,407,50.8,115,717,171
08042,33,14,19,71.9,4,29,21
08043,30876,14969,15907,41.3,6394,24482,6021
08045,3059,1435,1624,43.4,576,2483,691
08046,31812,15440,16372,38.8,6408,25404,5327
08048,12786,6351,6435,42.8,2515,10271,2012
08049,5216,2650,2566,36,1047,4169,874
08050,27097,13414,13683,47,4768,22329,5901
08051,12107,5253,6854,38.5,2566,9541,1649
08052,19885,10333,9552,35.8,4447,15438,2884
08053,47200,23032,24168,42,9894,37306,9215
08054,44929,20614,24315,43.1,8790,36139,8648
08055,28651,14179,14472,47.5,5837,22814,6353
08056,5427,2732,2695,42.6,1567,3860,935
08057,20942,10009,10933,46.6,5023,15919,3711
08059,5521,2727,2794,37.2,1167,4354,766
08060,25516,12937,12579,37.8,4772,20744,3274
08061,3517,1595,1922,39.3,844,2673,555
08062,17907,9247,8660,40.4,4763,13144,2388
08063,3070,1586,1484,40.8,594,2476,463
08064,60,45,15,70.9,0,60,60
08065,7437,3577,3860,43,1324,6113,1055
08066,7859,3819,4040,40.6,1525,6334,1356
08067,1646,870,776,38.7,405,1241,288
08068,7033,3322,3711,42.4,1250,5783,1373
08069,13402,6649,6753,40.3,3239,10163,2412
08070,12468,6343,6125,41.7,2670,9798,2382
08071,9356,4333,5023,43.1,1711,7645,1925
08072,249,103,146,28.6,91,158,20
08073,0,0,0,-,0,0,0
08074,0,0,0,-,0,0,0
08075,30359,14582,15777,40.6,6170,24189,5075
08077,20456,10236,10220,43,4372,16084,3961
08078,8005,4137,3868,35.5,1767,6238,1023
08079,10426,4812,5614,40,2503,7923,2049
08080,38215,18711,19504,42.8,8229,29986,6776
08081,50604,24657,25947,37.2,12718,37886,6071
08083,9464,4421,5043,42.3,1928,7536,1712
08084,6962,3617,3345,39.6,1495,5467,958
08085,21364,10913,10451,37.5,5897,15467,2505
08086,8121,3637,4484,42.8,1552,6569,1609
08087,25057,12498,12559,50.7,4268,20789,6780
08088,23988,11791,12197,51.5,4170,19818,6369
08089,4152,2224,1928,45,691,3461,642
08090,9843,5143,4700,33.7,2659,7184,1260
08091,5881,2898,2983,41.9,995,4886,1244
08092,3098,1625,1473,45.4,582,2516,493
08093,9690,4621,5069,38.8,1847,7843,1264
08094,41089,19978,21111,39,9299,31790,6210
08095,0,0,0,-,0,0,0
08096,35573,17310,18263,41.4,6852,28721,6424
08097,3244,1575,1669,48.1,534,2710,619
08098,9475,4784,4691,46.4,1694,7781,2022
08102,8418,4124,4294,30.8,1829,6589,1132
08103,12682,6382,6300,36.5,3086,9596,1658
08104,21656,9098,12558,32.1,7003,14653,1861
08105,26615,12561,14054,30.1,7792,18823,2676
08106,9726,4644,5082,39.2,2183,7543,1525
08107,13568,6557,7011,38.6,2814,10754,1791
08108,18970,8931,10039,40,3768,15202,3586
08109,23747,12145,11602,39.8,5244,18503,3752
08110,19465,8886,10579,35,4933,14532,2592
08201,10078,5024,5054,36.5,2196,7882,1865
08202,1625,807,818,65,148,1477,813
08203,7784,3455,4329,57.6,765,7019,2444
08204,17392,8723,8669,48.9,3264,14128,4609
08205,28491,13920,14571,43.2,5377,23114,5915
08210,17377,8735,8642,43.1,3320,14057,3962
08212,155,60,95,71.3,0,155,118
08215,13789,6836,6953,44.8,2630,11159,2873
08217,0,0,0,-,0,0,0
08221,6952,3203,3749,48.2,1460,5492,1659
08223,4230,1933,2297,46.5,921,3309,1315
08224,189,96,93,34.5,64,125,14
08225,8432,4187,4245,44.2,1770,6662,1579
08226,11260,5108,6152,56.9,1730,9530,3821
08230,6139,3101,3038,45.2,1455,4684,1528
08232,20241,9392,10849,35.1,5202,15039,2426
08234,46462,22977,23485,39.4,11333,35129,7067
08240,2842,1046,1796,20.2,23,2819,7
08241,980,454,526,54.6,121,859,289
08242,3726,1799,1927,51.8,676,3050,1112
08243,2047,1015,1032,65.1,85,1962,1028
08244,10631,5231,5400,44.8,2095,8536,2004
08245,0,0,0,-,0,0,0
08246,60,30,30,-,0,60,60
08247,977,445,532,66.4,50,927,514
08248,121,57,64,53.8,0,121,38
08251,10308,4807,5501,43.9,2089,8219,2096
08260,12680,6045,6635,59.4,1476,11204,4227
08270,8231,4090,4141,41.2,1677,6554,1415
08302,47487,24666,22821,33,13224,34263,5697
08310,979,457,522,64.7,9,970,479
08311,1601,852,749,45.6,334,1267,280
08312,8460,4061,4399,40.5,1825,6635,1760
08314,587,303,284,40.7,167,420,56
08316,163,101,62,66.6,12,151,94
08317,1184,692,492,57.2,168,1016,467
08318,12069,5935,6134,40.5,2487,9582,2013
08319,1343,717,626,40.9,324,1019,198
08320,1053,1053,0,40.8,0,1053,25
08321,95,46,49,63.9,0,95,42
08322,10355,5063,5292,40,2291,8064,1391
08323,683,368,315,49.1,103,580,165
08324,327,144,183,27.9,117,210,29
08326,1063,551,512,36.8,288,775,140
08327,3836,3627,209,39.9,19,3817,194
08328,1528,724,804,37.4,263,1265,148
08329,321,121,200,65.5,67,254,182
08330,29895,14465,15430,41.5,5982,23913,5361
08332,35292,17371,17921,42.6,7538,27754,6475
08340,939,518,421,37.7,268,671,281
08341,2286,1076,1210,32.1,491,1795,374
08343,4882,2205,2677,45,1202,3680,1007
08344,4752,2174,2578,45.6,766,3986,1145
08345,709,346,363,57.6,131,578,257
08346,430,191,239,38.5,76,354,48
08348,196,75,121,62.8,11,185,46
08349,2450,1185,1265,33,763,1687,341
08350,518,308,210,54.5,62,456,39
08352,388,137,251,16.2,231,157,0
08353,305,117,188,47.9,58,247,57
08360,43784,21149,22635,37.3,10367,33417,6658
08361,18886,9515,9371,43.9,4416,14470,4104
08401,38726,19188,19538,39.2,9587,29139,6070
08402,5331,2441,2890,57.9,783,4548,1924
08403,946,436,510,65.9,88,858,496
08406,9046,4400,4646,55,1104,7942,2640
08501,6417,3048,3369,48.5,1206,5211,1659
08502,11603,6047,5556,42.1,2997,8606,1122
08505,18067,8902,9165,40.7,4080,13987,2804
08510,5520,2992,2528,48.5,934,4586,891
08511,880,530,350,35.9,216,664,74
08512,12519,5996,6523,43.9,2349,10170,2457
08514,5597,2714,2883,41.3,1341,4256,965
08515,7857,3821,4036,36.6,2126,5731,787
08518,5660,2774,2886,40.7,1284,4376,854
08520,29296,14917,14379,38.9,6408,22888,4145
08525,4554,2511,2043,47.2,811,3743,722
08527,57943,28713,29230,39.8,14131,43812,10342
08528,163,12,151,68.4,0,163,139
08530,8114,4134,3980,50.6,1172,6942,1766
08533,6140,3121,3019,42.2,1325,4815,848
08534,12990,6260,6730,42.9,3493,9497,2094
08535,4851,2421,2430,46.4,911,3940,614
08536,20693,10340,10353,36.5,4866,15827,1808
08540,48513,24538,23975,40.3,11226,37287,7408
08542,2595,1365,1230,37.7,313,2282,276
08544,4504,2043,2461,20.4,10,4494,0
08550,20954,10704,10250,45.3,4904,16050,3298
08551,5746,2739,3007,49.4,940,4806,874
08553,794,431,363,43.4,163,631,160
08554,4184,2171,2013,38.2,1114,3070,586
08555,1037,463,574,38.3,323,714,181
08558,7515,3488,4027,49.1,1687,5828,1616
08559,4902,2466,2436,56.2,547,4355,1512
08560,3689,1776,1913,52.8,587,3102,959
08561,328,141,187,50.3,44,284,108
08562,3976,1921,2055,41,970,3006,694
08608,786,338,448,32,164,622,116
08609,12799,7016,5783,38.1,3262,9537,1478
08610,32324,16576,15748,38.5,7323,25001,4713
08611,31660,15771,15889,35,8663,22997,3414
08618,39047,17631,21416,32.6,9155,29892,5262
08619,23446,11061,12385,40.8,4396,19050,4849
08620,12913,7206,5707,42,1884,11029,2361
08628,9107,4429,4678,47.1,1395,7712,2130
08629,13075,6627,6448,37,2660,10415,1862
08638,23804,11292,12512,36.1,4582,19222,3474
08640,7781,6506,1275,34.7,1182,6599,191
08641,4886,2526,2360,24.4,1867,3019,90
08648,31626,15180,16446,39.6,5858,25768,4863
08690,19959,10184,9775,49.7,3068,16891,5098
08691,16935,7822,9113,44.6,4145,12790,2873
08701,134008,66792,67216,18.4,66233,67775,13703
08720,644,265,379,52.7,95,549,228
08721,22217,11601,10616,40.9,5003,17214,3753
08722,10933,5344,5589,42.1,2195,8738,1977
08723,32430,15418,17012,43.8,5952,26478,5997
08724,40560,19505,21055,45,7280,33280,8570
08730,4957,2273,2684,46.7,1212,3745,1059
08731,21164,10459,10705,45.6,3890,17274,4662
08732,1449,698,751,54.6,237,1212,474
08733,2855,1383,1472,39.9,590,2265,417
08734,7715,3952,3763,41.9,1238,6477,1491
08735,3732,1711,2021,63,337,3395,1648
08736,13234,6809,6425,47.3,2758,10476,2745
08738,1411,672,739,57.2,215,1196,411
08740,1682,816,866,46.1,302,1380,394
08741,2798,1383,1415,53.3,473,2325,678
08742,25193,12522,12671,46,4400,20793,4792
08750,3612,1801,1811,56.8,551,3061,1238
08751,3609,2017,1592,56.4,446,3163,1032
08752,2333,1169,1164,62.1,163,2170,1036
08753,64313,30881,33432,42.4,12690,51623,10983
08755,28586,14188,14398,42.2,7280,21306,6419
08757,35419,15324,20095,62.7,3612,31807,15987
08758,7954,4117,3837,53.2,1268,6686,2857
08759,33979,14646,19333,68.7,1766,32213,20357
08801,7665,4258,3407,41.1,1273,6392,1431
08802,4380,2094,2286,48.3,793,3587,825
08804,3116,1443,1673,47.3,522,2594,728
08805,14173,6777,7396,36.9,2972,11201,2058
08807,38585,18224,20361,44.1,8416,30169,7029
08809,6838,3221,3617,39.2,1404,5434,757
08810,8361,4254,4107,41.2,1980,6381,929
08812,14054,7692,6362,40.7,3172,10882,1831
08816,49027,24084,24943,42.6,11709,37318,8264
08817,48140,24941,23199,37.4,11631,36509,6541
08820,39565,19799,19766,42.1,9668,29897,6669
08821,514,247,267,39.4,153,361,107
08822,31330,15110,16220,41.9,6792,24538,5205
08823,9024,4225,4799,38,1754,7270,1087
08824,13297,6278,7019,46.2,2874,10423,2117
08825,4556,2223,2333,47.9,912,3644,955
08826,5186,2847,2339,47.4,864,4322,750
08827,3710,1878,1832,47.8,691,3019,905
08828,2302,1154,1148,39,445,1857,298
08829,3564,1860,1704,40,769,2795,401
08830,18511,9201,9310,40.4,3269,15242,3366
08831,54229,26034,28195,53.7,10068,44161,18807
08832,2745,1258,1487,29.2,778,1967,248
08833,9057,4385,4672,50.2,1657,7400,1899
08835,10892,5344,5548,42.1,2006,8886,1988
08836,4023,2142,1881,37.1,1217,2806,440
08837,19544,9367,10177,35.2,5012,14532,2816
08840,18075,8540,9535,39.4,4706,13369,2741
08844,43077,21343,21734,42.3,9054,34023,6334
08846,14525,6881,7644,44.7,3005,11520,2550
08848,8295,4076,4219,44.3,2038,6257,1736
08850,8410,3920,4490,43.6,1914,6496,1307
08852,18068,8789,9279,39.7,4085,13983,2077
08853,5349,2975,2374,49.3,1174,4175,815
08854,60233,29803,30430,33.8,10619,49614,7014
08857,40430,20074,20356,42.8,7680,32750,7110
08858,0,0,0,-,0,0,0
08859,24487,12186,12301,38.5,5384,19103,3354
08861,58136,28641,29495,37,13168,44968,7534
08863,12663,6576,6087,39.3,2727,9936,1655
08865,30561,15233,15328,43.4,5672,24889,5893
08867,5819,2996,2823,45.6,1124,4695,1028
08869,8301,4224,4077,43.2,1232,7069,1136
08872,19613,9913,9700,38.5,4550,15063,2817
08873,55342,27012,28330,40.8,11647,43695,10613
08876,22531,11647,10884,38.8,4186,18345,3112
08879,22514,10888,11626,41.7,4077,18437,3766
08880,4838,2445,2393,37.7,979,3859,567
08882,16081,8126,7955,37.1,3847,12234,2260
08884,8152,3652,4500,44.6,1523,6629,1743
08886,6963,3462,3501,41.1,1702,5261,824
08887,1411,606,805,40.9,229,1182,186
08889,10383,5364,5019,52.5,1950,8433,2952
08890,74,67,7,20.2,0,74,8
08901,56870,29742,27128,23.6,11605,45265,3607
08902,43037,21352,21685,38,9694,33343,6224
08904,14996,7291,7705,34.3,2658,12338,1738
10001,27004,12679,14325,35.7,2694,24310,3428
10002,76518,38211,38307,44.2,10028,66490,17681
10003,53877,26251,27626,32.2,3866,50011,8128
10004,4579,2367,2212,34.6,840,3739,190
10005,8801,3861,4940,29.6,924,7877,158
10006,3736,1996,1740,32,319,3417,91
10007,7506,3799,3707,34.7,1534,5972,641
10009,58418,28749,29669,38.2,6144,52274,9148
10010,32410,15810,16600,35.8,4414,27996,5565
10011,50772,25797,24975,42.5,4793,45979,9035
10012,21216,10210,11006,34.8,1513,19703,3323
10013,29453,14646,14807,40.2,4145,25308,5055
10014,29461,14592,14869,39.8,2173,27288,5076
10016,54369,27257,27112,33.3,4859,49510,6868
10017,14486,6305,8181,41.2,647,13839,3436
10018,8659,4410,4249,33.2,657,8002,861
10019,42766,23411,19355,41.4,2766,40000,8680
10020,0,0,0,-,0,0,0
10021,40642,18159,22483,43,6414,34228,9473
10022,33586,15081,18505,48.6,3541,30045,10023
10023,65706,29506,36200,43,9257,56449,13775
10024,62774,29187,33587,43.1,11023,51751,13406
10025,96988,44717,52271,39.8,14260,82728,20301
10026,38265,17737,20528,36.1,7460,30805,4088
10027,65806,31090,34716,31.4,11935,53871,7296
10028,45717,20645,25072,41.6,6317,39400,9885
10029,75614,33346,42268,38.3,13641,61973,12318
10030,31268,14493,16775,37.5,5793,25475,3722
10031,61044,31049,29995,36.1,9190,51854,7476
10032,60480,30363,30117,37.3,8409,52071,10161
10033,58711,30564,28147,37,10011,48700,8014
10034,41570,19766,21804,37.6,8052,33518,5733
10035,38595,19828,18767,37.1,8206,30389,5518
10036,30930,16964,13966,39.3,2108,28822,4732
10037,19138,8426,10712,39.3,3527,15611,3448
10038,23343,10492,12851,34.6,3172,20171,3897
10039,29887,13711,16176,37.5,6564,23323,3325
10040,43653,20740,22913,40.3,7658,35995,8248
10044,11846,5610,6236,39.9,2178,9668,2190
10065,30859,13736,17123,38,5136,25723,6589
10069,6259,3657,2602,40,1558,4701,586
10075,23920,10690,13230,44.9,3660,20260,6240
10103,0,0,0,-,0,0,0
10110,0,0,0,-,0,0,0
10111,0,0,0,-,0,0,0
10112,0,0,0,-,0,0,0
10115,0,0,0,-,0,0,0
10119,0,0,0,-,0,0,0
10128,56695,24669,32026,42.3,7684,49011,12243
10152,0,0,0,-,0,0,0
10153,0,0,0,-,0,0,0
10154,0,0,0,-,0,0,0
10162,1523,844,679,66.3,205,1318,898
10165,0,0,0,-,0,0,0
10167,0,0,0,-,0,0,0
10168,0,0,0,-,0,0,0
10169,0,0,0,-,0,0,0
10170,0,0,0,-,0,0,0
10171,0,0,0,-,0,0,0
10172,0,0,0,-,0,0,0
10173,0,0,0,-,0,0,0
10174,0,0,0,-,0,0,0
10177,0,0,0,-,0,0,0
10199,0,0,0,-,0,0,0
10271,0,0,0,-,0,0,0
10278,0,0,0,-,0,0,0
10279,161,79,82,48.3,0,161,0
10280,8843,4228,4615,45.3,1030,7813,1268
10282,6450,3355,3095,38.7,1825,4625,577
10301,40331,19720,20611,36.8,8349,31982,6291
10302,18567,9917,8650,35,4407,14160,1886
10303,27083,13015,14068,36.3,6466,20617,3204
10304,44864,21025,23839,38.8,9777,35087,6430
10305,42211,21025,21186,43.5,7630,34581,8187
10306,56232,27719,28513,42.2,11984,44248,10547
10307,14755,7519,7236,42.6,3337,11418,2352
10308,30075,14820,15255,42,5950,24125,4684
10309,34740,17508,17232,40.8,7940,26800,5739
10310,26239,12675,13564,36.7,6739,19500,3310
10311,0,0,0,-,0,0,0
10312,63473,31146,32327,40.9,14031,49442,11405
10314,94355,45694,48661,41.7,20137,74218,17718
10451,51311,23365,27946,34.3,12642,38669,6297
10452,78624,37307,41317,33.1,21495,57129,8387
10453,80385,37656,42729,33.8,21673,58712,7534
10454,41073,19272,21801,33.1,10915,30158,4482
10455,44380,20762,23618,32.2,12476,31904,4466
10456,88575,40207,48368,33.6,23966,64609,9999
10457,79817,37001,42816,30.8,23525,56292,7428
10458,82678,39967,42711,30.5,21249,61429,7994
10459,51964,25618,26346,32.9,13671,38293,5593
10460,59852,28068,31784,34,15700,44152,6802
10461,50868,23934,26934,37.8,11027,39841,7814
10462,77230,37848,39382,35.1,18263,58967,9879
10463,70296,32104,38192,41.4,15267,55029,14267
10464,4292,2115,2177,49.4,643,3649,1240
10465,46311,22534,23777,37.9,10286,36025,7446
10466,72273,32005,40268,37.3,16866,55407,10666
10467,98713,46807,51906,35.9,23339,75374,12101
10468,81397,39976,41421,33.4,21512,59885,9104
10469,71862,33820,38042,39.7,15948,55914,12223
10470,15390,7378,8012,38.6,2626,12764,2593
10471,22888,10731,12157,45.8,3856,19032,6575
10472,65283,31831,33452,32.5,17006,48277,8317
10473,60087,28136,31951,37.6,13602,46485,10387
10474,11280,5691,5589,31.7,3280,8000,1131
10475,43517,20249,23268,43.5,8562,34955,10353
10501,1416,628,788,53.3,215,1201,227
10502,5745,2793,2952,42.9,1574,4171,1175
10503,94,38,56,66.2,0,94,50
10504,8047,4255,3792,43.8,2147,5900,1121
10505,1132,524,608,44.8,251,881,225
10506,6340,3108,3232,41.8,1719,4621,839
10507,6403,2633,3770,39.1,1388,5015,1059
10509,19832,10292,9540,41.7,4163,15669,3675
10510,10435,5415,5020,47.2,2138,8297,2281
10511,2281,1134,1147,42.5,445,1836,412
10512,24256,11874,12382,44.8,4498,19758,4882
10514,12867,6294,6573,41.1,3793,9074,1797
10516,5585,2789,2796,48.6,1111,4474,1256
10517,417,186,231,48.5,26,391,104
10518,830,346,484,54.4,133,697,156
10519,122,122,0,16.6,79,43,0
10520,12662,6058,6604,47,2698,9964,2855
10522,11508,5825,5683,38.8,2781,8727,1873
10523,9389,4606,4783,35.5,2064,7325,993
10524,4344,2099,2245,48.5,816,3528,993
10526,1939,841,1098,42.4,456,1483,288
10527,608,341,267,47.3,150,458,99
10528,13352,6182,7170,40.5,3549,9803,1909
10530,14090,6517,7573,50.2,2209,11881,3880
10532,5040,2539,2501,48.1,961,4079,1170
10533,7388,3701,3687,41.1,2242,5146,966
10535,214,94,120,61.4,13,201,83
10536,10797,5106,5691,45.2,2759,8038,1952
10537,2961,1520,1441,40.2,665,2296,327
10538,17605,8702,8903,39.4,5230,12375,2247
10540,114,111,3,17.1,79,35,9
10541,26116,13017,13099,41.9,5481,20635,4036
10542,0,0,0,-,0,0,0
10543,21281,11074,10207,40.5,4831,16450,3552
10545,203,203,0,61.5,8,195,79
10546,1022,415,607,48.1,187,835,188
10547,7665,3700,3965,38.8,1589,6076,1228
10548,4446,2109,2337,40.3,797,3649,883
10549,15800,8392,7408,43.3,3528,12272,2781
10550,40073,18065,22008,40.1,8617,31456,6387
10552,22099,9739,12360,43.9,3694,18405,4341
10553,10526,4582,5944,43.3,1747,8779,1601
10560,4975,2490,2485,44.8,1150,3825,1121
10562,33538,16910,16628,43.5,6332,27206,6191
10566,25401,12180,13221,41.2,4229,21172,4172
10567,20069,10214,9855,42.9,4169,15900,3447
10570,13168,6662,6506,40.9,3094,10074,2067
10573,41139,21448,19691,39.7,8605,32534,5807
10576,4927,2378,2549,51.4,792,4135,1315
10577,6145,2720,3425,21,702,5443,541
10578,1788,1154,634,42.4,550,1238,96
10579,8171,4155,4016,47.8,1604,6567,1477
10580,18077,9055,9022,42,5284,12793,2536
10583,41107,20352,20755,43.1,11156,29951,6968
10588,3296,1439,1857,36.6,823,2473,679
10589,7159,3076,4083,62.1,1007,6152,3040
10590,7407,3689,3718,47.8,1700,5707,1422
10591,23912,11952,11960,42,4701,19211,4815
10594,5565,2800,2765,39.8,1254,4311,939
10595,7213,3816,3397,40.4,1118,6095,1655
10596,796,501,295,42.9,78,718,176
10597,642,340,302,36.7,162,480,103
10598,29066,14287,14779,45.6,5918,23148,5362
10601,11193,5089,6104,40.8,1566,9627,2367
10603,19239,9476,9763,38.9,3815,15424,3036
10604,11799,5647,6152,38.6,3290,8509,1559
10605,19800,9622,10178,46.7,3494,16306,4703
10606,16429,8135,8294,37.6,3376,13053,2618
10607,6764,3225,3539,43.2,1241,5523,1190
10701,68032,33403,34629,35.1,15986,52046,8831
10703,23565,10833,12732,40.7,4899,18666,4104
10704,32438,15750,16688,40.7,6305,26133,6106
10705,38861,19768,19093,38.2,8500,30361,5930
10706,9068,4475,4593,47.7,1913,7155,2025
10707,10209,4717,5492,45.3,2001,8208,2119
10708,22595,10386,12209,43,4035,18560,4800
10709,10085,4887,5198,43.3,2376,7709,2058
10710,26099,12679,13420,44.7,4858,21241,5811
10801,41724,19969,21755,37.4,8387,33337,6271
10803,13283,6613,6670,39.6,4016,9267,1762
10804,15036,7818,7218,44.7,3976,11060,3098
10805,20736,9843,10893,42.9,3255,17481,4585
10901,25498,11589,13909,42,6197,19301,4897
10910,0,0,0,-,0,0,0
10911,12,0,12,-,0,12,0
10913,5286,2655,2631,39,973,4313,1044
10914,384,261,123,25.8,185,199,12
10915,0,0,0,-,0,0,0
10916,4445,2356,2089,42.5,1036,3409,647
10917,1969,1000,969,34.1,592,1377,266
10918,12152,5786,6366,38.2,2586,9566,1810
10919,1256,778,478,54.2,216,1040,156
10920,8605,4019,4586,44.7,1860,6745,1285
10921,4268,2167,2101,39.3,889,3379,676
10922,1289,833,456,45.2,245,1044,190
10923,8419,4308,4111,40.9,2378,6041,1127
10924,13965,7090,6875,43.2,2766,11199,2735
10925,4466,2254,2212,42.6,857,3609,707
10926,3909,1804,2105,41,1030,2879,608
10927,12286,6548,5738,36.8,3010,9276,1701
10928,5208,2674,2534,44.5,1076,4132,896
10930,10326,5193,5133,39.9,2201,8125,1173
10931,1131,505,626,32.6,370,761,160
10932,43,21,22,64.2,0,43,0
10933,401,139,262,32.6,175,226,0
10940,51853,26210,25643,39.3,12449,39404,7831
10941,14502,7325,7177,37.7,2802,11700,1984
10950,63011,31090,31921,21.3,27401,35610,4389
10952,47509,23564,23945,20.2,21714,25795,4493
10953,0,0,0,-,0,0,0
10954,27587,13103,14484,42.1,5537,22050,5406
10956,30738,15278,15460,42.9,6579,24159,6226
10958,2925,1706,1219,41.2,608,2317,413
10960,14222,6427,7795,43.9,2396,11826,2960
10962,5125,2483,2642,45.4,895,4230,1170
10963,4347,2871,1476,40.1,807,3540,682
10964,1525,659,866,49.6,222,1303,404
10965,15666,8120,7546,39.2,3739,11927,3062
10968,2474,1304,1170,50.2,333,2141,581
10969,999,525,474,34.9,329,670,133
10970,11571,5762,5809,38,2927,8644,1887
10973,2388,1271,1117,39.7,585,1803,400
10974,3335,1720,1615,43.8,709,2626,457
10975,246,134,112,28.5,76,170,33
10976,2056,907,1149,40.6,261,1795,523
10977,70555,36308,34247,24.2,29142,41413,5961
10979,0,0,0,-,0,0,0
10980,13702,7045,6657,45.2,2796,10906,2590
10983,5670,2745,2925,46.1,990,4680,1073
10984,3079,1734,1345,37.6,616,2463,596
10985,42,36,6,44.1,6,36,0
10986,1529,712,817,47.1,217,1312,216
10987,3809,1875,1934,50.5,618,3191,920
10988,683,303,380,32.2,172,511,125
10989,8651,4203,4448,48.7,1317,7334,2201
10990,20527,10114,10413,47.4,3999,16528,4147
10992,10284,5161,5123,34.6,2620,7664,1352
10993,4738,2429,2309,46.1,659,4079,1121
10994,6357,2854,3503,48.5,1331,5026,1612
10996,6386,3757,2629,21.3,1732,4654,29
10998,3548,1807,1741,38.6,904,2644,429
11001,26138,13276,12862,43.6,5476,20662,4928
11003,47515,23509,24006,38.8,9066,38449,7568
11004,15702,7379,8323,45.2,2786,12916,4035
11005,2175,765,1410,82.9,0,2175,1980
11010,25751,12576,13175,41,5345,20406,4358
11020,6145,3003,3142,44.6,1266,4879,943
11021,19623,8991,10632,46,3909,15714,4548
11023,9699,5090,4609,38.6,3185,6514,2004
11024,9105,4962,4143,29.9,3041,6064,1427
11030,17168,8406,8762,46.2,4466,12702,3302
11040,42140,20834,21306,43.5,8176,33964,8757
11042,317,102,215,87.2,0,317,293
11050,31920,16015,15905,43.4,7865,24055,6533
11096,9567,4837,4730,32.3,2586,6981,1112
11101,34279,17543,16736,34,5053,29226,2605
11102,27069,13516,13553,36,3772,23297,3537
11103,34752,16998,17754,35.3,4301,30451,3963
11104,26939,13395,13544,38.7,4682,22257,3411
11105,38756,19458,19298,35.7,5997,32759,5161
11106,40198,19818,20380,36.3,5964,34234,5712
11109,7280,3806,3474,33.9,1484,5796,399
11201,69755,33195,36560,35.1,12300,57455,8745
11203,78506,36032,42474,42.3,14669,63837,15455
11204,80575,39889,40686,34.7,24145,56430,11528
11205,50319,23065,27254,29.7,15487,34832,4357
11206,89949,42868,47081,30.4,24655,65294,8953
11207,96801,43296,53505,35.4,21806,74995,13316
11208,108180,51983,56197,33.8,28716,79464,12606
11209,71812,34635,37177,40.6,14149,57663,13319
11210,63426,31315,32111,38.2,14836,48590,10608
11211,65511,32868,32643,31.3,13921,51590,5687
11212,84006,35682,48324,37.2,19387,64619,11633
11213,69131,32227,36904,34,16216,52915,9115
11214,90796,44699,46097,40.6,19452,71344,16318
11215,72014,35708,36306,37.2,16175,55839,7856
11216,62373,28654,33719,34.2,9680,52693,6750
11217,43045,19759,23286,35.8,8135,34910,4990
11218,73318,37486,35832,37.3,19225,54093,10064
11219,92283,47258,45025,25.8,35847,56436,10555
11220,93008,46378,46630,36,23657,69351,12203
11221,91236,42539,48697,32.3,15769,75467,9293
11222,40137,19852,20285,34.8,5099,35038,3959
11223,80113,38338,41775,37.3,21509,58604,12523
11224,47893,22112,25781,49.4,9410,38483,13668
11225,58476,27373,31103,36,9790,48686,8950
11226,101053,46615,54438,35.7,18944,82109,13235
11228,44196,22098,22098,43.2,8145,36051,8949
11229,81109,39428,41681,42.2,17901,63208,16851
11230,90245,44876,45369,35.8,24631,65614,15618
11231,38829,18277,20552,37.7,8980,29849,3922
11232,28137,15242,12895,35.5,5620,22517,2142
11233,83125,37663,45462,35,17353,65772,10172
11234,89976,41815,48161,42.6,19326,70650,18386
11235,83069,40192,42877,46.7,14176,68893,21056
11236,100082,45553,54529,39.8,21790,78292,16949
11237,47183,24514,22669,32.6,7496,39687,4295
11238,58047,26680,31367,35.3,9837,48210,6840
11239,16808,6797,10011,45.7,3175,13633,4601
11249,45087,22459,22628,30.2,12955,32132,3115
11354,53371,25137,28234,47.7,7283,46088,12114
11355,79495,37966,41529,46.2,12509,66986,17594
11356,27632,13999,13633,38.7,6351,21281,4837
11357,42792,20308,22484,47.3,8608,34184,10759
11358,37647,18643,19004,43.7,6988,30659,7534
11359,0,0,0,-,0,0,0
11360,19719,9032,10687,51.9,2840,16879,5824
11361,29544,13573,15971,43.5,5517,24027,5994
11362,18426,9204,9222,50.3,2783,15643,5009
11363,7365,3545,3820,46.3,1564,5801,1583
11364,38124,18866,19258,44.8,7948,30176,7621
11365,46424,21632,24792,42.4,10057,36367,7644
11366,13659,7045,6614,43.4,2535,11124,2736
11367,43286,20481,22805,36.3,10615,32671,7591
11368,112750,59755,52995,34.6,27965,84785,11828
11369,32177,16527,15650,40,6361,25816,5140
11370,28164,15965,12199,39,4497,23667,4080
11371,0,0,0,-,0,0,0
11372,67001,33940,33061,41.3,12837,54164,10243
11373,102618,51163,51455,37.6,21933,80685,13397
11374,47230,22849,24381,41.4,8873,38357,9152
11375,75212,36360,38852,44.7,13563,61649,15360
11377,86977,43162,43815,39.5,16539,70438,13455
11378,39250,19744,19506,39.8,8630,30620,4966
11379,38261,19010,19251,44.9,7499,30762,8119
11385,105521,52354,53167,36,20911,84610,12661
11411,21329,9783,11546,46.5,3496,17833,4404
11412,40593,18169,22424,40.5,7946,32647,6157
11413,44832,20143,24689,40.3,9026,35806,6916
11414,30374,14575,15799,45.9,6596,23778,7550
11415,20315,10434,9881,41.6,3652,16663,3449
11416,27794,14582,13212,36.8,6340,21454,3512
11417,31200,14603,16597,36.6,7428,23772,4218
11418,38317,19204,19113,39.3,8383,29934,6184
11419,48096,24720,23376,41.4,8226,39870,7857
11420,51153,26198,24955,40.9,9180,41973,6925
11421,41552,21197,20355,39.3,8587,32965,5585
11422,32296,15009,17287,42,6140,26156,5749
11423,29921,14647,15274,43.9,5321,24600,5796
11424,0,0,0,-,0,0,0
11426,19733,10075,9658,45.6,3471,16262,4674
11427,25187,12216,12971,44.3,4988,20199,5702
11428,19554,9703,9851,45.9,3199,16355,4162
11429,27845,13147,14698,41.8,4985,22860,4897
11430,332,216,116,29.5,75,257,6
11432,64268,31695,32573,38.9,13440,50828,10815
11433,38865,18292,20573,34.5,9581,29284,5139
11434,68182,30515,37667,40,15461,52721,10549
11435,59961,30329,29632,36.1,13336,46625,7886
11436,21349,10182,11167,38.2,4300,17049,2765
11439,2140,906,1234,19.1,98,2042,0
11451,0,0,0,-,0,0,0
11501,21434,11088,10346,41.3,3796,17638,3531
11507,7111,3448,3663,46.5,1317,5794,1497
11509,1682,751,931,53.9,275,1407,495
11510,35070,17262,17808,42.1,7107,27963,5733
11514,5040,2427,2613,38.3,1456,3584,645
11516,8450,4330,4120,36.5,2383,6067,1449
11518,10294,4375,5919,41.1,2176,8118,1780
11520,44876,22192,22684,39.3,9342,35534,6908
11530,28207,13301,14906,41.8,6852,21355,4834
11542,29095,13851,15244,43.2,5442,23653,5904
11545,12068,5844,6224,47.3,2763,9305,2551
11547,585,277,308,47.4,107,478,146
11548,2230,1151,1079,22.8,203,2027,391
11549,2508,1097,1411,20.1,66,2442,0
11550,60668,29451,31217,36.1,14024,46644,7539
11552,26043,13076,12967,37.3,6563,19480,3744
11553,27886,13500,14386,35.6,6301,21585,3982
11554,36856,17028,19828,42.3,7579,29277,8095
11556,0,0,0,-,0,0,0
11557,8290,3993,4297,40.1,2180,6110,1503
11558,8660,4627,4033,43.9,1416,7244,1723
11559,8732,4187,4545,32.9,2478,6254,1621
11560,7043,3607,3436,46.8,1657,5386,1324
11561,38755,19844,18911,45.6,5441,33314,8017
11563,22055,10458,11597,44.5,4392,17663,4705
11565,9013,4455,4558,43.5,1810,7203,1769
11566,33976,17398,16578,42.3,7663,26313,6019
11568,4272,2057,2215,26.2,605,3667,611
11569,1110,556,554,58.4,124,986,410
11570,28262,13577,14685,42.9,6382,21880,5713
11572,29961,15668,14293,45.6,6187,23774,6473
11575,19102,9373,9729,32.8,4787,14315,2051
11576,12506,6118,6388,49.2,2442,10064,3094
11577,12399,5859,6540,43.9,3041,9358,2413
11579,5062,2227,2835,42.7,1322,3740,985
11580,43396,20889,22507,42.2,7463,35933,7316
11581,22770,10848,11922,38.7,5800,16970,3668
11590,47951,23263,24688,40.4,10468,37483,8356
11596,10520,5199,5321,42.8,2598,7922,1805
11598,14531,7236,7295,32.3,4945,9586,1991
11691,70365,33411,36954,33.7,20933,49432,10290
11692,24584,12107,12477,37.1,7028,17556,2941
11693,13558,5933,7625,44.2,2808,10750,2258
11694,21788,10444,11344,44,4844,16944,4546
11697,3946,1900,2046,50.1,712,3234,919
11701,27874,12758,15116,44.4,5605,22269,5077
11702,14044,6874,7170,45.7,2468,11576,2712
11703,17414,8754,8660,42.4,3658,13756,2902
11704,39753,19369,20384,43.7,7240,32513,7109
11705,8409,4114,4295,41.5,1633,6776,1308
11706,65437,33200,32237,37.5,15619,49818,8523
11709,6763,3347,3416,52.5,1131,5632,1418
11710,34950,17734,17216,42.3,8078,26872,5593
11713,8905,4429,4476,37.9,1663,7242,1449
11714,22444,10903,11541,46.2,4700,17744,4557
11715,3786,1805,1981,44.7,727,3059,777
11716,10074,5143,4931,41.8,2197,7877,1667
11717,64969,32976,31993,36.1,14661,50308,7186
11718,3181,1572,1609,39.7,901,2280,448
11719,3519,1759,1760,44.6,727,2792,732
11720,29193,14531,14662,38.1,6664,22529,4156
11721,6569,3253,3316,49.3,1368,5201,1175
11722,37032,18925,18107,34.4,8998,28034,3957
11724,2874,1544,1330,38.5,860,2014,388
11725,28735,14336,14399,43.4,6228,22507,4901
11726,22059,11160,10899,38.9,5256,16803,2865
11727,30058,14480,15578,40.9,5667,24391,4973
11729,26608,12742,13866,43,5271,21337,4117
11730,14168,7101,7067,42.4,2870,11298,2709
11731,30714,15331,15383,45.7,6571,24143,5165
11732,3546,1486,2060,50.5,695,2851,894
11733,17304,8859,8445,45.4,3817,13487,3282
11735,32716,16005,16711,41.2,5708,27008,5644
11738,20077,10934,9143,34.6,4746,15331,2204
11739,1400,680,720,52,195,1205,319
11740,11010,5195,5815,42.2,2497,8513,2056
11741,27632,13082,14550,40.5,6065,21567,4363
11742,13448,6687,6761,39.8,2880,10568,1793
11743,41423,20384,21039,46.9,8244,33179,8406
11746,67663,34412,33251,42,14307,53356,11201
11747,19605,8859,10746,50,3601,16004,5286
11749,3568,1674,1894,38,680,2888,549
11751,13501,6597,6904,45.6,2305,11196,2688
11752,9164,4644,4520,43.6,1796,7368,1572
11753,13087,6166,6921,43.7,3533,9554,2364
11754,18431,8854,9577,42,3786,14645,3786
11755,12227,6433,5794,41.4,2751,9476,1818
11756,42459,20652,21807,42.2,7745,34714,6972
11757,45082,22597,22485,41,8733,36349,7082
11758,54201,26462,27739,45.4,10438,43763,10858
11762,22440,11229,11211,43.1,4514,17926,4393
11763,29765,14746,15019,41.6,6599,23166,5696
11764,12711,5989,6722,41.8,2941,9770,2395
11765,708,376,332,48,187,521,193
11766,11476,5868,5608,46.5,2699,8777,2987
11767,14493,7580,6913,44.3,3034,11459,2315
11768,21333,10452,10881,50.1,4175,17158,4868
11769,9081,4551,4530,49.1,1265,7816,2292
11770,112,69,43,47.8,17,95,18
11771,10068,4862,5206,41,2179,7889,1731
11772,45345,21287,24058,39.6,8671,36674,6768
11776,24119,11161,12958,40.3,5518,18601,3586
11777,9257,4648,4609,45.7,1754,7503,2169
11778,12496,5999,6497,39,2984,9512,1510
11779,38654,19310,19344,38.7,7837,30817,5773
11780,15617,7576,8041,46.3,3117,12500,3217
11782,15113,7510,7603,44.3,3393,11720,2924
11783,21916,11147,10769,40.9,4530,17386,3803
11784,25425,12647,12778,37.8,5668,19757,3785
11786,6559,3515,3044,38.7,1648,4911,825
11787,34408,17042,17366,46.9,6945,27463,6666
11788,17017,8649,8368,42.3,3318,13699,2731
11789,7434,3542,3892,43,1752,5682,888
11790,19282,9853,9429,23.3,2694,16588,2740
11791,25631,12837,12794,43.2,7182,18449,4071
11792,8595,4242,4353,42.7,1615,6980,1442
11793,30865,15301,15564,41.7,6966,23899,5304
11794,1425,739,686,19.6,38,1387,0
11795,25650,13573,12077,40.5,5304,20346,3620
11796,3843,1739,2104,45.4,757,3086,575
11797,9203,4410,4793,53.4,1846,7357,3033
11798,18355,9257,9098,36.1,4523,13832,2018
11801,41967,21998,19969,41.6,7140,34827,7767
11803,30298,14973,15325,44.9,6854,23444,6865
11804,4443,2182,2261,42.1,1186,3257,785
11901,32330,17327,15003,44.4,6165,26165,8027
11930,741,331,410,61.7,66,675,307
11931,0,0,0,-,0,0,0
11932,1032,524,508,48.6,210,822,288
11933,6975,3641,3334,51.9,1303,5672,1859
11934,7778,3671,4107,42.2,1903,5875,1134
11935,2847,1474,1373,58.7,363,2484,1053
11937,21040,9661,11379,44.9,4047,16993,4442
11939,1564,687,877,61.3,152,1412,714
11940,5462,2801,2661,47.1,1204,4258,1271
11941,2493,1163,1330,45.1,458,2035,522
11942,5620,2683,2937,53.2,1024,4596,1308
11944,4799,2248,2551,55,608,4191,1559
11946,17517,9445,8072,43.9,3385,14132,3355
11947,153,84,69,-,0,153,0
11948,535,266,269,49.6,74,461,71
11949,13194,6766,6428,48.4,2535,10659,2484
11950,16379,8519,7860,32.5,4241,12138,1654
11951,14969,6477,8492,38.4,4149,10820,1728
11952,5231,2612,2619,50.4,840,4391,1479
11953,13701,6288,7413,44,2587,11114,2969
11954,4322,2306,2016,49.4,741,3581,931
11955,2857,1421,1436,50.2,405,2452,780
11956,305,154,151,58.8,31,274,129
11957,1220,642,578,64.7,0,1220,591
11958,893,385,508,47.5,213,680,205
11959,632,262,370,53.7,148,484,201
11960,962,482,480,53.1,155,807,358
11961,13126,6003,7123,47.8,2308,10818,4032
11962,344,162,182,60.6,53,291,141
11963,8445,4016,4429,50.5,1682,6763,2224
11964,3129,1498,1631,42.3,770,2359,914
11965,491,186,305,62.3,0,491,193
11967,26860,13729,13131,41,5809,21051,3589
11968,13623,6778,6845,51.7,2254,11369,4034
11970,563,275,288,70.1,0,563,333
11971,6286,3258,3028,49.4,1484,4802,1588
11972,413,98,315,45.4,134,279,74
11973,39,33,6,20.8,0,39,0
11975,426,230,196,55,41,385,134
11976,2437,1237,1200,52.5,279,2158,470
11977,3069,1402,1667,55,709,2360,1020
11978,3969,2029,1940,45.6,705,3264,969
11980,5144,2708,2436,38.3,781,4363,942
12007,325,207,118,45.9,86,239,90
12008,427,204,223,27.6,132,295,50
12009,8322,4021,4301,42.9,1691,6631,1725
12010,27213,13763,13450,40.9,6110,21103,5356
12015,4135,2030,2105,51.5,638,3497,1069
12017,419,189,230,64.8,36,383,207
12018,7300,4074,3226,47.2,1452,5848,1481
12019,15280,7617,7663,46.5,3149,12131,3371
12020,34571,17456,17115,42.3,6680,27891,6107
12022,1038,496,542,39.9,247,791,195
12023,2374,1237,1137,37,567,1807,321
12024,83,46,37,56,7,76,6
12025,5260,2532,2728,49.4,738,4522,1238
12027,4244,1839,2405,43.5,959,3285,788
12028,1082,583,499,42.4,260,822,184
12029,991,524,467,56.8,124,867,341
12031,191,110,81,51.2,31,160,73
12032,737,319,418,51.1,82,655,232
12033,7640,3849,3791,47.8,1269,6371,1880
12035,484,261,223,56.8,90,394,151
12036,220,102,118,31.5,52,168,34
12037,4083,1860,2223,47.2,748,3335,926
12040,28,21,7,60.5,0,28,5
12041,319,160,159,49.4,9,310,47
12042,297,152,145,53.2,31,266,28
12043,7719,3671,4048,37.6,1190,6529,1698
12045,467,251,216,25,166,301,12
12046,519,252,267,53.5,97,422,159
12047,23293,10567,12726,38.2,5232,18061,4228
12051,6050,4059,1991,41.3,900,5150,1047
12052,1974,906,1068,48.4,431,1543,366
12053,4253,2244,2009,44.7,819,3434,567
12054,16995,8124,8871,43.8,3457,13538,3538
12056,2029,1004,1025,43.1,352,1677,419
12057,1997,1164,833,40.2,315,1682,392
12058,1163,678,485,53.1,154,1009,240
12059,1417,729,688,47,200,1217,255
12060,1813,933,880,58.1,210,1603,604
12061,10179,5282,4897,40.1,2283,7896,1805
12062,1662,993,669,47,193,1469,299
12063,609,206,403,53,62,547,102
12064,254,130,124,54.9,22,232,63
12065,44563,21966,22597,40.6,9949,34614,7288
12066,1834,922,912,44,375,1459,266
12067,1457,574,883,47,368,1089,257
12068,2509,1200,1309,48.7,567,1942,548
12069,483,231,252,53.3,50,433,72
12070,2499,1335,1164,42.7,336,2163,500
12071,217,122,95,43.1,45,172,24
12072,2992,1463,1529,34,775,2217,419
12074,2956,1621,1335,40.7,605,2351,553
12075,3159,1575,1584,52.4,460,2699,811
12076,1271,615,656,54.6,212,1059,385
12077,6752,3176,3576,43.9,1483,5269,1197
12078,23144,11411,11733,40.4,4899,18245,4192
12082,2,2,0,-,0,2,2
12083,3900,1946,1954,41.2,1028,2872,784
12084,5069,2748,2321,33.5,1105,3964,678
12085,255,150,105,59.4,22,233,91
12086,1648,729,919,54.5,194,1454,470
12087,1279,722,557,45.8,194,1085,202
12090,5782,2546,3236,46.7,1421,4361,1325
12092,1604,869,735,42.2,318,1286,325
12093,1385,749,636,50.5,194,1191,304
12094,2676,1427,1249,43.7,582,2094,518
12095,12586,6440,6146,43.5,2610,9976,2363
12106,2171,1057,1114,50.9,398,1773,674
12108,408,206,202,49.8,34,374,108
12110,19744,9771,9973,39.6,3620,16124,3675
12115,95,57,38,69.3,0,95,62
12116,1351,550,801,47.6,260,1091,319
12117,2716,1323,1393,51.4,396,2320,715
12118,16557,8373,8184,44.3,3263,13294,3312
12120,635,298,337,39.9,108,527,155
12121,2358,1202,1156,45.9,487,1871,614
12122,3585,1792,1793,51.7,461,3124,1023
12123,4938,2540,2398,41.5,1038,3900,905
12124,246,139,107,48.7,42,204,27
12125,1092,528,564,43.7,155,937,210
12130,431,184,247,33.4,189,242,42
12131,188,84,104,44.7,46,142,48
12132,133,102,31,30,36,97,36
12134,4304,2190,2114,51.4,740,3564,1282
12136,790,420,370,61.8,76,714,328
12137,2035,964,1071,37.9,440,1595,263
12138,2922,1501,1421,42.7,578,2344,557
12139,286,157,129,60.2,33,253,108
12140,1412,646,766,50.7,215,1197,228
12143,5443,2636,2807,45,845,4598,815
12144,21808,10753,11055,40.6,3938,17870,3854
12147,412,209,203,64.2,50,362,198
12148,4371,2190,2181,51.6,788,3583,1103
12149,2208,1106,1102,45.5,483,1725,419
12150,589,290,299,54.6,77,512,134
12151,871,430,441,46.5,161,710,167
12153,703,390,313,51.6,154,549,154
12154,2820,1417,1403,40.8,431,2389,525
12155,1748,842,906,50,321,1427,449
12156,831,447,384,43.5,263,568,172
12157,4574,2350,2224,45.3,993,3581,1104
12158,6045,3142,2903,50.1,1098,4947,1282
12159,8663,4145,4518,52,1539,7124,2522
12160,834,445,389,48.3,129,705,159
12161,35,8,27,29.9,9,26,0
12164,485,235,250,62.1,38,447,213
12165,198,121,77,63.3,26,172,97
12166,1505,819,686,43.7,295,1210,269
12167,2414,1181,1233,52.1,352,2062,638
12168,1749,892,857,48.1,294,1455,371
12169,379,194,185,40.9,128,251,83
12170,5225,2430,2795,42.5,1042,4183,662
12172,211,104,107,22.2,71,140,0
12173,2038,1086,952,38,652,1386,253
12174,588,306,282,55.4,80,508,267
12175,700,358,342,44.7,166,534,222
12176,366,87,279,61.9,74,292,119
12177,455,135,320,47.7,105,350,47
12180,53807,26978,26829,34.5,8659,45148,7770
12182,14790,6975,7815,40.4,3328,11462,2736
12183,2968,1422,1546,37.9,539,2429,444
12184,7288,3576,3712,47.5,1399,5889,1854
12185,1785,984,801,45.3,288,1497,336
12186,6325,3286,3039,45,1073,5252,1180
12187,701,356,345,53.1,92,609,150
12188,11615,5692,5923,44.4,2068,9547,2272
12189,18461,8519,9942,38.8,3793,14668,3150
12190,641,322,319,48.8,153,488,95
12192,1496,823,673,55.7,190,1306,437
12193,1674,947,727,56.2,251,1423,606
12194,177,85,92,38.6,44,133,35
12195,184,67,117,28.6,0,184,11
12196,3954,1831,2123,42,1237,2717,803
12197,1951,965,986,52.3,248,1703,525
12198,7150,3519,3631,46.5,1476,5674,1382
12202,9700,4776,4924,34.7,1929,7771,1103
12203,30545,15125,15420,34.3,3603,26942,5039
12204,8728,4388,4340,33.4,1996,6732,1113
12205,26436,12895,13541,44.2,5411,21025,5586
12206,14793,7232,7561,34.1,3426,11367,1690
12207,2337,1419,918,33.4,312,2025,309
12208,23128,10702,12426,32.8,2838,20290,4001
12209,10427,5016,5411,34.7,2278,8149,1212
12210,9873,5244,4629,36.1,1176,8697,1449
12211,13254,6326,6928,36.1,2457,10797,2504
12222,6358,2716,3642,19.8,172,6186,15
12226,0,0,0,-,0,0,0
12302,27915,13372,14543,42,6167,21748,6218
12303,29680,14454,15226,40.4,6282,23398,5591
12304,21901,10948,10953,40.8,4772,17129,3893
12305,6922,3828,3094,33.9,537,6385,745
12306,27735,13594,14141,39,5807,21928,4758
12307,7863,4260,3603,30.4,1894,5969,770
12308,14367,6941,7426,36.1,2429,11938,2245
12309,33332,16323,17009,41.9,8073,25259,6267
12401,35138,17137,18001,40.3,7161,27977,6416
12404,3864,1722,2142,45.6,961,2903,583
12405,550,262,288,51.2,40,510,168
12406,590,356,234,52.6,59,531,200
12407,132,80,52,43.8,18,114,43
12409,958,458,500,56.4,146,812,301
12410,329,209,120,57.3,20,309,52
12411,377,169,208,50.9,49,328,88
12412,537,304,233,68.7,45,492,343
12413,3144,1453,1691,39.7,594,2550,702
12414,10065,5062,5003,45.6,1406,8659,2279
12416,205,138,67,63.9,0,205,101
12417,873,390,483,54.3,95,778,229
12418,294,171,123,54.3,47,247,60
12419,881,405,476,51.7,174,707,128
12420,351,182,169,29.5,99,252,46
12421,224,103,121,68,13,211,119
12422,398,133,265,54.3,41,357,128
12423,1255,718,537,38.4,377,878,196
12424,261,200,61,64.5,22,239,124
12427,1025,394,631,35.2,312,713,123
12428,7032,3732,3300,45.2,1336,5696,1494
12429,153,101,52,37.5,0,153,0
12430,1341,516,825,48.8,302,1039,241
12431,1845,1017,828,46.2,342,1503,284
12432,581,245,336,50.9,110,471,207
12433,628,299,329,45,189,439,154
12434,984,465,519,37.6,212,772,246
12435,231,139,92,51.6,43,188,77
12436,430,203,227,65.1,9,421,223
12438,48,16,32,43.9,9,39,0
12439,297,142,155,50.7,34,263,75
12440,1493,687,806,57,165,1328,371
12441,105,67,38,78.1,0,105,66
12442,648,278,370,60.6,44,604,260
12443,3582,1586,1996,49.8,579,3003,707
12444,538,329,209,39.3,14,524,144
12446,4894,2315,2579,42.1,969,3925,1006
12448,142,97,45,49.3,0,142,31
12449,3193,1531,1662,48.1,507,2686,755
12450,221,113,108,40.1,36,185,28
12451,1044,639,405,50.6,106,938,283
12452,27,16,11,81,0,27,27
12453,240,107,133,82.6,0,240,207
12454,456,240,216,43.3,149,307,75
12455,1810,934,876,50.5,320,1490,509
12456,728,380,348,34.9,201,527,109
12457,1283,677,606,40.5,236,1047,288
12458,3501,2491,1010,48.5,234,3267,665
12459,68,35,33,64.4,0,68,28
12460,215,138,77,52.2,56,159,55
12461,1371,796,575,51.6,202,1169,435
12463,1341,430,911,47.4,204,1137,323
12464,1093,577,516,56.9,67,1026,322
12465,384,272,112,60.8,18,366,154
12466,2070,1117,953,43.8,523,1547,581
12468,1325,693,632,52.4,159,1166,467
12469,803,438,365,57.1,81,722,218
12470,778,308,470,45.8,142,636,141
12471,268,35,233,58.6,0,268,45
12472,1177,563,614,48,157,1020,262
12473,663,323,340,57.5,97,566,247
12474,856,422,434,57.2,107,749,305
12475,460,315,145,45.2,75,385,121
12477,18557,9318,9239,47.6,3273,15284,3851
12480,324,163,161,47.8,47,277,108
12481,1493,753,740,48.7,84,1409,446
12482,550,303,247,51.2,10,540,211
12483,71,29,42,71.1,14,57,42
12484,3373,1627,1746,46.9,593,2780,974
12485,904,416,488,48.3,294,610,283
12486,1760,908,852,54.1,285,1475,696
12487,3935,2024,1911,48.8,717,3218,703
12489,154,41,113,66.7,0,154,90
12490,0,0,0,-,0,0,0
12491,2059,1049,1010,40.6,479,1580,414
12492,181,99,82,57.2,14,167,34
12493,324,266,58,58.7,13,311,138
12494,865,477,388,49.1,182,683,141
12495,87,54,33,71.8,0,87,76
12496,1311,668,643,51.9,169,1142,325
12498,4580,2268,2312,61.9,490,4090,1961
12501,2170,1253,917,45.1,385,1785,517
12502,1147,628,519,42.9,240,907,263
12503,787,382,405,46.9,127,660,190
12504,1152,425,727,19.8,10,1142,0
12507,238,127,111,20.1,52,186,37
12508,19152,9995,9157,41.1,3357,15795,2878
12512,184,93,91,58.1,12,172,9
12513,154,62,92,66.6,0,154,102
12514,2980,1542,1438,58.4,402,2578,891
12515,1567,810,757,50,213,1354,295
12516,1859,993,866,55.9,169,1690,568
12517,384,240,144,45.2,58,326,72
12518,5861,2843,3018,42.7,1219,4642,1143
12520,3088,1454,1634,46.8,593,2495,644
12521,1607,774,833,53.8,198,1409,446
12522,4775,2170,2605,41.8,690,4085,877
12523,1986,996,990,42.8,409,1577,473
12524,15609,8138,7471,46.4,2651,12958,3545
12525,1739,848,891,40.3,432,1307,234
12526,3519,1686,1833,53.9,336,3183,1003
12527,16,7,9,-,0,16,0
12528,13358,6409,6949,43.8,2414,10944,2665
12529,2296,1175,1121,56,312,1984,781
12530,283,63,220,56.3,0,283,44
12531,2590,1316,1274,48.3,531,2059,491
12533,26249,13217,13032,41.2,6631,19618,4005
12534,17792,9214,8578,45.6,2846,14946,3819
12538,14066,6914,7152,43.6,2121,11945,3054
12540,9297,4583,4714,39.2,2300,6997,1011
12542,5490,2747,2743,46.4,1065,4425,1170
12543,3135,1417,1718,43.3,587,2548,659
12544,33,18,15,-,0,33,0
12545,4521,2001,2520,56.6,650,3871,1444
12546,2700,1314,1386,49.1,494,2206,665
12547,3277,1700,1577,44.6,741,2536,464
12548,1074,513,561,50.6,161,913,191
12549,10635,5177,5458,39.2,2557,8078,1742
12550,55404,26913,28491,38.5,11595,43809,8462
12553,27409,13625,13784,38.5,5906,21503,4163
12561,18136,8244,9892,32.8,2285,15851,3390
12563,7691,4041,3650,42.7,1079,6612,1143
12564,7700,3805,3895,49,1700,6000,1473
12565,1559,881,678,50.4,313,1246,263
12566,12407,5840,6567,39.5,2462,9945,1880
12567,2347,1200,1147,57.3,336,2011,705
12569,9603,4929,4674,42.4,1887,7716,1651
12570,6923,3486,3437,40.4,1672,5251,1161
12571,9235,4559,4676,45.3,1852,7383,1742
12572,9287,4423,4864,57.1,1284,8003,2863
12574,293,126,167,63.7,16,277,141
12575,1584,912,672,41.3,291,1293,186
12577,1552,675,877,38.1,239,1313,189
12578,2125,1144,981,48.3,303,1822,490
12580,4556,2381,2175,47.3,802,3754,1097
12581,2041,988,1053,44.9,407,1634,440
12582,6168,3802,2366,44.5,912,5256,666
12583,1832,859,973,44.6,341,1491,324
12585,842,390,452,59.6,58,784,228
12586,12802,6159,6643,38,3274,9528,1686
12589,19584,10614,8970,38.6,3617,15967,2326
12590,36816,18860,17956,45.6,6182,30634,7287
12592,1429,783,646,38.4,439,990,167
12594,4117,1862,2255,48.2,590,3527,753
12601,43623,21046,22577,34.9,8252,35371,7053
12603,42215,20844,21371,44.2,8015,34200,7512
12604,1978,803,1175,20.1,30,1948,0
12701,12448,6634,5814,38.2,2419,10029,2386
12719,1132,639,493,51.8,84,1048,269
12720,274,155,119,29.1,72,202,8
12721,7872,4287,3585,32.7,2196,5676,751
12722,0,0,0,-,0,0,0
12723,1776,822,954,51.6,199,1577,356
12724,78,37,41,64.2,0,78,22
12725,323,180,143,42.1,89,234,58
12726,1357,778,579,52.6,290,1067,454
12729,1382,705,677,45.4,305,1077,331
12732,830,360,470,60.8,80,750,275
12733,1996,1631,365,38.5,314,1682,77
12734,1016,367,649,40.3,268,748,171
12736,122,59,63,80.2,0,122,70
12737,1625,939,686,43.1,399,1226,208
12738,359,200,159,43,92,267,82
12740,1695,938,757,49,320,1375,333
12741,168,64,104,57.6,15,153,50
12742,194,114,80,47.1,31,163,28
12743,310,148,162,60.6,31,279,117
12745,5,0,5,-,0,5,5
12746,600,343,257,38.9,97,503,137
12747,2026,869,1157,41.4,491,1535,463
12748,1751,939,812,50.3,240,1511,434
12749,539,257,282,35.2,137,402,45
12750,36,25,11,78.8,4,32,25
12751,1151,517,634,21.7,489,662,196
12752,302,140,162,55.2,13,289,62
12754,7800,3805,3995,32.9,2228,5572,888
12758,3857,1858,1999,52.7,691,3166,1034
12759,2145,925,1220,19.9,717,1428,126
12760,425,261,164,58.4,26,399,125
12762,350,177,173,40.2,51,299,24
12763,470,281,189,62.1,23,447,207
12764,1713,858,855,50.1,231,1482,363
12765,891,523,368,47.6,142,749,96
12766,658,326,332,52.6,122,536,266
12767,225,127,98,29.8,37,188,10
12768,866,467,399,46.8,103,763,263
12769,363,190,173,62.5,26,337,125
12770,180,67,113,50.2,25,155,23
12771,14454,7047,7407,40.7,3100,11354,2650
12775,2474,1287,1187,50.3,454,2020,715
12776,2072,1039,1033,51.6,373,1699,617
12777,846,429,417,49,105,741,241
12778,402,187,215,61.1,99,303,173
12779,2304,1162,1142,35.2,710,1594,414
12780,2268,1294,974,45.6,421,1847,495
12781,202,108,94,59.9,10,192,93
12783,1409,646,763,45.5,270,1139,461
12784,0,0,0,-,0,0,0
12785,1041,406,635,40,346,695,112
12786,568,235,333,65.9,72,496,313
12787,97,34,63,48.9,0,97,43
12788,2841,1868,973,45.8,373,2468,369
12789,2336,1013,1323,31.1,492,1844,294
12790,4226,2318,1908,44,819,3407,935
12791,690,366,324,34.2,269,421,71
12792,167,114,53,52.1,14,153,44
12801,14754,7499,7255,37,2957,11797,2251
12803,8828,4382,4446,38.9,1725,7103,1685
12804,27805,13475,14330,47.7,4992,22813,6518
12808,201,97,104,62,4,197,77
12809,3612,1719,1893,47.7,772,2840,805
12810,537,262,275,53.4,95,442,152
12811,225,128,97,44.8,64,161,74
12812,349,206,143,67.6,0,349,314
12814,1135,693,442,59.6,87,1048,402
12815,1099,588,511,49,151,948,344
12816,4626,2132,2494,49.9,968,3658,1094
12817,1951,989,962,56.1,207,1744,629
12819,286,137,149,46.8,45,241,55
12820,102,64,38,39.3,44,58,0
12821,2378,2211,167,42.1,46,2332,147
12822,6200,3375,2825,42.7,1316,4884,1287
12823,502,197,305,45.5,139,363,29
12824,1088,567,521,57.1,171,917,394
12827,3673,2067,1606,41.7,776,2897,768
12828,9590,4623,4967,48.1,1547,8043,1976
12831,18318,8831,9487,40.3,4216,14102,2640
12832,6486,3210,3276,48.6,1157,5329,1462
12833,5233,2754,2479,41.8,962,4271,964
12834,6261,3274,2987,43.6,1113,5148,1357
12835,2545,1314,1231,55.8,269,2276,777
12836,461,234,227,63.8,13,448,218
12837,879,491,388,43.5,177,702,166
12838,721,371,350,46.7,133,588,147
12839,13764,7368,6396,41.9,2449,11315,2647
12841,95,30,65,69.9,0,95,61
12842,705,352,353,55.3,100,605,162
12843,678,415,263,39.6,153,525,86
12844,293,161,132,60.5,32,261,141
12845,4573,2263,2310,50.8,689,3884,1367
12846,3004,1530,1474,52.2,362,2642,660
12847,687,344,343,59.2,86,601,220
12849,425,186,239,49,95,330,152
12850,2729,1490,1239,47.8,521,2208,573
12851,319,168,151,49.1,65,254,69
12852,365,214,151,62.3,33,332,164
12853,1379,548,831,57.4,303,1076,511
12854,98,13,85,20,49,49,0
12855,207,103,104,55.6,23,184,62
12856,313,101,212,29.6,34,279,78
12857,738,383,355,58.8,95,643,272
12858,146,73,73,65.8,6,140,82
12859,1855,1031,824,42,543,1312,301
12860,364,207,157,51.3,64,300,70
12861,556,295,261,46.2,131,425,136
12862,266,90,176,41.6,60,206,78
12863,883,436,447,36.4,275,608,102
12864,9,6,3,-,0,9,0
12865,3448,1735,1713,43.9,615,2833,672
12866,38813,18669,20144,44.6,5491,33322,8672
12870,1690,826,864,54,256,1434,575
12871,4197,2270,1927,39.9,823,3374,585
12872,103,53,50,-,0,103,0
12873,875,390,485,51.8,131,744,177
12874,155,71,84,62.8,10,145,57
12878,767,348,419,46.1,197,570,170
12883,4797,2554,2243,48.5,786,4011,1223
12884,591,295,296,34.3,147,444,102
12885,4411,2217,2194,46.8,897,3514,936
12886,231,130,101,57.9,14,217,45
12887,4720,2117,2603,36.2,1164,3556,792
12901,32431,15926,16505,37.6,4946,27485,5554
12903,1705,734,971,45,343,1362,384
12910,1886,1209,677,41.4,302,1584,296
12911,0,0,0,-,0,0,0
12912,1809,923,886,44.6,321,1488,491
12913,1077,524,553,47.1,259,818,166
12914,876,476,400,38.2,169,707,157
12915,58,36,22,60.6,0,58,4
12916,2375,1182,1193,40.2,563,1812,441
12917,1232,521,711,38.5,337,895,165
12918,2607,1390,1217,43,564,2043,476
12919,2716,1366,1350,43.3,474,2242,620
12920,2429,1240,1189,43.4,607,1822,427
12921,2870,1488,1382,36.9,763,2107,381
12922,37,23,14,57.5,4,33,3
12923,506,266,240,43.4,95,411,112
12924,325,139,186,21.7,72,253,0
12926,2325,1122,1203,39,551,1774,412
12927,295,154,141,60.5,11,284,104
12928,1869,897,972,49.2,320,1549,493
12929,3433,2925,508,37.8,234,3199,139
12930,843,329,514,40.8,242,601,165
12932,1090,520,570,55.2,133,957,363
12933,27,12,15,81.6,0,27,27
12934,1197,627,570,40.5,262,935,273
12935,1406,740,666,53.1,269,1137,287
12936,671,340,331,57.8,103,568,198
12937,1464,732,732,38.5,388,1076,279
12939,141,93,48,56.7,20,121,31
12941,1692,1010,682,48.7,269,1423,346
12942,516,253,263,55.9,31,485,178
12943,300,105,195,52.5,13,287,86
12944,3887,1877,2010,42.3,850,3037,883
12945,528,250,278,41.9,107,421,191
12946,4774,2270,2504,43.8,955,3819,900
12950,668,311,357,44.9,109,559,94
12952,265,112,153,31.6,94,171,41
12953,13323,7755,5568,40.9,2169,11154,2130
12955,345,193,152,55.3,24,321,98
12956,1248,612,636,46,148,1100,367
12957,1647,908,739,45,376,1271,391
12958,1829,911,918,44.4,352,1477,371
12959,1618,786,832,44.2,325,1293,266
12960,900,406,494,57.7,117,783,436
12961,97,11,86,62.4,0,97,0
12962,5051,2474,2577,45.2,1236,3815,1203
12964,96,55,41,54.2,9,87,34
12965,272,145,127,54.2,56,216,65
12966,3152,1595,1557,36.6,985,2167,394
12967,1226,673,553,32.3,237,989,141
12969,219,105,114,63.9,19,200,109
12970,937,624,313,21.3,36,901,123
12972,7049,3451,3598,41.4,1536,5513,940
12973,169,95,74,38.5,41,128,40
12974,2054,954,1100,55.5,267,1787,486
12975,210,84,126,51.6,38,172,65
12976,175,77,98,61.4,12,163,72
12977,1324,1313,11,35.9,17,1307,22
12978,256,123,133,59.5,22,234,118
12979,2534,1310,1224,45,569,1965,557
12980,1118,596,522,56,158,960,294
12981,2397,1234,1163,42.2,614,1783,330
12983,7336,3933,3403,44.6,1286,6050,1529
12985,915,490,425,52.3,102,813,190
12986,5356,2742,2614,47.4,1019,4337,1276
12987,152,64,88,54.3,11,141,24
12989,970,494,476,53.3,172,798,259
12992,3774,1869,1905,50.3,627,3147,879
12993,1634,929,705,53.5,278,1356,506
12996,1983,906,1077,54.5,299,1684,538
12997,1217,604,613,49.1,141,1076,296
12998,294,159,135,37.9,111,183,66
13020,107,50,57,48.7,28,79,28
13021,37640,18193,19447,43,7163,30477,8276
13024,1380,1380,0,39.1,0,1380,13
13026,1737,926,811,32.6,231,1506,307
13027,35432,17145,18287,41.6,8289,27143,6381
13028,809,414,395,46.9,195,614,156
13029,7878,3826,4052,42.2,2052,5826,1412
13030,4008,2022,1986,42.2,1072,2936,681
13031,15741,7741,8000,48.1,3154,12587,3587
13032,12902,6504,6398,45.8,2433,10469,2431
13033,3661,1872,1789,38.9,888,2773,514
13034,2022,1061,961,43.3,453,1569,419
13035,8476,3985,4491,43.6,1399,7077,1806
13036,9020,4564,4456,41.5,1751,7269,1622
13037,9669,5069,4600,40.8,2274,7395,1667
13039,17033,8606,8427,43.1,3773,13260,2806
13040,2620,1322,1298,42.9,556,2064,480
13041,11902,6059,5843,40.2,2851,9051,1889
13042,2012,1115,897,47.8,431,1581,410
13044,3026,1839,1187,41.8,607,2419,483
13045,28157,13878,14279,32.1,4573,23584,4027
13051,37,37,0,-,0,37,0
13052,1763,827,936,40.3,335,1428,329
13053,4717,2157,2560,38.4,866,3851,879
13054,1218,573,645,45.8,344,874,206
13057,14329,7236,7093,44.8,2467,11862,2893
13060,2731,1266,1465,45,580,2151,483
13061,627,318,309,53.7,79,548,169
13062,212,114,98,32.5,32,180,69
13063,1696,800,896,53.8,213,1483,466
13065,222,106,116,26.9,75,147,32
13066,12752,5821,6931,46.7,2694,10058,3069
13068,4778,2405,2373,44.6,911,3867,986
13069,23378,11734,11644,40.7,5019,18359,3856
13071,864,490,374,35.1,223,641,115
13072,838,437,401,55.8,118,720,215
13073,6514,3193,3321,41.5,1579,4935,1254
13074,4453,2164,2289,40.8,910,3543,743
13076,2416,1236,1180,38,556,1860,264
13077,6646,3272,3374,48.9,1342,5304,1523
13078,10867,5399,5468,44.6,2557,8310,2203
13080,3519,1600,1919,50.3,614,2905,833
13081,1114,581,533,49.8,218,896,256
13082,3750,1816,1934,46.3,688,3062,799
13083,1989,1025,964,46.2,350,1639,283
13084,3801,1981,1820,46,729,3072,920
13087,161,82,79,50.4,11,150,57
13088,21914,10298,11616,44.5,3643,18271,4935
13090,29344,14532,14812,37.9,6369,22975,4243
13092,2726,1495,1231,39,820,1906,349
13101,2410,1323,1087,36.8,722,1688,363
13102,52,33,19,32.2,0,52,0
13103,226,145,81,46.9,25,201,33
13104,16753,8218,8535,44.5,3808,12945,3209
13108,6284,3113,3171,50.1,1176,5108,1751
13110,2389,1171,1218,50.2,421,1968,673
13111,1790,942,848,33.5,546,1244,256
13112,1728,766,962,34.7,391,1337,325
13113,52,21,31,47,2,50,16
13114,7397,3712,3685,44.8,1564,5833,1415
13115,225,118,107,41.8,51,174,29
13116,3652,2167,1485,40.7,711,2941,794
13117,279,127,152,43.3,63,216,29
13118,5811,3149,2662,44.8,1086,4725,1088
13119,0,0,0,-,0,0,0
13120,2218,1030,1188,49.2,412,1806,345
13121,0,0,0,-,0,0,0
13122,982,381,601,53.2,134,848,327
13123,32,0,32,-,0,32,32
13124,102,57,45,55.5,16,86,38
13126,36278,17962,18316,35.6,6975,29303,5960
13131,3115,1541,1574,42.4,555,2560,573
13132,3495,1839,1656,52.7,691,2804,643
13134,132,110,22,26.9,1,131,15
13135,6296,2930,3366,41.4,1556,4740,1059
13136,329,151,178,38.8,105,224,71
13138,139,117,22,45.2,23,116,0
13140,4335,2136,2199,46.4,876,3459,880
13141,655,358,297,46.9,138,517,168
13142,6044,3074,2970,44.4,1177,4867,1302
13143,2354,1175,1179,36,694,1660,366
13144,1323,656,667,42,378,945,195
13145,1595,913,682,44,347,1248,374
13146,2176,1096,1080,33.3,541,1635,331
13147,929,505,424,41.4,163,766,204
13148,10854,5317,5537,44.4,1953,8901,2209
13152,7700,3859,3841,52.2,1544,6156,2415
13153,337,166,171,33.8,154,183,29
13154,34,11,23,57.5,0,34,11
13155,567,284,283,43.8,118,449,122
13156,2169,1154,1015,55.3,265,1904,594
13157,535,278,257,55.4,88,447,127
13158,1352,747,605,52.8,169,1183,214
13159,5243,2588,2655,42.9,1122,4121,1033
13160,2262,1145,1117,42.5,573,1689,428
13162,409,168,241,28.8,126,283,81
13163,332,167,165,45.2,44,288,85
13164,2720,1326,1394,37,954,1766,385
13165,9511,4752,4759,47,1879,7632,2044
13166,5758,3159,2599,44.7,1098,4660,965
13167,2982,1515,1467,43.6,691,2291,567
13202,7331,3975,3356,30.5,1580,5751,414
13203,16884,8400,8484,38.8,3370,13514,2964
13204,19550,9173,10377,32.1,5159,14391,2017
13205,18069,8276,9793,37.7,4686,13383,3808
13206,16713,8525,8188,38.7,3291,13422,2594
13207,12784,6031,6753,36.1,3216,9568,2032
13208,23094,11375,11719,34.9,6510,16584,2804
13209,13171,6165,7006,44.5,2462,10709,2873
13210,19144,9233,9911,26,2171,16973,1535
13211,5968,2642,3326,36.3,1304,4664,873
13212,20638,9916,10722,45.1,3718,16920,4766
13214,8899,4235,4664,36.3,1807,7092,1833
13215,14317,7114,7203,45.9,2733,11584,3293
13219,15557,7363,8194,43.4,3143,12414,3143
13224,8881,4215,4666,41.2,2001,6880,1796
13244,8384,3701,4683,19.4,121,8263,0
13290,0,0,0,-,0,0,0
13301,156,104,52,64.9,32,124,77
13302,1377,701,676,36.9,298,1079,159
13303,1295,631,664,54.5,209,1086,290
13304,1919,933,986,39.4,527,1392,329
13305,201,110,91,60.5,0,201,65
13308,4429,2064,2365,43.9,955,3474,571
13309,5805,2865,2940,46.1,1080,4725,1103
13310,837,535,302,34,160,677,81
13312,308,161,147,61.2,30,278,87
13313,597,320,277,38.8,116,481,95
13314,153,66,87,36.6,63,90,0
13315,1404,700,704,46.3,302,1102,366
13316,5912,2820,3092,51.1,1210,4702,1628
13317,4002,2004,1998,35.1,1316,2686,515
13318,1056,538,518,38.8,229,827,181
13319,550,303,247,48.3,15,535,52
13320,2085,1084,1001,40.1,381,1704,370
13321,803,307,496,52,163,640,247
13322,1073,567,506,43.4,227,846,231
13323,11151,5273,5878,43,1384,9767,2539
13324,1653,893,760,54.8,243,1410,439
13325,929,515,414,44.3,198,731,191
13326,4698,2353,2345,55.4,513,4185,1594
13327,2230,1186,1044,37.1,624,1606,332
13328,1451,720,731,40.1,290,1161,222
13329,3555,1768,1787,45.7,758,2797,834
13331,69,33,36,64,0,69,34
13332,2878,1510,1368,31.5,972,1906,316
13333,57,15,42,60.6,2,55,24
13334,943,499,444,46.6,152,791,236
13335,1355,745,610,41.2,289,1066,250
13337,653,292,361,53.9,73,580,193
13338,1242,658,584,52.9,241,1001,412
13339,6084,3170,2914,38.4,1563,4521,1049
13340,7479,3809,3670,42.7,1667,5812,1448
13342,275,158,117,26.6,105,170,19
13343,1625,891,734,49.1,309,1316,375
13345,175,84,91,40.2,36,139,37
13346,6244,3025,3219,22.7,767,5477,1108
13348,1669,897,772,41.4,309,1360,218
13350,9695,4762,4933,48.6,1291,8404,2370
13352,29,27,2,12.4,24,5,0
13353,41,21,20,59.5,7,34,13
13354,3285,1673,1612,44.8,806,2479,803
13355,1139,579,560,42,204,935,168
13357,10301,5030,5271,44.9,2258,8043,2381
13360,128,92,36,23,16,112,11
13361,661,327,334,45.4,99,562,105
13363,2409,1221,1188,40,615,1794,385
13364,232,121,111,61.5,16,216,92
13365,8449,4449,4000,38.6,2260,6189,1485
13367,8682,4261,4421,42.9,1721,6961,1819
13368,1121,521,600,46.3,269,852,243
13402,1087,545,542,51.6,186,901,267
13403,7087,4619,2468,35.2,1182,5905,805
13404,127,67,60,41.5,41,86,23
13406,492,260,232,35.4,131,361,63
13407,5140,2533,2607,46.5,1155,3985,1087
13408,3383,1659,1724,21.6,441,2942,434
13409,1976,987,989,50.5,263,1713,395
13410,536,206,330,59.6,59,477,145
13411,2743,1407,1336,46.5,500,2243,634
13413,16282,7496,8786,48.1,2949,13333,4505
13415,82,48,34,60.7,3,79,27
13416,2235,1072,1163,41.6,497,1738,478
13417,3103,1446,1657,49.8,344,2759,969
13418,212,142,70,51.1,3,209,23
13420,1092,552,540,57.1,46,1046,378
13421,12857,6051,6806,45.9,2651,10206,2736
13424,2274,1270,1004,37.3,399,1875,406
13425,1762,973,789,45.6,335,1427,287
13428,1533,752,781,50.8,255,1278,462
13431,1939,998,941,39.5,493,1446,325
13433,1647,844,803,36.6,541,1106,281
13435,275,129,146,43.6,126,149,45
13436,107,50,57,54.5,7,100,37
13437,307,161,146,53.5,42,265,84
13438,2994,1544,1450,48.3,556,2438,597
13439,3715,1829,1886,38.6,832,2883,702
13440,41198,21251,19947,42.3,8332,32866,8159
13441,222,137,85,26.7,25,197,18
13450,252,194,58,22.6,40,212,2
13452,4874,2560,2314,42.2,1068,3806,1024
13454,732,340,392,43.6,81,651,98
13455,46,33,13,17.5,27,19,0
13456,3977,2044,1933,38.9,1114,2863,471
13457,32,21,11,60.5,2,30,12
13459,2048,983,1065,41,460,1588,423
13460,4293,2162,2131,41,1017,3276,665
13461,3158,1560,1598,47.5,655,2503,829
13464,1245,672,573,51.4,270,975,280
13468,291,118,173,36.7,51,240,64
13469,1317,597,720,42.9,241,1076,181
13470,710,369,341,49.7,135,575,106
13471,2656,1195,1461,45.6,638,2018,547
13472,340,114,226,33.9,134,206,86
13473,1128,634,494,37.9,301,827,260
13475,39,15,24,66.8,3,36,25
13476,2975,1499,1476,39.7,618,2357,527
13477,1485,739,746,37.6,387,1098,117
13478,3040,1621,1419,46,462,2578,752
13480,3426,1700,1726,44.3,796,2630,621
13482,63,26,37,54.6,8,55,19
13483,454,242,212,30.2,98,356,16
13484,29,0,29,-,0,29,29
13485,1635,816,819,35,471,1164,211
13486,738,351,387,48.6,156,582,171
13488,141,64,77,55.3,6,135,40
13489,533,295,238,43.6,94,439,94
13490,1181,691,490,32.9,313,868,176
13491,3853,1848,2005,37.7,863,2990,630
13492,11395,5339,6056,44.3,2284,9111,2666
13493,2205,1211,994,32.7,642,1563,223
13494,222,103,119,54,32,190,67
13495,2081,1183,898,34.9,532,1549,313
13501,40152,19368,20784,34,10763,29389,6499
13502,33962,17495,16467,37.1,7420,26542,5155
13601,38332,19823,18509,35.9,8647,29685,5553
13602,2798,2530,268,21.6,3,2795,0
13603,14050,7574,6476,22.5,5601,8449,33
13605,5261,2691,2570,36.9,1510,3751,871
13606,2423,1287,1136,48.1,527,1896,384
13607,1750,992,758,58.1,208,1542,552
13608,1818,940,878,39.3,424,1394,251
13611,312,143,169,42.9,100,212,121
13612,2703,1402,1301,44,516,2187,560
13613,2604,1206,1398,45.7,516,2088,578
13614,345,150,195,32.8,86,259,21
13615,586,290,296,56.5,64,522,115
13616,1936,876,1060,33.5,168,1768,297
13617,12124,5930,6194,30,1707,10417,1677
13618,1814,909,905,49.3,384,1430,571
13619,10625,5322,5303,34.9,2483,8142,1584
13620,2066,934,1132,34.4,648,1418,409
13621,578,324,254,29.6,169,409,64
13622,1985,947,1038,42.9,512,1473,486
13623,51,22,29,62.3,4,47,18
13624,4933,2720,2213,43.9,640,4293,1067
13625,1551,786,765,45.6,270,1281,379
13626,2282,1287,995,44.7,474,1808,370
13628,268,129,139,25.3,110,158,10
13630,1443,817,626,39,324,1119,236
13632,107,56,51,61.6,0,107,0
13633,318,160,158,30.4,117,201,60
13634,3947,2013,1934,43.8,934,3013,883
13635,1244,644,600,37.8,372,872,195
13636,177,82,95,34.3,76,101,29
13637,4493,2502,1991,27.6,1125,3368,241
13638,372,148,224,23.8,124,248,11
13639,24,18,6,72.4,0,24,24
13640,302,154,148,66.8,30,272,183
13641,54,24,30,78.5,0,54,54
13642,9237,5060,4177,46.2,1616,7621,1751
13643,60,32,28,8.3,36,24,0
13645,0,0,0,-,0,0,0
13646,2257,1185,1072,45.7,483,1774,405
13647,150,76,74,48.1,19,131,27
13648,2007,1015,992,44.1,421,1586,420
13649,37,16,21,55.2,7,30,7
13650,1355,686,669,54.6,257,1098,457
13651,126,65,61,68.6,4,122,94
13652,1796,942,854,34.4,540,1256,265
13654,2380,1210,1170,40,621,1759,287
13655,3669,1684,1985,46.1,878,2791,543
13656,3230,1687,1543,31,1077,2153,450
13658,2326,1094,1232,47.9,475,1851,613
13659,379,213,166,41.7,73,306,74
13660,1849,935,914,38.4,513,1336,255
13661,1825,877,948,38.9,497,1328,256
13662,16117,7720,8397,42.1,3156,12961,3455
13664,404,160,244,55.8,50,354,122
13665,812,450,362,48.7,158,654,105
13666,216,94,122,37.5,68,148,23
13667,3171,1546,1625,44.9,708,2463,591
13668,3200,1639,1561,47,737,2463,636
13669,16044,8466,7578,40.6,3840,12204,2756
13670,383,189,194,52.3,58,325,156
13672,376,183,193,58.4,76,300,135
13673,2163,1136,1027,31,575,1588,290
13674,137,80,57,42.4,50,87,33
13675,61,21,40,44.2,28,33,9
13676,14179,7470,6709,30.8,2547,11632,2261
13678,105,86,19,48.2,0,105,19
13679,1108,593,515,38.1,236,872,190
13680,1398,681,717,29.6,457,941,126
13681,971,508,463,34.5,279,692,206
13682,845,425,420,47.2,144,701,173
13683,66,22,44,19.7,17,49,0
13684,1172,610,562,40.1,304,868,252
13685,2187,1112,1075,42.6,299,1888,496
13687,505,299,206,54.1,77,428,179
13690,773,458,315,49.6,191,582,172
13691,3123,1746,1377,30.2,706,2417,249
13692,216,108,108,60.3,20,196,93
13693,294,142,152,63.5,16,278,126
13694,1253,547,706,54.2,209,1044,359
13695,200,114,86,53.8,18,182,29
13696,174,84,90,32.6,0,174,35
13697,1879,1010,869,42.9,322,1557,478
13699,2021,1193,828,20,25,1996,0
13730,2871,1430,1441,53.8,469,2402,753
13731,1002,532,470,52.2,114,888,332
13732,7607,3912,3695,40.7,1579,6028,1332
13733,5049,2744,2305,50.8,902,4147,1097
13734,2372,1308,1064,47.8,378,1994,401
13736,1807,901,906,43.4,387,1420,381
13738,44,37,7,19.6,14,30,0
13739,801,424,377,54.9,68,733,176
13740,560,348,212,55.8,108,452,178
13743,3394,1734,1660,49.5,607,2787,735
13744,1359,651,708,34,371,988,139
13746,2142,1169,973,56.9,322,1820,725
13747,29,29,0,-,0,29,29
13748,3760,2131,1629,47,609,3151,880
13750,711,329,382,53.3,88,623,161
13751,209,71,138,20.6,98,111,12
13752,868,571,297,34.8,143,725,144
13753,5593,2853,2740,33.8,747,4846,1074
13754,2656,1285,1371,48.6,534,2122,682
13755,888,435,453,52.6,128,760,189
13756,694,340,354,50.8,99,595,162
13757,1274,624,650,55.4,192,1082,392
13760,43240,21209,22031,42.7,8911,34329,9610
13774,148,74,74,59.5,8,140,13
13775,1806,1003,803,48.3,247,1559,471
13776,404,185,219,49.8,42,362,94
13777,396,220,176,47.8,86,310,101
13778,5349,2548,2801,42.3,1170,4179,1077
13780,862,415,447,45.5,283,579,49
13782,730,392,338,52,80,650,293
13783,2331,1206,1125,57.9,319,2012,745
13784,294,177,117,46.2,62,232,46
13786,366,222,144,56,71,295,115
13787,3067,1613,1454,54.5,645,2422,821
13788,959,494,465,52.1,121,838,216
13790,18584,9315,9269,39.5,3604,14980,3945
13795,2954,1353,1601,46.8,482,2472,709
13796,996,485,511,56.3,150,846,259
13797,2061,976,1085,39.9,539,1522,334
13801,1496,838,658,50.6,208,1288,316
13802,1079,518,561,41.3,317,762,113
13803,4278,2049,2229,33.9,1277,3001,739
13804,190,100,90,32.5,41,149,51
13806,222,94,128,46.2,51,171,32
13807,1296,629,667,46.8,215,1081,237
13808,1379,666,713,40.8,290,1089,274
13809,1964,913,1051,38.4,405,1559,386
13810,1260,605,655,53.5,165,1095,400
13811,4120,2013,2107,43.9,954,3166,772
13812,2293,1167,1126,42.4,520,1773,438
13813,1131,589,542,28,538,593,151
13814,18,12,6,27.7,7,11,3
13815,12925,6395,6530,43.6,2520,10405,2891
13820,22500,10842,11658,31.7,2628,19872,4125
13825,3058,1694,1364,46.1,433,2625,714
13826,91,78,13,34,0,91,31
13827,11770,5696,6074,44.9,2474,9296,2747
13830,4933,2488,2445,44.2,1017,3916,1129
13832,449,226,223,40.2,88,361,54
13833,4297,2152,2145,31.8,1399,2898,709
13834,118,59,59,63.7,0,118,46
13835,1301,659,642,51.4,270,1031,256
13838,3984,1920,2064,44.1,938,3046,888
13839,1319,638,681,47.5,355,964,346
13841,483,202,281,38,150,333,76
13842,610,361,249,50.7,68,542,123
13843,2094,953,1141,43.5,481,1613,426
13844,638,338,300,43.2,155,483,114
13846,369,175,194,63.5,55,314,149
13847,17,11,6,49.8,3,14,8
13849,4424,1957,2467,46.4,669,3755,1190
13850,23544,11545,11999,42.4,4329,19215,5259
13856,6063,2992,3071,46,1159,4904,1348
13859,101,25,76,41.1,28,73,25
13860,228,102,126,39.3,57,171,48
13861,454,254,200,45.9,58,396,138
13862,3702,1902,1800,40.6,738,2964,778
13863,473,252,221,48.4,88,385,107
13864,1148,523,625,48.3,152,996,310
13865,6000,3315,2685,48.9,1212,4788,1328
13901,19979,9147,10832,41,4218,15761,3834
13902,6405,3052,3353,19.4,78,6327,0
13903,18483,8907,9576,41.9,3697,14786,3264
13904,9499,4776,4723,43.1,2220,7279,1742
13905,27673,14009,13664,34.3,3577,24096,5039
14001,9199,4427,4772,46.9,1829,7370,1888
14004,11658,6086,5572,42.2,2367,9291,2635
14005,2085,1132,953,35.6,475,1610,250
14006,9402,4522,4880,46.9,1931,7471,2100
14008,1594,772,822,42.4,403,1191,242
14009,5477,2706,2771,44.4,1095,4382,1124
14011,7711,4918,2793,40.9,1336,6375,1137
14012,3020,1461,1559,43.3,739,2281,535
14013,1744,920,824,41.9,411,1333,349
14020,22442,11327,11115,43.5,4252,18190,4774
14024,1637,809,828,38.6,509,1128,236
14025,3754,1886,1868,52.7,575,3179,565
14026,506,243,263,54.2,65,441,150
14027,34,29,5,62.1,0,34,0
14028,1556,808,748,49.6,275,1281,464
14029,31,10,21,52.4,3,28,2
14030,2045,1048,997,38.4,536,1509,284
14031,9685,4839,4846,50.9,1609,8076,2581
14032,10572,5528,5044,45.5,2613,7959,1610
14033,1460,642,818,50.1,252,1208,365
14034,2513,1561,952,43.7,356,2157,448
14035,61,32,29,32.3,17,44,12
14036,5406,2631,2775,49.6,799,4607,1511
14037,963,498,465,50.7,122,841,240
14039,70,37,33,62.3,11,59,23
14040,1799,896,903,39.3,444,1355,356
14041,132,60,72,52.3,17,115,18
14042,4403,2220,2183,40.6,980,3423,801
14043,24936,12075,12861,43.1,4525,20411,5418
14047,6147,3276,2871,48.9,759,5388,1367
14048,14859,7644,7215,45.8,2575,12284,3007
14051,19747,10085,9662,45.2,4359,15388,4151
14052,17694,8731,8963,50.7,2927,14767,4142
14054,1356,740,616,38.6,362,994,187
14055,1455,639,816,53.8,198,1257,368
14056,194,40,154,36.7,59,135,82
14057,7688,3971,3717,46.3,1630,6058,1571
14058,2408,1245,1163,34.4,767,1641,284
14059,9629,5078,4551,43.1,2245,7384,2117
14060,356,212,144,52.6,35,321,114
14061,93,59,34,51.9,11,82,30
14062,3251,1579,1672,43.2,762,2489,584
14063,13123,6594,6529,38.7,1761,11362,2927
14065,1747,836,911,40.4,451,1296,277
14066,1093,530,563,50.1,196,897,238
14067,4028,1845,2183,43.1,807,3221,622
14068,7990,3907,4083,45,1812,6178,2271
14069,630,281,349,46.9,132,498,198
14070,6186,3102,3084,39.3,1625,4561,1069
14072,21416,10620,10796,44.9,4248,17168,4273
14075,44610,21099,23511,47.3,8355,36255,10164
14080,4215,2177,2038,45.3,872,3343,791
14081,2910,1595,1315,50.6,537,2373,692
14082,671,319,352,40.8,219,452,87
14083,10,5,5,-,0,10,0
14085,8298,4040,4258,42.4,2216,6082,1290
14086,35121,17091,18030,45.7,6823,28298,6925
14091,1600,861,739,36.6,465,1135,322
14092,10522,4919,5603,49.4,1782,8740,3114
14094,50302,24758,25544,42,10309,39993,8829
14098,3146,1589,1557,37.4,817,2329,454
14101,1843,895,948,49.1,375,1468,449
14102,1488,932,556,45.3,291,1197,202
14103,10783,5617,5166,39.2,2278,8505,1707
14105,5128,2502,2626,44,1055,4073,1129
14108,5263,2621,2642,41.9,1180,4083,1082
14109,1218,493,725,19.4,54,1164,0
14111,3150,1664,1486,42.5,719,2431,441
14112,54,27,27,33.9,0,54,26
14113,686,370,316,41.9,132,554,126
14120,44414,21755,22659,45.2,8193,36221,9014
14125,3580,1811,1769,45.3,736,2844,550
14126,456,239,217,44.1,82,374,48
14127,30652,15130,15522,46.2,6154,24498,7261
14129,1300,617,683,46.5,269,1031,318
14130,112,69,43,36.5,44,68,32
14131,5182,2537,2645,52.1,877,4305,1040
14132,6689,3345,3344,44.2,1469,5220,1015
14134,72,27,45,45.2,18,54,31
14135,141,74,67,48.1,19,122,45
14136,5122,2433,2689,44,932,4190,1203
14138,1864,946,918,43,406,1458,399
14139,2074,1107,967,37.7,727,1347,306
14141,7492,3914,3578,45.5,1560,5932,1579
14143,1058,600,458,39.8,253,805,162
14145,1206,587,619,50.5,193,1013,250
14150,41456,20278,21178,42.1,6986,34470,8485
14166,231,133,98,67.6,0,231,159
14167,1866,1053,813,42.2,349,1517,297
14168,77,35,42,45.5,8,69,6
14169,80,56,24,43.9,0,80,6
14170,2223,1008,1215,47.3,514,1709,330
14171,1605,849,756,54.9,223,1382,404
14172,3091,1522,1569,47.4,598,2493,635
14173,188,73,115,51.5,71,117,8
14174,5698,2909,2789,48,1176,4522,1518
14201,12623,6380,6243,32.9,2998,9625,1356
14202,3664,2095,1569,39.3,436,3228,552
14203,2390,1093,1297,31.7,207,2183,233
14204,7666,3322,4344,42,1378,6288,1502
14206,21726,11086,10640,39.6,4498,17228,3250
14207,25699,12172,13527,30.8,7556,18143,2303
14208,11820,5219,6601,32.4,2207,9613,2094
14209,8677,4084,4593,32.3,897,7780,1665
14210,15382,7342,8040,42.8,2968,12414,2822
14211,24143,10977,13166,34.6,7392,16751,3195
14212,13295,6628,6667,36.6,3878,9417,1679
14213,23980,11928,12052,30,6636,17344,2043
14214,22113,11814,10299,28.7,3978,18135,2644
14215,42368,18786,23582,32.8,10695,31673,5307
14216,24009,11548,12461,34.2,3831,20178,3615
14217,22921,10729,12192,43.1,4041,18880,4089
14218,20936,9995,10941,38.7,4536,16400,3357
14219,10854,5204,5650,48.6,1594,9260,2361
14220,23926,11746,12180,40.9,4874,19052,4121
14221,55228,26439,28789,47.7,10689,44539,14876
14222,15744,7846,7898,31.9,2025,13719,1799
14223,22482,11267,11215,42.2,4237,18245,4290
14224,40745,19502,21243,45.7,7351,33394,8525
14225,34063,16713,17350,38.4,6457,27606,6321
14226,29273,13692,15581,37.8,6066,23207,5113
14227,21329,10207,11122,48.4,3146,18183,5771
14228,25038,12661,12377,32.7,4895,20143,3809
14260,812,387,425,18.9,16,796,0
14261,4818,2558,2260,19.2,218,4600,0
14301,12151,6133,6018,43.3,2350,9801,2535
14302,206,25,181,64.3,0,206,85
14303,6159,3151,3008,35.5,1726,4433,1084
14304,28582,14404,14178,44,5404,23178,6240
14305,16605,7939,8666,37.1,3533,13072,2666
14411,12608,6252,6356,44.8,1940,10668,2476
14413,174,124,50,40.6,41,133,0
14414,6783,3224,3559,46.9,1395,5388,1705
14415,127,51,76,33.1,37,90,12
14416,3800,1963,1837,42.8,759,3041,548
14418,1103,593,510,58.1,241,862,346
14420,19945,9517,10428,32.1,3414,16531,3048
14422,1763,825,938,42.5,420,1343,317
14423,4906,2364,2542,42.5,985,3921,902
14424,28582,13940,14642,45.9,4873,23709,6546
14425,13201,6425,6776,35.9,3251,9950,1760
14427,1721,959,762,50.6,324,1397,349
14428,7297,3684,3613,52,1487,5810,1593
14432,5520,2552,2968,40.7,1445,4075,1087
14433,4265,2274,1991,37.4,1170,3095,716
14435,2296,1225,1071,52.4,357,1939,538
14437,9168,4844,4324,45.8,1643,7525,1968
14441,431,231,200,37,109,322,73
14445,7689,4056,3633,39.2,1286,6403,1379
14450,43082,20658,22424,45.3,9097,33985,9460
14453,0,0,0,-,0,0,0
14454,11058,4818,6240,22,1342,9716,1625
14456,19796,9836,9960,38.1,3471,16325,3980
14462,803,362,441,36.6,219,584,97
14463,302,91,211,32.8,64,238,42
14464,6656,3359,3297,41.8,1350,5306,1330
14466,1697,897,800,50.8,245,1452,264
14467,10381,5013,5368,44.6,2034,8347,2106
14468,18866,9677,9189,40.3,4679,14187,3298
14469,5937,2882,3055,50,1048,4889,1537
14470,7654,3865,3789,45.9,1517,6137,1476
14471,2735,1447,1288,58.2,312,2423,858
14472,9139,4597,4542,42.6,2245,6894,1413
14475,298,178,120,50.9,45,253,77
14476,2461,1300,1161,40.4,612,1849,424
14477,1672,859,813,50.3,220,1452,228
14478,1369,601,768,20.7,100,1269,159
14479,98,34,64,62.4,11,87,28
14480,588,201,387,42.7,11,577,75
14481,1775,890,885,45.6,384,1391,335
14482,8393,4094,4299,41.3,1678,6715,1599
14485,4102,2145,1957,41.4,791,3311,628
14486,255,138,117,49.8,57,198,34
14487,5661,2848,2813,46.4,1182,4479,1138
14489,7054,3220,3834,42.3,1454,5600,1257
14502,10135,4782,5353,42.4,2207,7928,1715
14504,1534,733,801,38.6,324,1210,334
14505,4896,2525,2371,44.9,972,3924,841
14506,700,283,417,61.9,102,598,339
14507,1054,556,498,56.6,140,914,271
14510,4778,2479,2299,43.6,939,3839,1065
14511,385,199,186,40.5,101,284,38
14512,4855,2475,2380,49.7,865,3990,1071
14513,13835,7065,6770,41.9,2815,11020,3163
14514,5899,2736,3163,44.2,1169,4730,1310
14515,138,85,53,57.8,0,138,64
14516,2505,1344,1161,33.7,634,1871,451
14517,2776,1448,1328,39.3,589,2187,461
14519,12480,6090,6390,44.1,2848,9632,2465
14521,3366,2005,1361,38.1,723,2643,608
14522,9575,4970,4605,47.8,1624,7951,2304
14525,2536,1213,1323,43.5,550,1986,409
14526,19738,9146,10592,46.1,4430,15308,4256
14527,12870,6110,6760,46.3,2745,10125,3191
14529,48,31,17,74,0,48,24
14530,6498,3400,3098,38.4,1716,4782,1258
14532,3849,1914,1935,40.3,932,2917,620
14533,1822,991,831,43.2,364,1458,456
14534,33914,16335,17579,46.8,8161,25753,7531
14536,643,327,316,44.6,101,542,117
14537,117,70,47,48.3,0,117,24
14539,187,50,137,47.4,38,149,11
14541,3660,2366,1294,34.9,776,2884,477
14542,0,0,0,-,0,0,0
14543,3217,1673,1544,55,520,2697,979
14544,2157,1007,1150,37.6,521,1636,392
14545,108,39,69,46.3,18,90,19
14546,4920,2525,2395,42.3,768,4152,1140
14548,4042,2065,1977,45.8,630,3412,693
14549,390,123,267,54,72,318,125
14550,1233,566,667,44.5,291,942,262
14551,4956,2597,2359,56,676,4280,1150
14555,1203,670,533,56.5,152,1051,382
14556,1184,1175,9,42,0,1184,31
14557,121,56,65,50.6,11,110,39
14559,18375,9379,8996,44.3,3866,14509,3384
14560,2202,1136,1066,50.8,372,1830,422
14561,2382,1299,1083,47.6,436,1946,649
14564,16006,7686,8320,45.3,3690,12316,3449
14568,6349,3085,3264,45.4,1413,4936,1032
14569,6387,3106,3281,49.2,848,5539,1421
14571,1306,706,600,52.5,112,1194,392
14572,4979,2351,2628,37.7,1390,3589,761
14580,54520,26334,28186,46,11035,43485,11995
14585,156,64,92,67.2,4,152,115
14586,12720,6052,6668,38.2,2527,10193,1360
14588,0,0,0,-,0,0,0
14589,7838,4029,3809,40.1,1736,6102,1484
14590,5123,2692,2431,45.6,1046,4077,1256
14591,1573,873,700,41.6,288,1285,356
14592,113,60,53,68.6,10,103,73
14604,2682,1322,1360,33.7,102,2580,358
14605,11348,5226,6122,29.8,3389,7959,1462
14606,27736,14074,13662,37.9,6558,21178,4369
14607,17319,8647,8672,31.6,935,16384,2294
14608,12470,6079,6391,32.5,2789,9681,1328
14609,41134,18950,22184,35.7,8666,32468,6031
14610,14033,6625,7408,43.2,1956,12077,3446
14611,17753,8466,9287,33.2,4882,12871,2391
14612,35265,17392,17873,44.1,6834,28431,7210
14613,15132,6628,8504,29.9,4941,10191,1366
14614,1126,969,157,35.2,32,1094,28
14615,18393,8925,9468,33.1,4777,13616,2184
14616,27250,12740,14510,37,6905,20345,4334
14617,21990,10598,11392,43.8,4710,17280,4849
14618,23783,11492,12291,40,5010,18773,4398
14619,14073,6350,7723,35.1,3391,10682,1974
14620,24292,12225,12067,33.8,2276,22016,3770
14621,32976,15764,17212,33.9,8808,24168,4943
14622,12770,6397,6373,47.3,2305,10465,2844
14623,25958,13736,12222,25.9,2779,23179,3117
14624,39028,19082,19946,41.7,8161,30867,7106
14625,10445,5167,5278,50,1708,8737,2410
14626,29138,14199,14939,47.1,5012,24126,7249
14627,2892,1512,1380,19.5,75,2817,0
14642,0,0,0,-,0,0,0
14701,39481,18819,20662,39.2,9048,30433,7141
14706,6051,3037,3014,47.1,1222,4829,1535
14707,93,48,45,48.5,18,75,9
14708,155,78,77,35.8,29,126,31
14709,1240,649,591,44.3,243,997,277
14710,3125,1646,1479,45.5,733,2392,714
14711,1943,981,962,38.1,477,1466,288
14712,3089,1631,1458,56.9,434,2655,1100
14714,544,283,261,38.2,139,405,151
14715,2579,1296,1283,43.3,496,2083,557
14716,2602,1491,1111,35.5,551,2051,456
14717,564,344,220,59.7,55,509,175
14718,2024,1121,903,44.7,449,1575,388
14719,3398,1779,1619,45.1,693,2705,670
14720,870,434,436,43.8,216,654,211
14721,175,86,89,53,13,162,55
14722,189,139,50,28.8,14,175,83
14723,1012,529,483,48.8,193,819,225
14724,2955,1483,1472,29,1134,1821,346
14726,2743,1360,1383,19,1321,1422,211
14727,4939,2462,2477,45.3,1128,3811,1136
14728,1049,513,536,44.2,246,803,169
14729,813,465,348,36,163,650,99
14731,1220,642,578,56.3,171,1049,374
14732,18,11,7,62.5,5,13,8
14733,3104,1533,1571,46.9,560,2544,669
14735,2725,1280,1445,41.6,812,1913,605
14736,154,79,75,59.5,11,143,60
14737,4105,1999,2106,45.2,928,3177,942
14738,3542,1829,1713,40.8,650,2892,735
14739,2627,1311,1316,41.8,628,1999,563
14740,1112,540,572,56.3,205,907,362
14741,1887,953,934,40.7,475,1412,309
14742,90,23,67,61.4,0,90,36
14743,2171,1095,1076,44.5,456,1715,434
14744,2250,1045,1205,21.6,440,1810,310
14747,2073,1100,973,42.7,490,1583,346
14748,505,266,239,48.3,96,409,114
14750,4521,2157,2364,49,883,3638,1251
14752,230,133,97,68.8,64,166,158
14753,950,473,477,44.5,194,756,180
14754,534,249,285,51.8,92,442,125
14755,2858,1517,1341,42.2,561,2297,477
14756,0,0,0,-,0,0,0
14757,3183,1500,1683,46.4,518,2665,803
14760,17675,8663,9012,42.4,3881,13794,3584
14767,2265,1148,1117,37.5,609,1656,309
14769,651,373,278,56.7,36,615,149
14770,2888,1443,1445,40.6,701,2187,515
14772,3993,2117,1876,43.5,901,3092,785
14774,290,120,170,36.6,100,190,14
14775,2565,1338,1227,36.9,675,1890,409
14777,613,297,316,40.9,179,434,93
14778,1380,694,686,19.8,20,1360,8
14779,6899,3357,3542,39.9,1629,5270,1228
14781,1827,899,928,45.8,435,1392,381
14782,2169,1074,1095,49,383,1786,502
14783,128,60,68,48.1,26,102,18
14784,750,419,331,53.2,80,670,148
14785,130,52,78,44.5,0,130,0
14787,4756,2398,2358,49.7,967,3789,1173
14788,104,85,19,46.9,4,100,23
14801,5263,2899,2364,38.5,1521,3742,827
14802,4563,2519,2044,20.2,150,4413,237
14803,1546,642,904,33,398,1148,277
14804,1507,672,835,40.8,367,1140,227
14805,765,366,399,57.7,91,674,207
14806,2149,1142,1007,45.4,488,1661,465
14807,3034,1557,1477,38.2,786,2248,516
14808,550,317,233,45.7,146,404,109
14809,2905,1625,1280,33.9,807,2098,500
14810,11484,5648,5836,50.3,1817,9667,2997
14812,3286,1760,1526,43.6,643,2643,539
14813,2213,1138,1075,43.9,480,1733,428
14814,1784,950,834,40.7,454,1330,366
14815,727,406,321,48,149,578,140
14816,595,312,283,54.6,111,484,146
14817,2911,1281,1630,37.4,788,2123,315
14818,1765,891,874,56.5,176,1589,398
14819,625,319,306,38.8,202,423,76
14820,531,249,282,44.4,105,426,96
14821,3333,1759,1574,42.9,778,2555,676
14822,850,457,393,53.2,169,681,242
14823,3851,1958,1893,46.5,814,3037,982
14824,768,457,311,37.3,172,596,114
14825,755,334,421,48.4,159,596,173
14826,1923,970,953,41.8,441,1482,393
14827,16,16,0,-,0,16,0
14830,19127,9107,10020,39,3963,15164,3076
14836,835,446,389,55.2,84,751,220
14837,5596,2891,2705,40.8,1432,4164,1040
14838,2133,1136,997,45.9,466,1667,489
14839,594,318,276,46.2,105,489,94
14840,2577,1318,1259,58.7,321,2256,824
14841,743,391,352,43.8,159,584,185
14842,847,437,410,27.2,237,610,64
14843,12418,6336,6082,44.6,2310,10108,2979
14845,20756,10393,10363,46.2,4045,16711,4872
14846,952,492,460,35.7,272,680,105
14847,2409,1160,1249,44.8,542,1867,566
14850,65740,32473,33267,28.4,7494,58246,9419
14853,2202,1106,1096,19.8,4,2198,0
14854,95,43,52,76.2,0,95,77
14855,871,410,461,33.1,290,581,134
14856,0,0,0,-,0,0,0
14858,1395,708,687,41.6,317,1078,274
14859,1141,566,575,42.4,272,869,181
14860,1121,623,498,48.3,241,880,239
14861,1138,613,525,54.4,148,990,329
14864,1033,547,486,41.8,265,768,200
14865,2647,1241,1406,46.3,541,2106,595
14867,5242,2643,2599,44.6,1087,4155,973
14869,1471,715,756,39.5,347,1124,244
14870,9970,4999,4971,41,2225,7745,1776
14871,4551,2113,2438,49.5,941,3610,1193
14872,542,332,210,56.4,113,429,139
14873,1995,973,1022,43.6,488,1507,388
14874,155,75,80,46.3,51,104,31
14877,684,416,268,37.8,125,559,111
14878,858,432,426,36.5,318,540,146
14879,2254,1079,1175,43.2,465,1789,446
14880,1520,809,711,53.3,193,1327,306
14881,250,148,102,68.7,14,236,137
14882,3678,1703,1975,42.1,899,2779,682
14883,4540,2294,2246,36.6,1092,3448,739
14884,303,161,142,39.1,81,222,53
14885,590,320,270,45.3,144,446,127
14886,6544,3127,3417,48.8,1235,5309,1538
14889,1270,602,668,42.6,317,953,218
14891,4416,2181,2235,47.3,704,3712,1161
14892,7552,3777,3775,44,1470,6082,1662
14893,34,14,20,14.4,21,13,0
14894,1440,839,601,40.4,270,1170,197
14895,9168,4670,4498,48.3,1521,7647,2251
14897,716,376,340,40.3,166,550,131
14898,1549,781,768,41.3,365,1184,289
14901,14906,7890,7016,36.9,3122,11784,2380
14903,7090,3337,3753,43.6,1473,5617,1098
14904,14285,7253,7032,36.6,3086,11199,2478
14905,8852,3794,5058,42.2,1986,6866,1785
15001,32237,15654,16583,47.5,5453,26784,6671
15003,11406,5656,5750,41.8,2360,9046,2039
15004,316,163,153,40.9,22,294,33
15005,9480,4592,4888,49.8,1438,8042,2520
15006,273,152,121,38.2,84,189,48
15007,482,135,347,71.2,66,416,301
15009,15722,7640,8082,45.1,3462,12260,3778
15010,28523,13879,14644,39.9,6121,22402,6219
15012,15301,7405,7896,47.4,2722,12579,3739
15014,3130,1414,1716,46.9,450,2680,591
15015,1372,612,760,47,357,1015,322
15017,17408,8216,9192,42.8,3640,13768,3895
15018,893,552,341,55.4,133,760,185
15019,1552,687,865,47.4,295,1257,358
15020,567,182,385,58.2,0,567,100
15021,6699,3303,3396,48.7,1146,5553,1489
15022,10248,5014,5234,45.4,1988,8260,2301
15024,9107,4688,4419,47,1566,7541,1992
15025,16806,8090,8716,43.8,3582,13224,4068
15026,3910,1954,1956,38,859,3051,663
15027,2219,989,1230,46.1,403,1816,591
15028,174,81,93,54.6,13,161,67
15030,1053,457,596,41.1,265,788,125
15031,428,240,188,29.7,54,374,47
15033,4622,2247,2375,47.1,1027,3595,794
15034,1614,797,817,47.9,134,1480,405
15035,2074,997,1077,48.1,264,1810,513
15037,10380,5303,5077,46.6,1958,8422,2453
15038,248,91,157,58.7,48,200,96
15042,7759,3597,4162,52.6,1332,6427,2681
15043,2209,1166,1043,47.9,434,1775,453
15044,28246,13965,14281,47.8,5821,22425,6181
15045,4439,2269,2170,38.5,952,3487,652
15046,2455,1206,1249,50.8,455,2000,658
15047,182,39,143,55.7,0,182,35
15049,885,418,467,57.8,85,800,249
15050,2476,1261,1215,43.1,535,1941,408
15051,437,248,189,56.1,97,340,118
15052,3024,1437,1587,42.5,627,2397,594
15053,70,36,34,59,0,70,14
15054,447,167,280,33.6,82,365,91
15055,1146,574,572,58.5,95,1051,429
15056,1057,531,526,43.2,222,835,230
15057,17440,9186,8254,40.1,4708,12732,2642
15059,4248,2139,2109,40.5,1105,3143,788
15060,906,492,414,43.5,173,733,238
15061,12393,6152,6241,40.3,2642,9751,2507
15062,6876,3274,3602,46.9,1314,5562,1602
15063,10543,5237,5306,49.3,1591,8952,2732
15064,238,124,114,42,15,223,63
15065,11099,5584,5515,47.3,1810,9289,2418
15066,12362,5913,6449,45.1,2299,10063,2574
15067,2285,1202,1083,49.3,333,1952,620
15068,36199,18073,18126,47.5,6569,29630,8113
15071,11778,5624,6154,42,2425,9353,1944
15072,44,0,44,-,0,44,0
15074,8501,4219,4282,45.4,1468,7033,1629
15075,30,9,21,30.6,0,30,11
15076,916,432,484,49.8,112,804,229
15077,219,119,100,40.4,37,182,49
15078,516,195,321,52.8,89,427,247
15081,325,147,178,49.9,16,309,62
15082,247,79,168,41.3,64,183,40
15083,987,472,515,57.3,124,863,332
15084,9767,4863,4904,45.5,1852,7915,1835
15085,7966,3964,4002,47.6,1492,6474,2036
15086,656,387,269,46.2,129,527,160
15087,82,44,38,42.5,3,79,0
15088,456,242,214,48,95,361,55
15089,6294,3231,3063,50,1055,5239,1408
15090,24964,12670,12294,39.7,6135,18829,3764
15101,26238,13163,13075,44.2,5506,20732,5165
15102,30885,15071,15814,46.6,6075,24810,7571
15104,7955,3663,4292,39.4,1572,6383,1567
15106,19550,9394,10156,44.1,3244,16306,4375
15108,42914,21688,21226,40.6,8360,34554,8478
15110,5241,2533,2708,36.5,1416,3825,767
15112,3185,1463,1722,35.6,777,2408,443
15116,14167,7384,6783,46.2,2699,11468,3636
15120,18136,8584,9552,42.4,3404,14732,3962
15122,19220,9596,9624,46.3,3833,15387,3912
15123,3,3,0,20.5,1,2,0
15126,6901,3537,3364,42.4,1307,5594,998
15129,10103,4765,5338,46.8,1820,8283,2144
15131,8404,3967,4437,53,1372,7032,2385
15132,19387,8994,10393,42.1,4169,15218,4054
15133,6033,3087,2946,45.3,1130,4903,1252
15135,5003,2203,2800,47.6,923,4080,1036
15136,23055,11490,11565,41.6,5088,17967,4346
15137,10193,4455,5738,48.2,1707,8486,2609
15139,6734,3141,3593,47.7,1182,5552,1673
15140,3084,1484,1600,38.9,739,2345,521
15142,1635,872,763,45.5,268,1367,383
15143,22124,10677,11447,47.2,5057,17067,5228
15144,3954,1916,2038,51.5,669,3285,918
15145,6528,3085,3443,46,1214,5314,1620
15146,28551,13922,14629,44.9,5128,23423,6185
15147,16694,8159,8535,50.3,2919,13775,4647
15148,2414,1142,1272,34.7,575,1839,349
15201,13017,6456,6561,35.6,1149,11868,2090
15202,19790,9581,10209,38.1,3266,16524,3442
15203,10302,5249,5053,29.5,571,9731,958
15204,8276,4044,4232,37,1490,6786,1162
15205,23946,11428,12518,38.2,4583,19363,3989
15206,29316,14673,14643,35.6,4504,24812,4353
15207,10407,5088,5319,42.2,2009,8398,2269
15208,9037,4436,4601,35.3,2196,6841,1956
15209,11996,6013,5983,44.4,1830,10166,2328
15210,26224,13291,12933,36.4,5731,20493,3754
15211,10567,5306,5261,35.9,928,9639,1902
15212,27256,13629,13627,39.7,3994,23262,4308
15213,29410,13831,15579,21.1,1044,28366,2330
15214,14719,7253,7466,38,3052,11667,2609
15215,12647,6133,6514,41.8,2915,9732,2613
15216,22134,10966,11168,38.8,4412,17722,3644
15217,26788,12832,13956,37.5,4979,21809,5113
15218,13697,6817,6880,38.4,2486,11211,2248
15219,10680,4909,5771,32.4,2354,8326,1846
15220,18535,9188,9347,38,3177,15358,3306
15221,29583,13513,16070,41.6,5046,24537,6343
15222,5418,2701,2717,31.3,153,5265,616
15223,6708,3393,3315,43.3,911,5797,1355
15224,10873,5476,5397,33.9,1178,9695,1756
15225,946,508,438,47.1,113,833,259
15226,13673,6818,6855,43.8,2115,11558,2813
15227,29383,14243,15140,41.3,5680,23703,6028
15228,18401,9067,9334,41.4,4641,13760,3223
15229,15408,7228,8180,38.5,3290,12118,2536
15232,11942,5462,6480,28.9,825,11117,1447
15233,2783,1553,1230,35.8,351,2432,393
15234,14249,6976,7273,42.3,2497,11752,2895
15235,34383,15149,19234,43.1,6956,27427,7837
15236,31419,15047,16372,44.2,5653,25766,6977
15237,44149,21221,22928,42.3,9163,34986,9985
15238,12805,6396,6409,48.2,2802,10003,3254
15239,21329,10879,10450,43.7,4709,16620,4358
15241,21823,10763,11060,44.6,5350,16473,4233
15243,13329,6404,6925,51.4,2580,10749,3984
15260,0,0,0,-,0,0,0
15275,3,2,1,27.5,0,3,0
15282,5814,3245,2569,21,44,5770,45
15290,0,0,0,-,0,0,0
15301,50183,24615,25568,44.9,9208,40975,11140
15310,240,138,102,52.6,34,206,54
15311,1033,550,483,56.7,104,929,297
15312,3972,2009,1963,40.7,936,3036,663
15313,422,228,194,47.1,81,341,101
15314,3528,1686,1842,38.7,887,2641,662
15315,792,294,498,29.6,267,525,97
15316,222,126,96,32.8,78,144,53
15317,43435,21217,22218,41.2,9879,33556,8256
15320,5263,2377,2886,46.8,1040,4223,1094
15321,1949,1088,861,36.3,485,1464,282
15322,1640,807,833,43.2,355,1285,286
15323,3829,2029,1800,45.1,704,3125,817
15324,767,370,397,39.6,168,599,179
15325,222,76,146,63.2,0,222,31
15327,1402,704,698,45.8,262,1140,342
15329,1490,695,795,45.5,275,1215,280
15330,5539,3110,2429,51.9,735,4804,1446
15331,721,367,354,45.8,155,566,161
15332,8604,4185,4419,48.1,1103,7501,2063
15333,1543,763,780,37.1,356,1187,251
15334,336,118,218,20.5,153,183,24
15337,524,256,268,42,113,411,76
15338,1565,813,752,40.8,375,1190,286
15340,1293,710,583,54.8,246,1047,406
15341,615,351,264,39.4,173,442,124
15342,5138,2425,2713,45,999,4139,1048
15344,1657,899,758,41.7,388,1269,269
15345,1343,705,638,44,254,1089,283
15346,487,284,203,52.1,79,408,87
15347,102,37,65,45.9,10,92,36
15348,69,19,50,39,20,49,18
15349,1509,794,715,45.8,221,1288,286
15350,521,201,320,47.6,65,456,123
15351,943,403,540,33.6,276,667,158
15352,712,372,340,42.9,114,598,136
15353,62,36,26,69.1,6,56,35
15357,1460,769,691,49.8,176,1284,428
15358,1111,510,601,41.6,194,917,146
15359,173,92,81,36.4,62,111,6
15360,1710,853,857,43.5,293,1417,352
15361,123,67,56,60.5,12,111,24
15362,685,392,293,37.8,144,541,111
15363,566,287,279,34.5,110,456,113
15364,716,374,342,47.3,126,590,147
15365,200,89,111,27.3,79,121,23
15366,504,247,257,66.3,12,492,352
15367,9500,4880,4620,42.6,2700,6800,1197
15368,419,188,231,40.7,116,303,94
15370,13886,7870,6016,43.5,2205,11681,2793
15376,1508,731,777,48.1,240,1268,317
15377,669,359,310,51.2,144,525,101
15378,0,0,0,-,0,0,0
15379,71,45,26,41.9,19,52,18
15380,655,405,250,32.3,189,466,102
15401,29848,13734,16114,44.1,5922,23926,6888
15410,969,454,515,34.2,255,714,92
15411,701,374,327,45.3,140,561,169
15412,210,119,91,52.3,28,182,57
15413,302,148,154,62.2,40,262,144
15416,569,286,283,37.5,110,459,109
15417,7886,3776,4110,47.7,1147,6739,1621
15419,3796,1720,2076,21.9,368,3428,568
15420,182,82,100,38.1,88,94,32
15421,96,56,40,62.5,0,96,35
15422,425,219,206,42.5,109,316,22
15423,1889,945,944,41,508,1381,367
15424,1919,963,956,51.7,250,1669,535
15425,18353,9207,9146,44.8,3646,14707,3827
15427,918,480,438,46,145,773,205
15428,1840,975,865,44.3,464,1376,327
15429,444,249,195,38.8,143,301,95
15430,291,136,155,47.8,48,243,80
15431,4266,2138,2128,47.6,880,3386,836
15432,366,208,158,47.2,55,311,96
15433,698,350,348,68.3,19,679,379
15434,272,128,144,45.4,36,236,59
15435,112,66,46,62.8,0,112,45
15436,2376,1160,1216,47,453,1923,528
15437,2694,1481,1213,34.2,413,2281,423
15438,2272,1177,1095,46.3,462,1810,390
15440,165,74,91,42.8,50,115,56
15442,2111,1033,1078,44.1,382,1729,561
15443,293,58,235,22.2,145,148,6
15444,848,465,383,21.9,296,552,33
15445,2836,1440,1396,45.7,565,2271,740
15446,65,32,33,69,0,65,48
15447,237,111,126,8.7,146,91,30
15448,204,43,161,52.5,9,195,56
15449,719,302,417,46.9,211,508,142
15450,2190,2163,27,37.8,14,2176,141
15451,811,419,392,50.2,229,582,124
15454,202,84,118,24.5,78,124,0
15455,553,302,251,48.8,133,420,100
15456,2294,1088,1206,54.9,257,2037,655
15458,2393,1256,1137,43.6,711,1682,448
15459,1793,970,823,36.9,447,1346,369
15460,173,103,70,28.8,51,122,27
15461,3708,2045,1663,39.6,850,2858,649
15462,226,116,110,36.3,65,161,11
15463,336,100,236,60.2,56,280,81
15464,1585,796,789,46.8,260,1325,278
15465,399,158,241,45.8,87,312,131
15466,494,196,298,26.3,196,298,80
15467,120,65,55,61.5,9,111,60
15468,2608,1397,1211,44.7,473,2135,375
15469,2250,1122,1128,54.4,486,1764,798
15470,603,300,303,61.4,102,501,238
15472,154,64,90,55.2,0,154,44
15473,3422,1786,1636,53.4,456,2966,1114
15474,2398,1131,1267,35,704,1694,348
15475,1020,481,539,51.1,142,878,338
15476,39,29,10,67.2,0,39,21
15477,831,383,448,39.6,146,685,158
15478,6125,3106,3019,46.1,1014,5111,1243
15479,2071,1094,977,50,361,1710,375
15480,1448,727,721,51,253,1195,463
15482,311,123,188,56.7,29,282,98
15483,253,116,137,44.2,29,224,63
15484,819,306,513,42,111,708,36
15486,2016,1016,1000,51,279,1737,464
15488,92,53,39,85.4,11,81,70
15489,322,156,166,36.1,80,242,94
15490,265,144,121,35.3,80,185,77
15492,153,79,74,11.1,96,57,15
15501,16508,8719,7789,45.9,2776,13732,3738
15502,82,41,41,73.3,0,82,46
15510,2194,2194,0,38.9,0,2194,44
15520,322,180,142,52.7,0,322,27
15521,1917,958,959,46.3,364,1553,371
15522,11020,5646,5374,50.5,1792,9228,2875
15530,5037,2566,2471,49.6,1082,3955,1375
15531,3577,1765,1812,45.5,692,2885,820
15532,149,62,87,29.8,50,99,10
15533,1286,668,618,39.3,332,954,174
15534,899,469,430,49,155,744,270
15535,1996,1019,977,47.7,378,1618,421
15536,329,148,181,54.3,24,305,85
15537,8169,3930,4239,48.1,1496,6673,2097
15538,720,395,325,56,107,613,217
15539,202,49,153,57.1,57,145,32
15540,361,192,169,50.8,66,295,137
15541,3262,1614,1648,47.7,549,2713,638
15542,1066,583,483,54,199,867,242
15544,223,139,84,52.1,38,185,52
15545,2756,1329,1427,48.8,472,2284,596
15546,702,302,400,35.4,214,488,111
15547,871,475,396,41.9,111,760,191
15550,1704,877,827,44,344,1360,343
15551,550,296,254,52.2,118,432,157
15552,5688,2732,2956,43.8,1211,4477,1268
15554,2264,1161,1103,53.2,219,2045,645
15555,81,35,46,49.8,9,72,3
15557,3389,1737,1652,45.6,661,2728,753
15558,2089,1012,1077,35.5,559,1530,300
15559,2221,1042,1179,44.5,416,1805,414
15560,144,75,69,40.5,34,110,33
15561,111,53,58,35.8,27,84,17
15562,316,123,193,53,64,252,119
15563,2736,1479,1257,48.5,467,2269,657
15564,101,48,53,49.1,19,82,31
15565,11,6,5,49.8,0,11,5
15601,55917,27377,28540,46.1,9445,46472,13740
15610,3827,1944,1883,51.6,415,3412,772
15611,161,91,70,33.8,18,143,5
15612,375,169,206,38.3,39,336,75
15613,12541,6268,6273,50.6,2091,10450,3242
15615,223,108,115,62.9,11,212,93
15616,427,251,176,61.6,72,355,168
15617,255,149,106,51.7,30,225,43
15618,2489,1293,1196,52.6,251,2238,667
15619,291,95,196,62.1,28,263,106
15620,632,270,362,42.9,158,474,167
15622,1244,670,574,56.2,133,1111,381
15623,737,350,387,28.6,245,492,69
15624,402,215,187,49.7,0,402,146
15625,97,42,55,64.7,0,97,40
15626,4967,2498,2469,52.4,694,4273,1604
15627,6032,3011,3021,49.7,893,5139,1476
15628,389,241,148,52.2,39,350,133
15629,701,378,323,45.6,131,570,80
15631,736,345,391,41.5,113,623,102
15632,9322,4654,4668,46.9,1827,7495,1848
15633,613,318,295,40.4,182,431,128
15634,343,122,221,60.7,16,327,78
15635,79,79,0,-,0,79,17
15636,3904,1734,2170,45.8,568,3336,484
15637,1678,824,854,45.1,319,1359,446
15638,62,15,47,81.1,0,62,33
15639,1924,892,1032,46.9,282,1642,392
15640,505,269,236,39.8,117,388,66
15641,501,216,285,40.5,106,395,85
15642,46855,23411,23444,45.5,9877,36978,9713
15644,18665,9012,9653,47.6,3374,15291,4419
15646,160,102,58,42.2,41,119,1
15647,37,28,9,13,19,18,0
15650,27106,13181,13925,45,4784,22322,6165
15655,269,133,136,64.1,14,255,100
15656,9908,4897,5011,46.8,2037,7871,2158
15658,8364,4310,4054,53.7,1237,7127,2502
15660,196,80,116,57.8,16,180,62
15661,1006,412,594,41.9,206,800,163
15662,951,437,514,37.6,40,911,41
15663,451,197,254,42.4,104,347,111
15665,1342,606,736,40.4,257,1085,165
15666,15592,7481,8111,49.6,2696,12896,3720
15668,14179,7168,7011,49.3,3042,11137,4188
15670,3028,1663,1365,53.2,361,2667,780
15671,674,283,391,36.3,195,479,101
15672,3410,1786,1624,44.7,700,2710,821
15673,1239,674,565,49.7,208,1031,348
15674,271,136,135,53.4,38,233,57
15675,1472,708,764,28.1,528,944,178
15676,717,338,379,29.2,236,481,139
15677,376,161,215,54.4,47,329,139
15678,528,248,280,46.7,88,440,94
15679,2501,1526,975,57.1,188,2313,852
15680,222,149,73,37.9,32,190,38
15681,4581,2384,2197,43,951,3630,941
15682,209,107,102,47,55,154,40
15683,8074,3618,4456,48.2,1468,6606,2093
15684,460,225,235,53.8,73,387,99
15686,1051,527,524,52.4,149,902,356
15687,1181,605,576,54.3,188,993,342
15688,814,408,406,44.2,169,645,191
15689,74,29,45,72.7,3,71,52
15690,9450,4659,4791,40.1,2315,7135,1732
15691,427,261,166,29.4,208,219,0
15692,671,365,306,33.5,61,610,94
15693,292,155,137,61.7,43,249,99
15695,313,155,158,44,75,238,68
15696,251,129,122,54.6,18,233,55
15697,2933,1298,1635,44.8,509,2424,559
15698,672,409,263,58.9,138,534,191
15701,30941,15866,15075,36.2,4709,26232,5779
15705,3218,1247,1971,19.5,29,3189,0
15710,206,120,86,52,31,175,56
15711,293,145,148,41.2,74,219,70
15712,97,48,49,63.2,29,68,46
15713,180,113,67,14.3,103,77,0
15714,4919,2367,2552,42.1,1302,3617,931
15715,536,248,288,40.1,106,430,90
15716,434,245,189,60.4,41,393,144
15717,9438,4756,4682,51.1,1363,8075,2395
15720,299,120,179,38.1,104,195,24
15721,163,84,79,50.6,18,145,37
15722,2391,1280,1111,43,561,1830,522
15723,15,7,8,29.9,0,15,4
15724,2262,1177,1085,52.1,378,1884,580
15725,1252,699,553,52.7,181,1071,328
15727,231,106,125,38.3,43,188,21
15728,3475,1834,1641,40.7,933,2542,673
15729,950,406,544,53,103,847,217
15730,116,40,76,49.4,28,88,18
15731,220,111,109,57.2,0,220,37
15732,1427,756,671,49.3,257,1170,306
15733,119,50,69,18.9,54,65,24
15734,213,144,69,58.9,14,199,93
15736,358,164,194,61.6,59,299,117
15737,114,48,66,53.1,21,93,22
15738,178,71,107,51.4,35,143,57
15739,381,182,199,38.1,80,301,59
15741,64,25,39,46.5,3,61,17
15742,1040,502,538,40.5,246,794,229
15744,53,29,24,33.4,7,46,4
15745,234,75,159,49.5,33,201,52
15746,144,95,49,57.5,21,123,38
15747,1737,897,840,43.6,362,1375,375
15748,7071,3443,3628,45.2,1262,5809,1482
15750,315,180,135,50.8,74,241,85
15752,61,35,26,39.8,19,42,11
15753,455,244,211,44.8,112,343,90
15754,532,336,196,31.5,189,343,56
15756,140,69,71,29.2,57,83,19
15757,1310,660,650,53.3,218,1092,401
15759,2906,1401,1505,44.7,599,2307,589
15760,83,50,33,25.6,27,56,5
15761,141,86,55,32.1,31,110,5
15762,996,591,405,49.3,240,756,259
15763,17,13,4,68.3,0,17,9
15764,156,109,47,46.6,51,105,47
15765,1634,766,868,53.3,309,1325,393
15767,14156,7063,7093,43.8,3039,11117,3274
15770,180,113,67,60,16,164,71
15771,908,460,448,47.9,167,741,211
15772,1656,834,822,41.9,315,1341,321
15773,436,221,215,50.9,86,350,80
15774,2609,1406,1203,47.9,435,2174,575
15775,599,398,201,51.1,28,571,100
15776,34,20,14,65.7,4,30,19
15777,23,14,9,67.6,0,23,23
15778,342,191,151,43.6,71,271,53
15779,527,369,158,40.4,58,469,12
15780,62,32,30,55.7,4,58,14
15781,76,31,45,60.5,6,70,29
15783,49,21,28,63.2,4,45,19
15784,59,29,30,56.9,6,53,21
15801,20312,10408,9904,44.4,3954,16358,4342
15821,73,45,28,58.2,0,73,22
15823,1230,663,567,50.4,253,977,290
15824,5146,2546,2600,43.4,1128,4018,1087
15825,9565,4887,4678,42.7,1933,7632,2096
15827,305,110,195,53.1,0,305,79
15828,233,157,76,62.1,24,209,86
15829,1209,535,674,44.6,257,952,238
15831,43,27,16,50.7,0,43,4
15832,238,131,107,63.2,19,219,99
15834,4166,2073,2093,50.7,747,3419,1113
15840,1744,808,936,48.5,288,1456,394
15841,243,78,165,40.9,102,141,46
15845,2920,1530,1390,46.1,571,2349,641
15846,3323,1884,1439,47.4,643,2680,629
15847,94,41,53,28.3,21,73,8
15848,885,463,422,43.4,214,671,219
15849,1370,712,658,47.9,300,1070,319
15851,7112,3724,3388,41.5,1775,5337,1150
15853,6411,3310,3101,44.3,1463,4948,1119
15856,853,411,442,55,121,732,199
15857,12958,6318,6640,50.2,2297,10661,3305
15860,1212,632,580,52,172,1040,317
15861,119,61,58,66.3,7,112,62
15863,143,70,73,43.8,24,119,29
15864,1882,885,997,44.6,390,1492,429
15865,988,486,502,49,176,812,256
15866,218,108,110,25,90,128,22
15868,1788,877,911,45.6,380,1408,477
15870,1228,715,513,48.4,204,1024,307
15901,3616,1679,1937,46.9,676,2940,680
15902,11415,5564,5851,42.5,2388,9027,2301
15904,16388,8136,8252,46.2,2398,13990,4460
15905,19882,9394,10488,46.8,3866,16016,4981
15906,9965,5166,4799,46.5,2327,7638,2207
15909,4912,2399,2513,48.6,863,4049,1202
15920,573,261,312,57.5,51,522,239
15921,314,148,166,60.5,56,258,126
15922,82,38,44,42.5,25,57,19
15923,1554,857,697,44.6,400,1154,355
15924,880,411,469,43.1,199,681,185
15925,120,63,57,45.6,22,98,25
15926,2470,1384,1086,46.5,489,1981,575
15927,760,435,325,55.8,52,708,141
15928,2075,1008,1067,60.2,309,1766,891
15929,128,49,79,25.1,37,91,3
15930,419,216,203,55.4,37,382,33
15931,9018,4938,4080,47.8,1474,7544,2619
15934,0,0,0,-,0,0,0
15935,2647,1338,1309,48.8,552,2095,673
15936,1470,770,700,57,161,1309,417
15937,676,375,301,53.4,123,553,183
15938,2252,1129,1123,46.9,450,1802,494
15940,3831,2220,1611,31.6,348,3483,369
15942,2011,1080,931,44.6,463,1548,410
15943,3657,1778,1879,49.6,777,2880,863
15944,3149,1558,1591,41.5,753,2396,622
15945,181,99,82,23.9,50,131,19
15946,6716,3279,3437,47,1312,5404,1762
15948,663,352,311,37.4,219,444,122
15949,683,313,370,40,184,499,152
15951,492,167,325,54.7,16,476,175
15952,1235,589,646,34.7,320,915,364
15953,161,83,78,34.6,63,98,20
15954,2409,1295,1114,54.2,354,2055,663
15955,2246,1081,1165,50,395,1851,598
15956,2604,1208,1396,43.8,596,2008,527
15957,396,203,193,40.4,103,293,75
15958,2277,1157,1120,43.7,530,1747,505
15960,165,91,74,53.6,10,155,31
15961,849,375,474,42.1,185,664,169
15962,390,169,221,34.2,100,290,50
15963,10338,5056,5282,46.1,1978,8360,2302
16001,39808,19887,19921,46.7,7010,32798,8567
16002,15944,7886,8058,48.2,3064,12880,3751
16020,1190,681,509,44.5,256,934,234
16022,279,132,147,51.9,42,237,59
16023,4387,1976,2411,54.6,627,3760,1420
16024,291,157,134,42.7,30,261,64
16025,4858,2533,2325,47.1,964,3894,1154
16027,392,198,194,35.9,151,241,58
16028,2061,1006,1055,43.2,457,1604,470
16029,906,460,446,38.5,244,662,75
16030,327,176,151,38.4,76,251,74
16033,7376,3939,3437,48.7,1194,6182,1333
16034,1831,894,937,45.5,281,1550,338
16035,141,72,69,37.4,17,124,29
16036,314,151,163,48,82,232,83
16037,4709,2312,2397,48.3,895,3814,1191
16038,3214,1624,1590,47.2,499,2715,703
16040,1066,591,475,34.6,270,796,129
16041,2105,1072,1033,47.1,411,1694,478
16045,999,479,520,41.6,196,803,164
16046,18772,9229,9543,40.2,5208,13564,2392
16048,221,121,100,45.6,33,188,49
16049,3011,1580,1431,47.7,617,2394,745
16050,931,498,433,47.9,167,764,196
16051,3035,1537,1498,42.1,698,2337,509
16052,2321,1199,1122,51.2,325,1996,469
16053,3478,1729,1749,48.4,538,2940,846
16054,381,195,186,55.9,36,345,117
16055,8548,4272,4276,52.5,1706,6842,2416
16056,4620,2341,2279,45.2,909,3711,1082
16057,15067,7151,7916,25,1804,13263,1739
16059,9394,4626,4768,45.4,2084,7310,2081
16061,2705,1379,1326,45.5,494,2211,462
16063,8128,3988,4140,41.5,1822,6306,1697
16066,33071,16804,16267,40.4,7440,25631,5277
16101,30954,14736,16218,44.2,6381,24573,6856
16102,5166,2516,2650,45.1,1069,4097,1170
16105,15565,7412,8153,44.9,3052,12513,3900
16110,397,181,216,49.2,50,347,121
16111,1147,555,592,34.6,331,816,236
16112,1466,791,675,39.5,347,1119,209
16113,349,166,183,47.3,54,295,90
16114,561,265,296,52.7,124,437,116
16115,3501,1714,1787,46.2,684,2817,732
16116,2857,1400,1457,47.8,515,2342,853
16117,15805,7982,7823,48.5,2581,13224,3651
16120,2315,1069,1246,50,509,1806,603
16121,4309,2105,2204,40.9,1165,3144,970
16123,2681,1416,1265,48.8,466,2215,371
16124,1704,865,839,40.7,409,1295,347
16125,17610,8588,9022,45.3,3348,14262,3823
16127,15350,7568,7782,35.3,2718,12632,2729
16130,1982,1001,981,44.2,422,1560,487
16131,861,445,416,47.4,160,701,212
16132,350,209,141,43.8,111,239,76
16133,1570,791,779,41.8,427,1143,341
16134,3890,1975,1915,51.6,699,3191,1107
16136,775,395,380,39.8,186,589,147
16137,12710,6976,5734,44.3,2169,10541,2575
16140,391,208,183,21.8,158,233,46
16141,1741,927,814,43.6,463,1278,299
16142,5391,2741,2650,39.6,1334,4057,1135
16143,1979,1053,926,55.1,224,1755,522
16145,2693,1362,1331,45.5,522,2171,692
16146,13169,6272,6897,43.9,2537,10632,2567
16148,16710,8091,8619,49.2,2964,13746,4499
16150,7045,3491,3554,47,1279,5766,1643
16151,58,40,18,41,9,49,3
16153,2266,1234,1032,40.7,563,1703,393
16154,1987,1090,897,54.7,238,1749,612
16155,98,9,89,78.8,15,83,83
16156,3366,1686,1680,40.1,984,2382,586
16157,2955,1461,1494,51.1,362,2593,694
16159,4616,2100,2516,54.8,754,3862,1442
16160,956,428,528,46.7,213,743,237
16161,506,245,261,44.3,66,440,82
16172,845,467,378,20.6,0,845,7
16201,16824,8414,8410,46.5,3124,13700,3913
16210,623,308,315,44,153,470,156
16211,85,48,37,36.8,24,61,25
16212,234,129,105,55.8,18,216,64
16213,149,67,82,43.3,25,124,32
16214,8960,4156,4804,29,1220,7740,1074
16217,92,50,42,65.3,0,92,47
16218,1189,658,531,40.7,276,913,208
16220,95,31,64,50.6,0,95,35
16222,3076,1490,1586,37.4,879,2197,489
16223,69,41,28,56.4,3,66,19
16224,836,437,399,50.8,136,700,220
16226,8160,3853,4307,47.5,1562,6598,1875
16228,355,175,180,49.9,44,311,80
16229,5143,2525,2618,44.8,1052,4091,865
16230,480,231,249,45.1,104,376,119
16232,4287,2167,2120,41.8,977,3310,813
16233,1094,582,512,48.3,189,905,275
16235,1365,742,623,43.2,346,1019,260
16236,221,115,106,53.7,45,176,77
16238,426,209,217,46.3,83,343,92
16239,4059,3107,952,40.3,367,3692,696
16240,1604,820,784,44.1,377,1227,265
16242,4258,2007,2251,44.9,929,3329,964
16244,309,161,148,47.1,66,243,74
16245,253,125,128,53.8,41,212,62
16246,184,84,100,36,57,127,44
16248,3126,1588,1538,49.3,525,2601,824
16249,1931,1004,927,48.3,383,1548,399
16250,268,174,94,38,89,179,31
16253,113,52,61,31.2,19,94,17
16254,3551,1829,1722,43.8,710,2841,759
16255,1852,915,937,44,410,1442,368
16256,2030,1056,974,19.3,942,1088,193
16258,1600,859,741,43.9,302,1298,357
16259,2068,1033,1035,46.4,375,1693,420
16260,228,92,136,57.5,4,224,87
16262,2802,1397,1405,50.6,437,2365,706
16263,331,152,179,43.7,102,229,42
16301,15178,7725,7453,45.6,2995,12183,3333
16311,438,206,232,52.3,70,368,107
16312,0,0,0,-,0,0,0
16313,1805,955,850,51.5,281,1524,380
16314,5301,2744,2557,44.6,1216,4085,1164
16316,4607,2316,2291,49.5,754,3853,1047
16317,1404,719,685,47.7,301,1103,339
16319,1137,544,593,56.5,204,933,432
16321,13,10,3,62.1,1,12,3
16322,117,80,37,50.7,6,111,18
16323,14934,7156,7778,47.4,2736,12198,3667
16326,322,176,146,48.3,92,230,39
16327,2590,1371,1219,42.4,622,1968,526
16328,249,117,132,48.9,48,201,60
16329,428,245,183,48.3,66,362,101
16331,143,94,49,57.2,0,143,28
16332,51,27,24,55.4,2,49,15
16333,212,89,123,54.5,19,193,56
16334,419,209,210,48.7,80,339,118
16335,27497,13304,14193,42.9,5208,22289,5784
16340,1940,1023,917,46.1,426,1514,461
16341,1862,907,955,50.6,409,1453,453
16342,2359,1224,1135,54.3,331,2028,684
16343,550,279,271,38.6,165,385,97
16344,521,268,253,32,150,371,65
16345,3670,1994,1676,50.1,622,3048,861
16346,3138,1505,1633,47,696,2442,740
16347,1535,812,723,43.3,287,1248,349
16350,2332,1209,1123,41.9,574,1758,476
16351,1760,1040,720,51.1,286,1474,479
16352,226,121,105,41.7,40,186,25
16353,2321,1130,1191,57.2,225,2096,764
16354,10225,4899,5326,46.4,2060,8165,2416
16360,1385,698,687,43.2,312,1073,257
16361,30,8,22,63.8,0,30,13
16362,951,464,487,55.1,122,829,312
16364,1343,650,693,48.9,238,1105,332
16365,17377,8253,9124,47.4,3233,14144,4188
16370,330,109,221,44.4,102,228,64
16371,3129,1574,1555,45.6,786,2343,762
16372,504,228,276,43.3,103,401,70
16373,3050,1604,1446,45.1,625,2425,665
16374,1725,893,832,56.3,274,1451,457
16401,4103,1992,2111,47.3,905,3198,813
16402,703,421,282,48.7,129,574,184
16403,6980,3019,3961,40.2,1510,5470,1091
16404,3285,1710,1575,44.2,786,2499,789
16405,555,257,298,47.6,122,433,110
16406,3479,1738,1741,42.6,683,2796,804
16407,10656,5394,5262,43.9,2181,8475,2542
16410,1995,1048,947,43.3,452,1543,280
16411,1260,635,625,45.4,204,1056,215
16412,9504,4712,4792,39,1632,7872,1646
16415,10051,4801,5250,43.2,2473,7578,2164
16416,136,57,79,65.3,30,106,69
16417,8378,3975,4403,46.3,1561,6817,1519
16420,447,251,196,53.6,75,372,130
16421,2431,1137,1294,49.5,472,1959,626
16422,183,73,110,46.2,67,116,34
16423,3783,1885,1898,44.8,867,2916,711
16424,4367,2344,2023,50.8,795,3572,1219
16426,3401,1704,1697,47,569,2832,853
16427,201,114,87,46.3,33,168,39
16428,12574,6316,6258,40.4,2947,9627,2278
16430,174,88,86,57,38,136,25
16433,4993,2501,2492,44.6,916,4077,1008
16434,3161,1714,1447,26.7,1190,1971,333
16435,1640,840,800,48.3,291,1349,340
16436,801,448,353,50.5,151,650,239
16438,7260,3437,3823,47.5,1356,5904,1700
16440,780,413,367,47.8,145,635,204
16441,9255,4839,4416,47.1,2019,7236,1705
16442,3253,1631,1622,37.6,916,2337,558
16443,1226,694,532,42.9,327,899,143
16444,1002,441,561,19.8,0,1002,0
16475,2154,2154,0,41.6,0,2154,155
16501,1670,984,686,53.7,32,1638,431
16502,15567,7523,8044,32.8,3309,12258,2360
16503,16065,8411,7654,31,4243,11822,1359
16504,16003,7716,8287,37.4,2951,13052,3104
16505,16136,8064,8072,49.1,2777,13359,4299
16506,24201,12697,11504,44.4,5144,19057,5234
16507,8996,4373,4623,30.3,1528,7468,1188
16508,14801,7199,7602,38,3273,11528,2682
16509,28151,13385,14766,41.9,5528,22623,6397
16510,25271,12419,12852,39.8,6226,19045,4363
16511,11555,5215,6340,36.6,3222,8333,2153
16546,1120,456,664,19.6,0,1120,0
16550,0,0,0,-,0,0,0
16563,1543,866,677,19.6,10,1533,0
16601,33169,16138,17031,41,6615,26554,6349
16602,27813,14017,13796,41.3,5899,21914,5417
16611,2656,1466,1190,41.6,597,2059,443
16613,1527,676,851,50,256,1271,418
16616,134,71,63,54.7,27,107,30
16617,2615,1337,1278,44,565,2050,495
16619,315,183,132,27.9,127,188,32
16620,387,188,199,50.9,66,321,86
16621,665,334,331,41.2,148,517,134
16622,85,39,46,64.8,13,72,42
16623,498,260,238,48.9,81,417,133
16624,204,119,85,49.5,39,165,41
16625,3688,1957,1731,44.5,786,2902,782
16627,2053,1023,1030,47,324,1729,467
16630,4845,2358,2487,43,745,4100,1093
16631,38,21,17,51.4,0,38,16
16633,392,175,217,32,129,263,23
16634,251,124,127,52.2,42,209,81
16635,12231,6177,6054,44.8,2444,9787,2951
16636,1081,474,607,36.6,360,721,151
16637,2418,1248,1170,55.9,396,2022,728
16638,87,47,40,34.8,35,52,14
16639,1430,599,831,49.1,221,1209,311
16640,889,445,444,46.8,199,690,221
16641,2388,1177,1211,44.1,497,1891,409
16645,190,100,90,51.6,7,183,45
16646,2174,1046,1128,49.3,330,1844,624
16647,806,364,442,41.6,242,564,143
16648,14547,6952,7595,49.4,2513,12034,3781
16650,1789,939,850,45.6,385,1404,357
16651,5865,4062,1803,43.8,678,5187,787
16652,15734,8080,7654,42.5,2269,13465,3352
16654,1975,1964,11,40.7,0,1975,60
16655,1311,651,660,48.2,249,1062,278
16656,1191,610,581,44.7,196,995,226
16657,1388,650,738,49.8,257,1131,392
16659,173,86,87,39.1,61,112,23
16661,923,473,450,50,178,745,167
16662,5654,2815,2839,44.9,1287,4367,1445
16664,2193,1088,1105,35.3,655,1538,308
16665,378,159,219,31.8,126,252,35
16666,2800,1259,1541,52,427,2373,728
16667,1350,691,659,50.6,305,1045,309
16668,3564,1787,1777,43.7,758,2806,707
16669,2185,1089,1096,44.9,532,1653,470
16670,78,36,42,28.5,22,56,19
16671,404,206,198,47.4,60,344,76
16672,194,103,91,52.5,30,164,48
16673,5176,2410,2766,43.6,1024,4152,931
16674,581,287,294,43,125,456,127
16675,100,57,43,56,22,78,42
16677,301,153,148,36.8,44,257,0
16678,2429,1255,1174,46.6,442,1987,668
16679,625,317,308,58.7,96,529,240
16680,356,212,144,43.5,97,259,76
16682,216,92,124,26.8,23,193,18
16683,350,179,171,52.3,48,302,89
16684,71,9,62,77.3,0,71,41
16685,317,190,127,37.9,106,211,44
16686,13054,6412,6642,40.5,2737,10317,2482
16689,350,194,156,40.3,72,278,81
16691,310,190,120,52.6,48,262,96
16692,912,539,373,32.3,290,622,149
16693,4112,2234,1878,39.7,846,3266,674
16694,348,207,141,23.3,142,206,42
16695,969,495,474,30.9,282,687,129
16699,0,0,0,-,0,0,0
16701,16800,8324,8476,42.4,3228,13572,3084
16720,1237,663,574,49.4,287,950,309
16724,85,35,50,46.9,7,78,16
16725,75,56,19,34.6,33,42,0
16726,518,272,246,52,57,461,81
16727,219,166,53,7.7,114,105,8
16729,689,329,360,46.8,128,561,118
16730,42,19,23,61.9,0,42,0
16731,2364,1223,1141,51.5,385,1979,591
16732,182,98,84,60.6,10,172,49
16733,173,43,130,65.5,6,167,134
16734,194,105,89,48.1,24,170,39
16735,6411,3224,3187,44.3,1369,5042,1443
16738,2111,1656,455,39.2,196,1915,206
16740,896,467,429,43.5,197,699,196
16743,3894,1992,1902,38.8,1022,2872,728
16744,225,157,68,37.7,36,189,0
16745,631,291,340,55.6,110,521,249
16746,1131,646,485,48.1,192,939,258
16748,2739,1389,1350,47.1,535,2204,626
16749,4020,1965,2055,45.3,888,3132,1004
16750,542,300,242,52.4,97,445,92
16801,43307,23196,20111,26.3,5241,38066,5585
16802,12700,6442,6258,19.4,307,12393,0
16803,23964,12642,11322,29.9,2979,20985,3131
16820,1514,786,728,19.8,708,806,130
16821,219,83,136,40.6,42,177,12
16822,1935,944,991,47,328,1607,383
16823,29145,16471,12674,45.3,4051,25094,5700
16825,241,161,80,27.1,29,212,15
16826,425,260,165,55.2,45,380,143
16827,4724,2308,2416,45.1,844,3880,1028
16828,4849,2306,2543,48.1,1043,3806,1196
16829,690,322,368,44.3,179,511,153
16830,13644,6690,6954,41.2,2953,10691,2961
16832,300,147,153,52.1,59,241,75
16833,5208,2470,2738,42.5,1122,4086,1123
16834,677,323,354,37.7,103,574,58
16835,221,106,115,43.8,39,182,40
16836,1097,569,528,53.3,142,955,301
16837,136,83,53,58.7,24,112,47
16838,1831,1019,812,48.5,329,1502,355
16839,406,206,200,35.8,81,325,47
16840,303,151,152,54.8,64,239,108
16841,6833,3643,3190,38.3,1679,5154,1048
16843,354,161,193,55,25,329,49
16844,2541,1343,1198,46.4,395,2146,399
16845,1056,654,402,40.6,158,898,208
16847,368,214,154,39,12,356,37
16848,289,151,138,42.5,75,214,59
16849,70,48,22,63.6,0,70,26
16851,1211,726,485,35.7,179,1032,54
16852,165,116,49,47.9,51,114,40
16853,358,164,194,48.8,49,309,94
16854,737,399,338,43.9,135,602,142
16855,87,68,19,42.1,12,75,31
16856,31,16,15,-,0,31,31
16858,3826,1785,2041,51.1,728,3098,1001
16859,494,276,218,50.1,81,413,92
16860,362,118,244,52.7,41,321,19
16861,286,137,149,56.7,41,245,97
16863,594,317,277,50.3,101,493,172
16864,97,44,53,50.9,13,84,37
16865,1405,821,584,50.8,127,1278,455
16866,9365,5397,3968,45.4,1367,7998,2093
16868,1030,454,576,52.9,70,960,203
16870,7418,3843,3575,41.8,2010,5408,1047
16871,52,31,21,31.4,0,52,6
16872,1522,737,785,28.1,577,945,236
16874,1195,603,592,46.2,207,988,246
16875,3578,1753,1825,46.5,852,2726,788
16876,242,150,92,47.4,29,213,30
16877,1846,858,988,53,245,1601,422
16878,1798,906,892,45.9,390,1408,334
16879,408,230,178,51.3,32,376,57
16881,2439,1232,1207,50.6,340,2099,538
16882,455,267,188,42.6,118,337,75
16901,10651,5280,5371,47.5,1893,8758,2914
16910,61,29,32,41.9,10,51,13
16911,264,143,121,64,31,233,132
16912,2607,1302,1305,34.5,754,1853,277
16914,2415,1233,1182,42.5,682,1733,399
16915,5858,2852,3006,48.7,1091,4767,1509
16917,1223,600,623,52,215,1008,312
16920,1844,863,981,44.8,372,1472,463
16921,651,303,348,53.7,108,543,172
16922,1697,816,881,50.5,301,1396,471
16923,1278,664,614,53.3,231,1047,376
16925,3330,1757,1573,45.5,792,2538,751
16926,922,481,441,39.6,239,683,192
16927,623,327,296,37.4,197,426,118
16928,1573,780,793,45,305,1268,307
16929,2387,1209,1178,43.7,516,1871,381
16930,1150,637,513,45.4,243,907,248
16932,726,370,356,40.9,130,596,149
16933,6246,3146,3100,38.6,1179,5067,1350
16935,1122,530,592,47.4,204,918,243
16936,2225,1094,1131,49.7,437,1788,544
16937,118,47,71,46,29,89,29
16938,808,426,382,53.8,118,690,173
16939,193,87,106,42.4,20,173,10
16940,48,18,30,46.5,11,37,12
16941,69,36,33,32.8,15,54,12
16942,900,467,433,38.2,217,683,127
16943,374,216,158,58.2,45,329,155
16946,2629,1394,1235,45.1,467,2162,564
16947,4617,2264,2353,45.7,783,3834,1181
16948,1709,879,830,38,477,1232,304
16950,3220,1653,1567,46.5,678,2542,756
17002,500,271,229,33.2,146,354,71
17003,12260,6188,6072,37.5,2093,10167,2374
17004,5376,2678,2698,35.2,1975,3401,1157
17005,280,136,144,48.3,68,212,61
17006,1020,544,476,32.6,332,688,154
17007,6259,3195,3064,42.8,1544,4715,1266
17009,1652,866,786,41.2,390,1262,299
17010,450,136,314,12.4,254,196,0
17011,38861,19771,19090,39.8,7619,31242,6871
17013,36942,18238,18704,37.9,7264,29678,7237
17014,152,66,86,38.8,18,134,20
17015,24864,12223,12641,45.1,5142,19722,4904
17016,1053,574,479,72.3,140,913,550
17017,1516,750,766,50.3,286,1230,428
17018,4158,2069,2089,49.9,727,3431,988
17019,19153,9419,9734,44.5,4363,14790,3629
17020,8642,4405,4237,46.2,1546,7096,1894
17021,969,517,452,58.2,124,845,312
17022,31969,15749,16220,41.1,6191,25778,6933
17023,3496,1757,1739,40.6,807,2689,550
17024,1846,919,927,45.6,460,1386,315
17025,17163,8792,8371,40.5,3305,13858,2690
17026,3556,1683,1873,44.2,887,2669,532
17027,2649,1207,1442,20,141,2508,22
17028,3275,1693,1582,44.8,335,2940,655
17029,266,162,104,51.4,0,266,47
17030,587,374,213,52.2,129,458,93
17032,7645,3757,3888,47.6,1519,6126,1684
17033,17023,8286,8737,43.7,3362,13661,3041
17034,2709,1386,1323,36.3,637,2072,400
17035,833,420,413,55.8,124,709,289
17036,22317,11060,11257,42,4920,17397,3718
17037,1034,516,518,24,392,642,105
17038,8184,4167,4017,38.5,1803,6381,1291
17039,14,14,0,-,0,14,0
17040,2466,1290,1176,39.2,644,1822,479
17041,259,123,136,33.5,61,198,0
17042,39175,19310,19865,44.1,8297,30878,8201
17043,5858,2884,2974,40.9,827,5031,921
17044,20207,9582,10625,43.3,4221,15986,4269
17045,3842,1952,1890,39.5,964,2878,695
17046,31818,15866,15952,40.3,7367,24451,5720
17047,2962,1479,1483,32.4,1059,1903,424
17048,3611,1847,1764,41.5,890,2721,631
17049,3145,1628,1517,38,977,2168,591
17050,42003,20529,21474,41.6,9948,32055,7756
17051,4772,2442,2330,49.1,937,3835,1161
17052,1490,794,696,45.6,287,1203,263
17053,5130,2550,2580,45.3,856,4274,977
17054,286,150,136,37.5,106,180,37
17055,40007,19200,20807,43.1,7670,32337,9320
17056,32,8,24,29.4,0,32,0
17057,23423,11918,11505,39.3,4496,18927,4533
17058,1599,725,874,41.2,370,1229,334
17059,7645,3931,3714,43.7,1585,6060,1529
17060,1098,602,496,39.4,283,815,178
17061,6924,3515,3409,40.2,1548,5376,1573
17062,4060,2008,2052,41,919,3141,724
17063,3273,1619,1654,41.3,701,2572,562
17064,916,447,469,41.1,231,685,309
17065,3968,2216,1752,45,612,3356,613
17066,4970,2646,2324,39.3,1091,3879,992
17067,16272,8419,7853,43,4171,12101,3768
17068,4428,2318,2110,49.6,665,3763,1047
17069,294,146,148,45.3,50,244,59
17070,16626,8370,8256,43.7,3121,13505,2815
17071,123,84,39,36.6,36,87,9
17073,5680,2903,2777,37.4,1928,3752,838
17074,7161,3695,3466,42.2,1455,5706,1245
17075,151,68,83,31.1,30,121,15
17076,123,86,37,54.2,0,123,0
17077,23,0,23,25.8,0,23,0
17078,23269,10737,12532,40.8,5711,17558,4518
17080,306,170,136,37.8,92,214,63
17081,242,107,135,50.7,29,213,78
17082,3004,1486,1518,40.8,698,2306,592
17084,4699,2430,2269,42.3,990,3709,1012
17086,2144,1056,1088,45.9,412,1732,464
17087,2685,1354,1331,38.3,684,2001,460
17088,424,230,194,60.4,28,396,149
17090,5410,2696,2714,48.8,868,4542,1125
17093,786,372,414,23.4,84,702,69
17094,2559,1227,1332,38.5,597,1962,569
17097,772,414,358,35.2,231,541,139
17098,2441,1199,1242,41.9,561,1880,401
17099,1220,562,658,62.2,90,1130,576
17101,2513,1638,875,32.1,41,2472,449
17102,8173,4070,4103,34.8,1124,7049,1158
17103,12923,6083,6840,28.7,4409,8514,1180
17104,20211,9371,10840,31.2,6819,13392,2272
17109,26531,12240,14291,36.1,6426,20105,4645
17110,25456,11839,13617,40.9,5203,20253,4845
17111,36269,18179,18090,38.4,7260,29009,6326
17112,38369,18950,19419,44.4,7787,30582,8129
17113,11559,5645,5914,38.2,2519,9040,1508
17120,0,0,0,-,0,0,0
17201,27148,12778,14370,41,5444,21704,5851
17202,32665,16533,16132,41.9,7034,25631,6086
17210,119,50,69,45.5,32,87,37
17211,381,166,215,49.7,80,301,74
17212,667,363,304,43.6,176,491,155
17213,619,278,341,51.5,105,514,168
17214,1189,695,494,43.2,262,927,268
17215,158,88,70,56.5,20,138,29
17217,136,85,51,45.8,20,116,38
17219,506,344,162,52,94,412,171
17220,393,216,177,44.9,75,318,73
17221,511,240,271,51.1,80,431,122
17222,10676,5176,5500,49.6,2166,8510,3028
17223,314,143,171,45.3,62,252,42
17224,1735,939,796,37.7,164,1571,302
17225,20935,10238,10697,41.5,5114,15821,3281
17228,1106,507,599,34,291,815,201
17229,1317,696,621,42.3,234,1083,262
17232,36,18,18,61.2,0,36,0
17233,5163,2615,2548,47.4,944,4219,1215
17235,855,475,380,26.1,219,636,112
17236,8316,4195,4121,45.2,1702,6614,1710
17237,1726,842,884,36.3,186,1540,310
17238,1810,930,880,48.5,318,1492,399
17239,207,101,106,46.7,57,150,42
17240,3405,1767,1638,38.4,866,2539,538
17241,11135,5614,5521,41.9,2503,8632,1988
17243,1398,629,769,54.1,246,1152,419
17244,2170,1097,1073,44.9,488,1682,443
17246,601,332,269,38.6,148,453,54
17247,471,155,316,81.1,0,471,464
17249,351,178,173,50,80,271,72
17250,78,36,42,-,0,78,36
17251,35,20,15,48.6,2,33,12
17252,3661,1739,1922,31.7,1167,2494,433
17253,460,252,208,28.7,135,325,42
17254,531,253,278,59.2,88,443,230
17255,1107,536,571,48.4,192,915,332
17257,28635,14755,13880,34.1,6046,22589,4827
17260,1080,614,466,54.9,162,918,348
17261,47,29,18,17,37,10,0
17262,834,385,449,46.5,129,705,129
17263,932,584,348,29.7,245,687,101
17264,2187,1051,1136,45.3,452,1735,524
17265,353,184,169,43.9,85,268,85
17266,397,192,205,40.5,61,336,109
17267,2856,1542,1314,43.5,633,2223,576
17268,28887,14303,14584,41.7,6949,21938,5404
17271,461,255,206,31,77,384,76
17301,4201,1942,2259,40,1010,3191,719
17302,2386,1330,1056,45.7,268,2118,515
17303,380,168,212,38.7,89,291,41
17304,2845,1603,1242,39.3,651,2194,347
17306,576,335,241,44,82,494,124
17307,5594,2764,2830,46,1150,4444,1415
17309,1968,1068,900,42.2,568,1400,370
17311,161,77,84,61.1,6,155,57
17313,11223,5674,5549,40.4,2843,8380,2002
17314,6386,3161,3225,41.6,1507,4879,993
17315,26613,13128,13485,46.3,5559,21054,5876
17316,8544,4185,4359,47.2,1822,6722,1806
17317,458,244,214,32.9,153,305,67
17318,325,165,160,41.4,95,230,10
17319,10928,5497,5431,38.9,2382,8546,1506
17320,8206,3951,4255,45.3,1733,6473,1610
17321,2368,1236,1132,49.6,409,1959,404
17322,6161,3310,2851,42.8,1203,4958,942
17323,81,46,35,38.7,5,76,3
17324,3970,2045,1925,51.2,772,3198,1154
17325,29110,14560,14550,44.5,4465,24645,6881
17327,7792,3747,4045,43.5,1760,6032,1601
17329,3322,1589,1733,47.3,785,2537,662
17331,54942,27190,27752,41.6,12063,42879,10813
17339,6842,3592,3250,45.8,1325,5517,1361
17340,11622,5735,5887,39.9,2670,8952,1983
17342,644,370,274,32.2,193,451,28
17343,23,12,11,-,0,23,0
17344,3633,1988,1645,34,963,2670,555
17345,8303,4116,4187,43,1685,6618,1424
17347,6432,3259,3173,43.3,1492,4940,1094
17349,7995,3957,4038,47.6,1608,6387,2033
17350,13343,6267,7076,43.3,2772,10571,3017
17352,1460,663,797,44.3,297,1163,202
17353,2870,1572,1298,46.8,661,2209,465
17355,321,148,173,32.9,73,248,35
17356,22623,11294,11329,40.3,4692,17931,3647
17360,6170,3275,2895,38.6,1613,4557,969
17361,6158,3196,2962,52.8,1066,5092,1873
17362,14165,7147,7018,45.6,2944,11221,3085
17363,8807,4400,4407,48.8,1586,7221,1798
17364,3693,1878,1815,42.1,798,2895,637
17365,2472,1320,1152,49.3,416,2056,527
17366,6169,3051,3118,37.5,1615,4554,861
17368,6453,3293,3160,43.4,1348,5105,1154
17370,6079,3175,2904,44.6,1156,4923,1076
17371,369,169,200,33.8,63,306,46
17372,3851,1950,1901,45.4,794,3057,629
17401,18044,8913,9131,32.6,3835,14209,2260
17402,37867,18761,19106,39,8862,29005,7197
17403,40014,20016,19998,38.1,8833,31181,6681
17404,38849,18868,19981,38.1,9274,29575,5868
17406,23643,11567,12076,39.9,5146,18497,4384
17407,2654,1404,1250,37.7,649,2005,322
17408,23846,11685,12161,44.6,4768,19078,4928
17501,4639,2367,2272,37.6,1201,3438,902
17502,2483,1229,1254,46.7,372,2111,355
17504,142,85,57,46.6,19,123,61
17505,2156,961,1195,28.4,786,1370,243
17506,391,167,224,34.6,37,354,10
17507,158,95,63,58.8,0,158,0
17508,1052,521,531,38.5,390,662,185
17509,5068,2463,2605,27.4,1840,3228,617
17512,18044,8738,9306,43,3449,14595,4238
17516,4952,2510,2442,49.8,805,4147,771
17517,15051,7466,7585,40.6,3564,11487,2398
17518,1455,858,597,29.9,480,975,187
17519,6651,3405,3246,36.3,1738,4913,1394
17520,5202,2543,2659,42.2,1166,4036,1083
17522,34061,16801,17260,37.4,7660,26401,6918
17527,6525,3289,3236,33.8,1750,4775,788
17529,4795,2468,2327,25.4,1597,3198,730
17532,3445,1769,1676,39.6,928,2517,386
17534,39,20,19,-,0,39,39
17535,2545,1347,1198,22.7,1099,1446,196
17536,3610,1626,1984,37.8,1253,2357,638
17538,7496,3420,4076,51.3,1340,6156,1714
17540,10730,5446,5284,34,3306,7424,1507
17543,45393,22352,23041,43.8,9916,35477,10352
17545,22568,11791,10777,44.7,4525,18043,4832
17547,8851,4565,4286,35.5,1741,7110,1442
17550,168,82,86,55.4,31,137,64
17551,11526,5090,6436,26.3,1631,9895,1595
17552,19902,10162,9740,43.5,4028,15874,3935
17554,7871,4175,3696,39.4,1626,6245,1269
17555,6924,3482,3442,34.1,2230,4694,945
17557,15303,7839,7464,40.2,3953,11350,3327
17560,5154,2502,2652,39.1,1316,3838,927
17562,4277,2183,2094,29,1543,2734,500
17563,4073,1969,2104,28.1,1404,2669,659
17565,2229,1167,1062,46.4,602,1627,370
17566,12150,5864,6286,36.9,3264,8886,2284
17568,0,0,0,-,0,0,0
17569,7460,3713,3747,38.2,2111,5349,1252
17570,212,111,101,53.1,29,183,46
17572,3824,1930,1894,31.4,1111,2713,588
17576,122,62,60,51,60,62,0
17578,7642,4116,3526,35.3,2512,5130,1198
17579,6409,3315,3094,42,1788,4621,1463
17581,126,73,53,68.4,0,126,89
17582,1615,854,761,39.9,414,1201,355
17584,11521,5670,5851,45.3,2334,9187,3159
17601,56164,27837,28327,43.9,12144,44020,12416
17602,50184,24567,25617,37.4,11247,38937,8189
17603,67891,31334,36557,34.9,15219,52672,10740
17606,317,39,278,81,0,317,317
17701,43309,21175,22134,36.8,8451,34858,8234
17702,10653,5419,5234,43.3,2146,8507,2125
17720,245,110,135,58.9,35,210,99
17721,1572,755,817,38.2,393,1179,297
17723,65,31,34,49.5,15,50,17
17724,4719,2272,2447,41.2,1129,3590,1013
17727,28,8,20,76.3,0,28,25
17728,4618,2304,2314,50.6,731,3887,1069
17729,137,75,62,61.8,11,126,42
17730,47,0,47,-,0,47,36
17731,159,72,87,61.4,7,152,65
17737,6566,3338,3228,45,1468,5098,1272
17739,25,15,10,61.9,0,25,11
17740,11925,6180,5745,44.1,2878,9047,2358
17742,56,17,39,53.3,12,44,18
17744,2860,1415,1445,48.3,604,2256,681
17745,17494,8552,8942,37.8,2627,14867,3472
17747,3412,1690,1722,30.3,1188,2224,441
17748,153,86,67,36.6,36,117,25
17749,274,123,151,51.4,42,232,62
17750,137,81,56,12.5,69,68,0
17751,7180,3794,3386,41.4,1693,5487,1410
17752,4929,2435,2494,41.3,1228,3701,832
17754,12236,5962,6274,46.2,2505,9731,2945
17756,12415,5737,6678,40.1,2532,9883,2150
17758,982,528,454,48.6,118,864,274
17760,548,261,287,42.8,135,413,131
17762,455,193,262,49.6,68,387,107
17763,260,137,123,51.1,21,239,41
17764,2405,1234,1171,52.2,410,1995,672
17765,1266,679,587,43.1,264,1002,230
17768,442,278,164,46,126,316,103
17769,42,24,18,65.5,0,42,21
17771,2978,1535,1443,47.1,622,2356,673
17772,2453,1234,1219,45.5,504,1949,607
17774,1051,508,543,45.6,208,843,216
17776,185,102,83,54.7,7,178,53
17777,6709,3257,3452,39,1708,5001,1349
17778,130,63,67,31.7,54,76,18
17779,132,54,78,25,0,132,9
17801,16236,7735,8501,43.5,3376,12860,3417
17810,5763,4530,1233,38.8,745,5018,405
17812,1474,773,701,46.8,346,1128,333
17813,2048,1004,1044,40.8,520,1528,447
17814,4804,2375,2429,47.4,785,4019,1112
17815,29125,13974,15151,33.9,4789,24336,4871
17820,5317,2642,2675,47.8,1029,4288,1388
17821,18936,9094,9842,43,3939,14997,3959
17822,8,8,0,-,0,8,5
17823,1304,659,645,46.4,305,999,275
17824,3718,1655,2063,52.6,597,3121,900
17827,837,362,475,50.1,161,676,251
17829,244,130,114,41.8,53,191,55
17830,1971,1003,968,47.4,351,1620,453
17832,654,375,279,47.3,123,531,135
17834,3498,1888,1610,50,548,2950,853
17835,162,42,120,15.8,95,67,1
17836,224,89,135,23.6,83,141,19
17837,18670,9887,8783,36.7,2726,15944,3995
17840,363,184,179,41.5,77,286,94
17841,4852,2400,2452,46.5,1143,3709,1033
17842,8174,4154,4020,44.4,1678,6496,1634
17844,10227,5065,5162,37.2,2660,7567,1826
17845,2051,998,1053,39.4,582,1469,388
17846,3683,1738,1945,45.4,698,2985,813
17847,11479,5821,5658,42.9,2358,9121,2303
17850,617,362,255,33.4,153,464,115
17851,7232,3663,3569,44.6,1299,5933,1589
17853,3165,1562,1603,41.9,784,2381,467
17855,793,393,400,43.3,165,628,166
17856,3107,1481,1626,49.3,396,2711,532
17857,7708,3777,3931,51.6,1338,6370,2242
17858,65,33,32,53.3,7,58,11
17859,2809,1332,1477,49.9,478,2331,763
17860,2485,1169,1316,43.1,561,1924,515
17861,125,57,68,40.1,32,93,17
17862,539,264,275,40.8,93,446,91
17864,2402,1291,1111,32,701,1701,388
17865,33,19,14,26.9,0,33,2
17866,9905,6140,3765,43.3,1178,8727,1879
17867,191,111,80,36.5,61,130,34
17868,1057,531,526,48.8,175,882,247
17870,14347,7052,7295,38.6,2224,12123,2983
17872,9157,4638,4519,41.1,2090,7067,1623
17876,2036,971,1065,42.8,419,1617,486
17878,1534,749,785,50.4,267,1267,452
17880,46,26,20,46.8,0,46,0
17881,1439,788,651,40.6,278,1161,308
17884,221,112,109,37.3,51,170,33
17885,221,124,97,52.9,44,177,64
17886,657,239,418,70.8,43,614,432
17887,810,267,543,28.7,368,442,75
17888,514,242,272,46.5,105,409,92
17889,2997,1468,1529,42.9,717,2280,515
17901,22875,10618,12257,43.9,4819,18056,4709
17920,242,112,130,58.7,26,216,101
17921,6724,3786,2938,45.8,771,5953,1208
17922,5012,2539,2473,43.2,1229,3783,977
17923,316,149,167,60,5,311,90
17925,356,187,169,40.6,83,273,59
17929,1372,679,693,40.1,244,1128,265
17930,272,133,139,48.4,60,212,70
17931,8859,6126,2733,41.1,1204,7655,1308
17933,178,80,98,74.3,0,178,94
17934,279,147,132,38.4,101,178,53
17935,1572,759,813,44.3,299,1273,341
17936,989,499,490,38,273,716,185
17938,2490,1361,1129,42.4,313,2177,460
17941,744,401,343,42.6,173,571,166
17943,27,13,14,62.1,0,27,0
17944,156,92,64,32.8,10,146,29
17945,275,158,117,47.8,16,259,37
17946,250,147,103,45.7,52,198,17
17948,4105,2070,2035,39.8,1065,3040,690
17949,141,81,60,65.4,0,141,72
17951,345,179,166,26.4,72,273,16
17952,229,123,106,45.4,37,192,57
17953,333,142,191,47.6,55,278,62
17954,4583,2238,2345,43,845,3738,618
17957,410,159,251,41.4,97,313,34
17959,1454,764,690,43.5,340,1114,290
17960,4235,2221,2014,49.6,840,3395,1334
17961,6783,3372,3411,47.7,1496,5287,1471
17963,9329,4922,4407,49.3,1743,7586,2380
17964,928,485,443,37.1,299,629,181
17965,1927,914,1013,48.5,348,1579,461
17967,2298,1194,1104,48.4,387,1911,543
17968,302,160,142,47.3,76,226,78
17970,3169,1543,1626,45.7,518,2651,675
17972,11348,5821,5527,44,1986,9362,2645
17974,388,179,209,33.1,101,287,82
17976,5973,3189,2784,39.7,1472,4501,1117
17978,739,396,343,35.3,265,474,85
17979,64,24,40,61.9,0,64,14
17980,3039,1492,1547,42.9,556,2483,718
17981,2549,1400,1149,43.8,501,2048,529
17982,404,200,204,61.5,36,368,173
17983,1461,762,699,38.8,358,1103,227
17985,1295,659,636,48.3,231,1064,317
18011,5639,2919,2720,37.5,1448,4191,963
18012,14,0,14,-,0,14,14
18013,17962,8881,9081,40.5,4150,13812,3416
18014,12389,5774,6615,43.5,2647,9742,2683
18015,33472,16972,16500,32.3,5671,27801,4675
18017,40587,19523,21064,44.4,8776,31811,10204
18018,31479,15196,16283,38.2,5105,26374,5810
18020,21153,10337,10816,43.2,4001,17152,4216
18030,586,273,313,41.1,85,501,80
18031,12337,5617,6720,39.3,3497,8840,1545
18032,9468,4892,4576,39.2,2066,7402,1399
18034,9228,4475,4753,42.3,1639,7589,1703
18035,25,8,17,51.6,8,17,0
18036,14532,7441,7091,47.8,2860,11672,3231
18037,7360,3553,3807,45.9,1627,5733,1296
18038,3466,1893,1573,48.2,260,3206,526
18040,17090,8765,8325,45.7,3211,13879,3575
18041,5619,2915,2704,40.7,1225,4394,1110
18042,44818,22581,22237,36.7,9136,35682,6500
18045,29563,14974,14589,45.3,5623,23940,6359
18046,142,54,88,35.6,45,97,0
18049,18727,9550,9177,42.9,3721,15006,3283
18051,3390,1695,1695,50.2,669,2721,608
18052,29286,14531,14755,38.9,6002,23284,5162
18053,2565,1245,1320,41.7,531,2034,443
18054,4960,2457,2503,37.9,1236,3724,768
18055,11796,5579,6217,48.2,2402,9394,2884
18056,1541,967,574,27.8,269,1272,208
18058,9988,5313,4675,46,2024,7964,2198
18059,728,347,381,55.4,64,664,141
18062,26722,12973,13749,43.6,6657,20065,5105
18063,280,145,135,62.9,22,258,109
18064,27112,13439,13673,44.5,6087,21025,5837
18065,271,170,101,67.4,29,242,176
18066,5612,2807,2805,43.3,1051,4561,923
18067,19166,9700,9466,45.1,3568,15598,4125
18069,8593,4315,4278,46.9,2006,6587,1479
18070,340,179,161,56.1,58,282,156
18071,11107,5477,5630,47.6,1964,9143,2346
18072,6937,3416,3521,44.3,1093,5844,1528
18073,11271,5485,5786,42.2,2419,8852,1966
18074,5423,2843,2580,46,1114,4309,1069
18076,3152,1592,1560,42.8,679,2473,676
18077,2303,1167,1136,49,360,1943,565
18078,7543,3622,3921,43.6,1917,5626,1479
18079,550,304,246,35.9,190,360,18
18080,11251,5825,5426,41.3,2482,8769,2193
18081,120,60,60,14.1,79,41,0
18083,594,258,336,39,111,483,72
18085,887,462,425,41.6,188,699,135
18086,521,212,309,49.3,150,371,57
18087,762,334,428,35.9,116,646,88
18088,8118,3887,4231,47.5,1564,6554,1805
18091,5888,2697,3191,45.8,1062,4826,1022
18092,3078,1694,1384,51.7,612,2466,816
18101,5673,3161,2512,30.3,1044,4629,403
18102,51640,25645,25995,30.5,15756,35884,4883
18103,48344,24420,23924,38.2,10297,38047,8157
18104,46259,21817,24442,39.4,9141,37118,9681
18106,6759,3199,3560,45.9,1559,5200,1461
18109,17745,8295,9450,35.1,3865,13880,2601
18195,0,0,0,-,0,0,0
18201,31519,16335,15184,37.9,7467,24052,5028
18202,13309,6759,6550,42,2957,10352,2810
18210,7244,3675,3569,50.1,1140,6104,1776
18211,1078,548,530,55.5,178,900,240
18212,19,10,9,85.1,0,19,19
18214,2164,1034,1130,50.5,310,1854,599
18216,1345,611,734,40.3,273,1072,271
18218,2314,1205,1109,38.8,532,1782,393
18219,1052,590,462,54.5,132,920,288
18220,303,181,122,39.1,65,238,61
18221,441,248,193,34.1,115,326,129
18222,9958,5012,4946,44.6,2066,7892,1998
18223,75,36,39,-,0,75,0
18224,6003,2989,3014,44.6,1265,4738,1247
18225,0,0,0,-,0,0,0
18229,9049,4736,4313,48.5,1612,7437,2152
18230,163,87,76,53,24,139,23
18231,465,231,234,30.3,142,323,18
18232,4129,2069,2060,37.1,1084,3045,649
18234,409,167,242,65.2,0,409,242
18235,19064,9484,9580,48,3520,15544,4115
18237,3721,1916,1805,35.6,895,2826,625
18239,101,0,101,-,0,101,51
18240,3901,2004,1897,38.8,899,3002,764
18241,335,141,194,65.2,27,308,172
18242,373,288,85,36.6,127,246,13
18244,310,126,184,44,59,251,55
18245,222,80,142,68.8,0,222,167
18246,211,95,116,32,55,156,20
18248,492,217,275,40.1,167,325,98
18249,4022,1988,2034,47.8,788,3234,951
18250,3117,1576,1541,40.7,669,2448,606
18252,11335,5624,5711,44.4,2589,8746,2217
18254,865,411,454,40.2,202,663,167
18255,4412,2126,2286,44.6,925,3487,933
18256,179,117,62,53.9,15,164,83
18301,29207,14432,14775,41.5,5326,23881,4699
18302,17781,8839,8942,40.7,3648,14133,2597
18321,1845,857,988,48.1,342,1503,494
18322,2950,1518,1432,47.1,511,2439,572
18323,79,79,0,-,0,79,79
18324,9795,4949,4846,46,2112,7683,1291
18325,2829,1541,1288,41.3,641,2188,468
18326,3391,1628,1763,44.2,628,2763,619
18327,638,348,290,48.1,72,566,118
18328,7787,4134,3653,48.5,1383,6404,1579
18330,8815,4306,4509,44.3,2115,6700,1142
18331,636,340,296,59.7,64,572,241
18332,2824,1497,1327,37.8,617,2207,310
18333,0,0,0,-,0,0,0
18334,5476,2554,2922,42.6,1060,4416,805
18335,1405,730,675,47.1,244,1161,209
18336,3892,1978,1914,44.7,674,3218,953
18337,15609,7965,7644,45.6,2757,12852,3340
18340,64,27,37,8.6,37,27,0
18342,775,403,372,42,143,632,28
18343,3964,2082,1882,52.9,577,3387,820
18344,3478,1739,1739,43.2,705,2773,748
18346,2436,1288,1148,45.1,519,1917,357
18347,3156,1607,1549,52.2,158,2998,985
18349,189,172,17,13.9,101,88,35
18350,597,364,233,64.6,11,586,296
18351,606,320,286,34.6,179,427,39
18353,11453,5960,5493,53,1846,9607,2630
18354,1087,448,639,48.8,151,936,293
18355,1468,683,785,42.4,342,1126,110
18356,0,0,0,-,0,0,0
18357,86,40,46,93,0,86,78
18360,29345,14454,14891,45.5,5838,23507,6679
18370,1016,495,521,34.9,205,811,157
18371,633,284,349,49.3,97,536,133
18372,2916,1394,1522,40.5,633,2283,535
18403,6734,3275,3459,43.9,1560,5174,1126
18405,2599,1294,1305,49.1,496,2103,546
18407,14696,7112,7584,42.3,2990,11706,3113
18411,22829,11056,11773,43.7,5131,17698,5060
18413,52,30,22,-,0,52,0
18414,5549,2766,2783,45.5,1140,4409,1207
18415,1257,691,566,57.6,76,1181,505
18417,898,449,449,55.6,152,746,282
18419,4474,2218,2256,45.9,764,3710,1046
18420,123,54,69,43.2,39,84,27
18421,4424,2084,2340,48.8,826,3598,948
18424,5114,2523,2591,49.3,984,4130,1061
18425,1063,529,534,54.9,136,927,308
18426,3553,1914,1639,54.6,471,3082,1007
18428,12405,6622,5783,51.8,1740,10665,3612
18430,81,37,44,54.6,10,71,23
18431,12807,6420,6387,46,2208,10599,3016
18433,7018,3393,3625,47.6,1328,5690,1362
18434,4033,1896,2137,45.6,855,3178,602
18435,895,513,382,66,41,854,506
18436,12839,6477,6362,50.5,2107,10732,3245
18437,122,63,59,56.2,25,97,26
18438,1379,801,578,62.1,151,1228,498
18439,385,179,206,54.4,59,326,89
18440,58,46,12,60.5,0,58,27
18441,444,182,262,48.9,17,427,126
18443,445,199,246,42.2,131,314,112
18444,14155,7108,7047,46,3076,11079,2938
18445,2475,1318,1157,45,608,1867,524
18446,3268,1598,1670,46.4,659,2609,831
18447,10275,5167,5108,44.5,2101,8174,2135
18451,546,230,316,61.6,66,480,247
18452,5082,2140,2942,54.1,937,4145,1711
18453,1252,586,666,51.1,289,963,327
18454,92,56,36,70,8,84,75
18455,141,67,74,68.3,14,127,85
18456,298,172,126,51.2,37,261,64
18457,34,34,0,50.3,13,21,0
18458,3603,1693,1910,49.6,704,2899,770
18460,179,56,123,67.4,16,163,126
18461,236,105,131,58.8,13,223,88
18462,586,323,263,48.2,97,489,118
18463,257,141,116,59.1,13,244,104
18464,1374,635,739,53.1,190,1184,423
18465,1246,676,570,46.9,262,984,280
18466,17822,9050,8772,39.5,3784,14038,2427
18469,484,279,205,64.9,60,424,240
18470,2180,1190,990,48.7,295,1885,638
18471,528,288,240,49.4,94,434,120
18472,6905,4737,2168,40.5,904,6001,1023
18473,415,158,257,41.5,75,340,48
18503,1303,834,469,39.1,27,1276,437
18504,20516,9985,10531,41.3,4601,15915,3670
18505,21588,10781,10807,37.2,5077,16511,4048
18507,5229,2814,2415,45.3,702,4527,1306
18508,11265,5353,5912,38.7,2319,8946,2236
18509,13697,7178,6519,37.1,2569,11128,2282
18510,14530,6891,7639,27.9,2681,11849,2244
18512,12337,6149,6188,40.9,2293,10044,2447
18517,5320,2657,2663,41,1076,4244,1107
18518,8506,4175,4331,47.2,1537,6969,1858
18519,5117,2290,2827,45,1135,3982,1171
18602,365,162,203,34.6,130,235,76
18603,19147,9295,9852,46.9,3182,15965,4163
18610,4565,2042,2523,36.4,951,3614,907
18612,18033,9562,8471,42.6,3053,14980,3498
18614,1916,947,969,56.5,217,1699,558
18615,1649,827,822,49.3,244,1405,422
18616,779,391,388,60.6,96,683,273
18617,1376,750,626,46.5,177,1199,252
18618,3515,1726,1789,47.4,463,3052,1008
18619,139,58,81,62.2,11,128,56
18621,5405,2786,2619,47.1,802,4603,1139
18622,221,96,125,42.4,58,163,54
18623,2224,1141,1083,47.7,435,1789,515
18624,404,200,204,60.5,23,381,135
18625,107,45,62,42,0,107,29
18626,513,271,242,64.6,25,488,255
18627,0,0,0,-,0,0,0
18628,176,85,91,51.7,34,142,45
18629,1922,990,932,51.2,361,1561,530
18630,2933,1529,1404,45.8,651,2282,595
18631,1134,614,520,46.1,196,938,227
18632,464,227,237,45.2,52,412,78
18634,13623,6959,6664,41,2898,10725,2489
18635,3567,1840,1727,46.5,713,2854,834
18636,1448,693,755,48.5,249,1199,379
18640,16014,7391,8623,40.7,3271,12743,3336
18641,7460,3549,3911,43.7,1585,5875,1363
18642,3545,1823,1722,51,509,3036,959
18643,12737,6397,6340,46.5,2353,10384,2840
18644,7506,3776,3730,47.5,1402,6104,1783
18651,8704,4383,4321,44.7,2033,6671,1522
18655,5522,2767,2755,49.9,1028,4494,1403
18656,2224,1026,1198,48.9,422,1802,546
18657,11080,5608,5472,45.6,2214,8866,2432
18660,3335,1684,1651,46.6,573,2762,667
18661,5301,2652,2649,49.1,976,4325,1292
18701,3710,1964,1746,22,70,3640,740
18702,42768,20861,21907,38.2,9370,33398,7093
18704,30973,14934,16039,41.5,6006,24967,6512
18705,15387,7819,7568,38.8,3286,12101,2816
18706,16224,8291,7933,39.3,3658,12566,3215
18707,16366,7910,8456,44.5,3642,12724,2819
18708,8863,4394,4469,48.2,1498,7365,1982
18709,2885,1434,1451,46.3,585,2300,625
18801,7782,3972,3810,48.9,1467,6315,1815
18810,5618,2971,2647,49.5,1020,4598,1371
18812,1564,776,788,56.2,210,1354,397
18814,166,77,89,27.9,37,129,35
18816,75,32,43,44.1,8,67,17
18817,154,83,71,46.1,41,113,28
18818,1253,671,582,50,160,1093,250
18820,59,26,33,41.8,6,53,0
18821,1029,512,517,46,203,826,262
18822,3122,1525,1597,47.8,650,2472,658
18823,101,60,41,66.6,7,94,55
18824,1165,546,619,55.1,203,962,373
18825,165,105,60,58.3,23,142,61
18826,1580,764,816,49.7,231,1349,434
18828,215,133,82,53.5,39,176,42
18829,698,348,350,49.4,136,562,106
18830,549,303,246,55.4,86,463,165
18831,976,505,471,51.9,185,791,289
18832,1857,904,953,41.2,474,1383,366
18833,2011,1002,1009,50.1,314,1697,498
18834,3297,1610,1687,48,663,2634,753
18837,2740,1313,1427,40.4,633,2107,517
18840,11281,5433,5848,36.6,2882,8399,1951
18842,164,81,83,40.3,54,110,18
18843,347,195,152,62.4,6,341,132
18844,1619,822,797,45.1,292,1327,413
18845,526,250,276,54.9,89,437,163
18846,700,363,337,50.6,162,538,195
18847,5257,2820,2437,41.1,1315,3942,1093
18848,8810,4563,4247,47.8,1822,6988,2123
18850,1914,984,930,47.3,398,1516,416
18851,534,268,266,53.4,101,433,147
18853,4211,2073,2138,47.1,932,3279,932
18854,1517,809,708,51.5,258,1259,318
18901,28311,14101,14210,46.7,5483,22828,6333
18902,22621,11626,10995,45.1,5309,17312,3502
18912,181,75,106,32.9,31,150,80
18913,180,94,86,48.5,54,126,10
18914,21067,10529,10538,44,4509,16558,3037
18915,1458,707,751,44.5,378,1080,228
18917,2252,1085,1167,41.5,491,1761,299
18920,464,306,158,50.5,105,359,83
18921,132,82,50,58.3,9,123,29
18923,1384,601,783,43.4,386,998,219
18925,6510,3219,3291,42.1,1761,4749,906
18927,281,42,239,40.1,0,281,40
18929,9700,4602,5098,38.4,2342,7358,1199
18930,2126,1053,1073,56.1,290,1836,606
18932,314,143,171,67.9,48,266,175
18933,126,52,74,67,0,126,82
18935,316,163,153,49.8,0,316,14
18936,265,181,84,42.1,125,140,0
18938,13380,7019,6361,57.7,1924,11456,4260
18940,29834,14888,14946,45.7,6660,23174,5621
18942,2607,1476,1131,60,212,2395,999
18944,27635,14469,13166,41.5,5423,22212,4439
18946,568,225,343,56.1,57,511,176
18947,6423,3180,3243,50.4,1119,5304,1218
18950,117,69,48,65.7,0,117,71
18951,37140,18388,18752,44,8278,28862,6953
18954,10635,5528,5107,49.9,2174,8461,2444
18955,1406,682,724,38.9,298,1108,278
18960,11850,5805,6045,48.3,2082,9768,2770
18962,369,202,167,40.5,107,262,69
18964,14129,6867,7262,40.1,3424,10705,2432
18966,36167,17832,18335,47.7,6938,29229,8900
18969,15533,7367,8166,44.4,2942,12591,3292
18970,645,388,257,45.2,92,553,104
18972,3114,1403,1711,55.7,446,2668,854
18974,42811,19829,22982,46.8,7573,35238,11000
18976,22352,10503,11849,47.1,4682,17670,4914
18977,4565,2323,2242,55.8,779,3786,1271
18980,104,61,43,61.7,0,104,15
19001,17830,8573,9257,39.3,4579,13251,2746
19002,31608,15519,16089,45.1,7127,24481,6354
19003,13953,6574,7379,37.5,2875,11078,2208
19004,9971,4727,5244,42.7,2752,7219,2363
19006,23244,11163,12081,44.5,4962,18282,5224
19007,22337,10698,11639,38.8,4605,17732,3726
19008,20492,10100,10392,43.9,4681,15811,4493
19009,1091,527,564,44.2,148,943,280
19010,21406,9372,12034,38.5,4471,16935,4146
19012,6664,3007,3657,41.6,1218,5446,1229
19013,34456,16562,17894,32.4,8136,26320,5110
19014,20925,9882,11043,39.8,4053,16872,3793
19015,16484,8392,8092,39.7,3712,12772,2548
19017,289,139,150,34,23,266,67
19018,23302,11120,12182,38.4,4922,18380,3396
19020,56746,28699,28047,40.7,10665,46081,9749
19021,9744,4785,4959,40.4,1970,7774,1174
19022,3671,1899,1772,37.8,607,3064,648
19023,22493,10058,12435,33.7,6326,16167,2328
19025,7044,3538,3506,45.5,1620,5424,1753
19026,31917,15316,16601,36.8,6697,25220,5061
19027,19863,9547,10316,40.9,4139,15724,3713
19029,3988,1989,1999,39.7,726,3262,726
19030,12490,6320,6170,44,2128,10362,2563
19031,5159,2320,2839,48.7,909,4250,1304
19032,6758,2947,3811,33.7,1838,4920,663
19033,7804,3929,3875,37.6,1880,5924,957
19034,7138,3593,3545,42.5,1652,5486,1468
19035,4149,1951,2198,45,1132,3017,912
19036,13181,6608,6573,37.6,2859,10322,1927
19038,32672,15142,17530,40.5,7253,25419,5623
19040,22137,10858,11279,40,4722,17415,4289
19041,6404,3003,3401,51.1,918,5486,1847
19043,3051,1506,1545,49.9,438,2613,446
19044,17027,8448,8579,34.3,3974,13053,1822
19046,18994,9568,9426,46.4,3745,15249,4508
19047,33874,16337,17537,44.6,6144,27730,7588
19050,28905,13911,14994,41.3,5371,23534,5107
19052,625,304,321,62,62,563,203
19053,28245,13188,15057,44.6,5225,23020,5191
19054,17440,9057,8383,38,3860,13580,2510
19055,13667,7013,6654,36.7,3424,10243,2041
19056,15765,7887,7878,40.2,3611,12154,2266
19057,18439,9147,9292,37.9,3758,14681,2487
19060,11239,5915,5324,47.4,2299,8940,2308
19061,20282,9949,10333,39,4312,15970,3366
19063,37716,17988,19728,45.2,6861,30855,8949
19064,25218,12475,12743,42.6,5844,19374,4810
19066,5594,2933,2661,40.6,1442,4152,1084
19067,53320,26943,26377,43.4,11573,41747,9702
19070,6409,3010,3399,41.6,1192,5217,1039
19072,10557,5215,5342,45.1,2605,7952,2144
19073,21297,10599,10698,46,4810,16487,5349
19074,5926,2953,2973,41,1100,4826,768
19075,7868,3844,4024,40.8,1909,5959,1283
19076,6449,3278,3171,36.9,1298,5151,932
19078,11671,5626,6045,40.1,2479,9192,1851
19079,9183,4341,4842,33,2543,6640,1078
19081,10577,5076,5501,36.9,2048,8529,1797
19082,42847,21003,21844,33.6,10466,32381,4176
19083,37143,18090,19053,39.1,9409,27734,6465
19085,10779,5041,5738,20.6,1247,9532,976
19086,12649,6097,6552,42.4,3115,9534,2189
19087,33683,16868,16815,39.6,7669,26014,5383
19090,19814,9793,10021,37.1,4270,15544,3031
19094,4589,2367,2222,37.1,1143,3446,681
19095,7437,3646,3791,40.4,1103,6334,1766
19096,15384,7249,8135,43.6,4074,11310,3461
19102,5635,2728,2907,30.7,98,5537,689
19103,25705,11760,13945,35.3,1481,24224,5462
19104,53679,24632,29047,22.9,7097,46582,4112
19106,14012,7350,6662,39.4,619,13393,3077
19107,15232,7310,7922,31.1,851,14381,1584
19108,117,87,30,40,19,98,0
19109,0,0,0,-,0,0,0
19111,67149,31213,35936,38.2,17270,49879,11350
19112,0,0,0,-,0,0,0
19113,0,0,0,-,0,0,0
19114,31551,14594,16957,41.6,6043,25508,6322
19115,35103,16467,18636,44.7,6518,28585,8751
19116,33648,16806,16842,44.7,6648,27000,6945
19118,10599,4705,5894,46.8,1627,8972,2581
19119,29079,13080,15999,42.7,5760,23319,5791
19120,71360,33269,38091,34.2,20820,50540,8437
19121,37740,17226,20514,27.2,8373,29367,3576
19122,22898,10621,12277,29,3123,19775,2042
19123,18474,9547,8927,33.3,1745,16729,1915
19124,72919,36454,36465,32.3,22074,50845,6124
19125,24601,13027,11574,34.2,3305,21296,1825
19126,17627,8286,9341,38.7,3891,13736,2853
19127,5623,3255,2368,29.5,300,5323,380
19128,38381,18623,19758,36.3,5408,32973,6330
19129,11370,5592,5778,34.9,1394,9976,1359
19130,30280,14402,15878,33.8,3231,27049,4370
19131,44116,20018,24098,33.7,8980,35136,7251
19132,32371,14746,17625,38.7,7010,25361,5255
19133,25642,11460,14182,35.3,6301,19341,3003
19134,60229,28409,31820,31.6,18428,41801,5510
19135,34214,16280,17934,33.7,9954,24260,3648
19136,36435,18500,17935,35.1,9166,27269,4832
19137,8100,3980,4120,42.2,1868,6232,1321
19138,32471,14787,17684,36.2,8282,24189,5604
19139,46041,20690,25351,32.1,11206,34835,6054
19140,53996,26412,27584,36.4,13003,40993,8285
19141,34239,14497,19742,38.3,7535,26704,6692
19142,31018,14473,16545,32.7,8861,22157,2245
19143,63186,28645,34541,33.1,14035,49151,8329
19144,47454,22422,25032,33.1,10547,36907,6496
19145,44107,20778,23329,38.4,8035,36072,6784
19146,40303,20141,20162,33.3,6939,33364,3949
19147,39100,18899,20201,35.9,6195,32905,5088
19148,50324,25147,25177,37,10588,39736,7815
19149,58741,29396,29345,33.5,16211,42530,5693
19150,22932,10625,12307,41.5,4396,18536,4862
19151,33553,16186,17367,34.3,8448,25105,4239
19152,35211,17646,17565,40.6,7673,27538,6812
19153,12223,5120,7103,38,2628,9595,2277
19154,34823,17016,17807,38.6,8604,26219,5566
19301,7960,3973,3987,45.8,1765,6195,1929
19310,3013,1521,1492,28.5,1064,1949,309
19311,11342,5574,5768,36.2,3187,8155,1416
19312,12021,5531,6490,45.4,2973,9048,1997
19316,81,55,26,61.7,0,81,21
19317,10594,4993,5601,44.1,2370,8224,1832
19319,735,329,406,21.6,214,521,47
19320,55321,26694,28627,40.1,12774,42547,8409
19330,5761,3031,2730,47.2,1386,4375,1028
19333,7886,3968,3918,41.9,1933,5953,1369
19335,51126,25028,26098,41.8,11881,39245,7370
19341,20545,10250,10295,38.3,4694,15851,3585
19342,20948,10587,10361,46.2,4459,16489,5019
19343,8316,4371,3945,44.7,1808,6508,1792
19344,12784,6313,6471,37.5,3065,9719,2717
19345,718,154,564,20.8,0,718,223
19348,23707,11688,12019,43.8,5253,18454,5313
19350,10636,5153,5483,44.6,2680,7956,1818
19352,11279,5396,5883,33,2417,8862,828
19355,28178,13812,14366,40.9,6611,21567,4384
19358,384,193,191,30.9,157,227,24
19362,5981,2928,3053,40.6,1469,4512,1040
19363,17670,9339,8331,39.5,4676,12994,2935
19365,7402,3564,3838,37.3,1845,5557,1022
19367,142,85,57,26.4,67,75,0
19369,159,98,61,44,34,125,0
19372,2021,983,1038,50.5,366,1655,423
19373,1919,1088,831,47.8,382,1537,250
19374,812,387,425,41.5,145,667,202
19375,176,95,81,63.5,0,176,83
19380,50494,24319,26175,43.1,9741,40753,11015
19382,53117,27207,25910,40,9905,43212,9896
19383,5271,1950,3321,19.6,14,5257,0
19390,12677,6199,6478,42.7,3039,9638,2805
19401,42908,21358,21550,35.4,10010,32898,5410
19403,44111,21072,23039,46.3,6884,37227,9497
19405,5110,2786,2324,32.6,1158,3952,437
19406,28826,14487,14339,36.2,5272,23554,4722
19422,20050,10006,10044,43.9,4739,15311,4547
19425,17385,8940,8445,41.2,5232,12153,1691
19426,42656,22520,20136,40.6,8703,33953,4889
19428,20321,10152,10169,33.5,2939,17382,2627
19435,120,87,33,28.4,34,86,14
19436,486,168,318,82.2,0,486,406
19437,968,492,476,44.2,161,807,105
19438,24962,12764,12198,45.9,5320,19642,4664
19440,19897,9738,10159,39.6,4310,15587,3304
19442,0,0,0,-,0,0,0
19444,11194,5331,5863,44.7,2372,8822,2581
19446,60659,29823,30836,43.5,12283,48376,13441
19453,1543,831,712,41.9,153,1390,306
19454,28036,13592,14444,46.4,5302,22734,6064
19456,270,96,174,48.8,63,207,52
19457,148,56,92,55.6,25,123,65
19460,43246,22113,21133,37.9,8423,34823,6892
19462,15868,7589,8279,41.3,3503,12365,3171
19464,47913,23627,24286,38.1,10896,37017,7281
19465,18710,9382,9328,44.2,4163,14547,3198
19468,28083,13344,14739,39.3,6069,22014,4001
19472,60,35,25,64.1,9,51,19
19473,17522,8704,8818,42.5,4472,13050,2401
19474,386,167,219,60.8,24,362,141
19475,11840,6694,5146,40.6,2751,9089,1711
19477,44,17,27,71.4,0,44,44
19490,274,152,122,49.8,90,184,42
19492,674,275,399,76.8,45,629,417
19501,1084,520,564,33.1,245,839,150
19503,1108,554,554,40.8,242,866,215
19504,5213,2558,2655,50,891,4322,1262
19505,3081,1636,1445,58.4,370,2711,1160
19506,6983,3393,3590,46.2,1350,5633,1308
19507,3671,1676,1995,35.2,928,2743,403
19508,15415,7742,7673,42.5,3364,12051,2669
19510,8009,3999,4010,43,1741,6268,1133
19511,174,101,73,44.2,46,128,41
19512,16270,8212,8058,46.8,3042,13228,3840
19516,160,89,71,50,22,138,44
19518,16467,8410,8057,41.1,3892,12575,2995
19520,6261,2812,3449,51.9,1079,5182,1857
19522,14079,7180,6899,47.3,2484,11595,3042
19523,0,0,0,-,0,0,0
19525,17090,8643,8447,39.9,4735,12355,2268
19526,11233,5492,5741,45.3,2155,9078,2398
19529,3356,1705,1651,50.4,673,2683,941
19530,14616,7403,7213,25.8,1659,12957,1957
19533,8218,4852,3366,48,1079,7139,1850
19534,2005,1026,979,49,357,1648,462
19535,62,21,41,52.5,20,42,0
19536,517,283,234,53.1,40,477,108
19538,75,38,37,52.4,0,75,11
19539,3998,2059,1939,45.7,754,3244,672
19540,11863,6082,5781,42.3,2788,9075,2123
19541,4550,2147,2403,46.2,817,3733,723
19543,5791,3174,2617,41.3,1467,4324,655
19544,152,64,88,50.6,25,127,28
19545,753,353,400,32.6,185,568,0
19547,4615,2571,2044,43.3,994,3621,1014
19549,354,197,157,33.3,94,260,60
19550,625,423,202,36.6,88,537,43
19551,4874,2477,2397,46.2,940,3934,972
19554,291,116,175,51.3,17,274,71
19555,3436,1723,1713,48.4,580,2856,718
19559,302,139,163,37.4,66,236,82
19560,9159,4383,4776,41.6,2055,7104,1740
19562,2984,1422,1562,46.2,518,2466,905
19564,146,64,82,48.2,0,146,19
19565,8146,3947,4199,45.2,1445,6701,2216
19567,5751,2790,2961,35.1,1506,4245,926
19601,36003,16846,19157,31.7,10515,25488,4179
19602,17953,9172,8781,32.9,5116,12837,1923
19604,30602,14986,15616,28.8,8971,21631,2630
19605,20564,9793,10771,40.9,4349,16215,3877
19606,35895,17393,18502,41.2,8200,27695,5985
19607,23975,12190,11785,39.4,4959,19016,4497
19608,24092,11790,12302,43.1,5359,18733,4093
19609,10225,4835,5390,38.3,2291,7934,1854
19610,16401,8093,8308,46.5,2735,13666,4759
19611,11118,5362,5756,35.4,2573,8545,1727
19701,44553,22229,22324,41,8350,36203,6135
19702,56571,27729,28842,35.7,13570,43001,6576
19703,16376,7938,8438,37.1,3315,13061,2671
19706,1984,1071,913,40.1,452,1532,394
19707,17011,8061,8950,44.6,3939,13072,3799
19709,48954,23109,25845,40.4,13207,35747,8376
19710,26,9,17,58.4,0,26,0
19711,49746,25591,24155,35.2,8440,41306,8256
19713,29952,14199,15753,38.2,5668,24284,5247
19716,0,0,0,-,0,0,0
19717,6129,2422,3707,19.3,101,6028,0
19720,60514,29001,31513,40.1,12709,47805,9196
19730,558,299,259,42.5,164,394,119
19731,328,191,137,70.1,23,305,247
19732,364,148,216,65.2,25,339,187
19733,173,103,70,51.2,0,173,21
19734,14026,6692,7334,39.5,3705,10321,1835
19735,0,0,0,-,0,0,0
19736,17,17,0,-,0,17,0
19801,16545,7506,9039,34.2,3814,12731,1460
19802,26065,13173,12892,37.1,5882,20183,3341
19803,21437,10694,10743,47.3,4502,16935,5198
19804,17986,8657,9329,39.4,3768,14218,2914
19805,39610,18867,20743,36.5,10059,29551,5344
19806,10273,4666,5607,45.1,1031,9242,2680
19807,7846,3645,4201,52.5,1352,6494,2460
19808,38107,18160,19947,42.8,7553,30554,6963
19809,15529,7802,7727,37.7,3954,11575,2082
19810,25569,12354,13215,47.4,5219,20350,6629
19901,39097,18878,20219,33.4,8768,30329,6442
19902,64,55,9,21.1,0,64,0
19904,37387,17913,19474,40.2,8273,29114,7224
19930,2878,1378,1500,67.7,90,2788,1763
19931,376,196,180,58.4,56,320,99
19933,10610,5054,5556,38.5,2921,7689,1925
19934,14566,7409,7157,38.9,3409,11157,2781
19936,222,115,107,48.4,45,177,42
19938,9240,4904,4336,39.5,2538,6702,1413
19939,7668,3722,3946,53.8,1348,6320,2417
19940,6818,3365,3453,43.3,1603,5215,1208
19941,3109,1533,1576,36.6,987,2122,331
19943,12600,5555,7045,45.6,2495,10105,2449
19944,582,314,268,72.9,14,568,389
19945,8519,3964,4555,57.6,1235,7284,2867
19946,5497,2429,3068,48.7,1232,4265,999
19947,19513,10979,8534,37.4,4893,14620,3282
19950,7524,3776,3748,46.3,1354,6170,1488
19951,2173,1171,1002,53.7,274,1899,742
19952,10602,5009,5593,35.6,2709,7893,1873
19953,4972,2811,2161,40.1,1159,3813,722
19954,1688,733,955,37.6,428,1260,315
19955,384,167,217,12.9,242,142,10
19956,15822,7274,8548,37.2,4345,11477,2696
19958,28761,13743,15018,62.1,3204,25557,11973
19960,6863,3390,3473,37.9,1676,5187,1029
19962,12277,5922,6355,38.1,2807,9470,1879
19963,21394,10287,11107,43.4,4591,16803,5056
19964,1599,953,646,40.6,411,1188,216
19966,32513,15447,17066,53.4,5407,27106,10350
19967,2050,854,1196,65.5,121,1929,1087
19968,15125,7216,7909,52.2,2816,12309,4483
19970,7639,3352,4287,63.1,1095,6544,3461
19971,15043,7135,7908,61.6,1202,13841,6324
19973,26070,12803,13267,43.6,5559,20511,5416
19975,9693,4902,4791,60.2,905,8788,3894
19977,26204,13719,12485,38.6,5700,20504,4232
19979,541,317,224,44.3,107,434,54
19980,152,90,62,56.8,15,137,43
20001,44056,22300,21756,33.1,3661,40395,3537
20002,70043,33369,36674,33.5,12171,57872,5224
20003,34585,17880,16705,34.4,4241,30344,3526
20004,1782,966,816,42.8,47,1735,263
20005,13014,6740,6274,35,830,12184,1309
20006,1257,622,635,25.3,19,1238,19
20007,23797,11425,12372,38.4,3409,20388,4161
20008,29545,13189,16356,38.7,3501,26044,5656
20009,50247,24818,25429,34,5402,44845,3893
20010,32254,16315,15939,32.4,6457,25797,2732
20011,67127,32931,34196,37.3,15870,51257,8727
20012,17637,7828,9809,39.6,4498,13139,2977
20015,15394,7402,7992,45.4,3855,11539,3954
20016,32570,15167,17403,42.2,6467,26103,7170
20017,20643,9866,10777,36.2,4488,16155,3438
20018,20475,9845,10630,39.9,4151,16324,3489
20019,64631,30287,34344,33.5,17790,46841,8112
20020,52349,22416,29933,34.3,14400,37949,6980
20024,15444,7313,8131,36.2,1728,13716,1974
20032,40266,19242,21024,33.7,10682,29584,4702
20036,4734,2325,2409,34.2,107,4627,602
20037,11833,5499,6334,31.1,140,11693,1925
20045,0,0,0,-,0,0,0
20052,1915,760,1155,19.6,13,1902,0
20057,2354,999,1355,19.8,27,2327,0
20059,785,165,620,18.8,19,766,0
20064,1101,500,601,19.7,10,1091,37
20105,33967,16735,17232,36.3,11162,22805,2182
20106,4138,2004,2134,51.2,734,3404,1142
20109,44781,22923,21858,32.7,12118,32663,3965
20110,49620,25699,23921,35.3,12731,36889,5281
20111,37461,19162,18299,35.4,9650,27811,3854
20112,28856,14923,13933,41,6928,21928,3496
20115,7943,4046,3897,43.5,1405,6538,1608
20117,2997,1204,1793,52.2,583,2414,774
20119,3803,1965,1838,43,730,3073,639
20120,43315,21649,21666,37.6,10226,33089,4890
20121,27428,13963,13465,35.2,6381,21047,2168
20124,15117,7527,7590,46.8,3431,11686,2715
20129,533,295,238,55.2,15,518,45
20130,256,133,123,49.6,53,203,39
20132,19114,9316,9798,38.1,5554,13560,2332
20135,3359,1700,1659,45.4,670,2689,783
20136,31733,16218,15515,36.8,9893,21840,2400
20137,1925,1056,869,54.1,321,1604,462
20141,8425,4316,4109,36.4,2622,5803,840
20143,534,276,258,49.5,96,438,163
20144,1337,652,685,58.4,152,1185,486
20147,66917,33113,33804,38.4,16125,50792,8915
20148,62554,31836,30718,37.2,19793,42761,3560
20151,21893,10965,10928,40.8,5251,16642,2753
20152,35538,18062,17476,37.7,10572,24966,2056
20155,37106,18823,18283,38.9,9862,27244,5773
20158,4886,2794,2092,40.6,1215,3671,861
20164,42310,21365,20945,35.5,10107,32203,4541
20165,34222,16937,17285,38,9182,25040,3941
20166,13479,7023,6456,33.9,2972,10507,705
20169,28346,14419,13927,40.3,7637,20709,3828
20170,43557,23306,20251,35.4,10918,32639,4620
20171,51081,26573,24508,36.1,12192,38889,4625
20175,33189,16455,16734,37,8731,24458,3158
20176,50640,25317,25323,37.9,13426,37214,6360
20180,7571,3789,3782,43.5,1810,5761,1074
20181,10258,5149,5109,39.8,2741,7517,1356
20184,442,232,210,46.1,62,380,51
20186,15495,7372,8123,40,3510,11985,2687
20187,18832,9465,9367,40,4720,14112,2843
20190,21121,9899,11222,40.6,3693,17428,3528
20191,29758,14608,15150,39.3,6113,23645,5070
20194,12576,6176,6400,42.3,2252,10324,1858
20197,2359,1220,1139,43.8,672,1687,313
20198,2172,980,1192,43.2,538,1634,501
20204,0,0,0,-,0,0,0
20220,0,0,0,-,0,0,0
20230,0,0,0,-,0,0,0
20240,0,0,0,-,0,0,0
20245,0,0,0,-,0,0,0
20250,0,0,0,-,0,0,0
20260,0,0,0,-,0,0,0
20317,0,0,0,-,0,0,0
20319,43,43,0,22.7,0,43,0
20373,321,243,78,21.5,73,248,0
20388,0,0,0,-,0,0,0
20390,331,292,39,21.6,0,331,0
20408,0,0,0,-,0,0,0
20415,0,0,0,-,0,0,0
20418,0,0,0,-,0,0,0
20422,54,50,4,73.4,0,54,44
20427,0,0,0,-,0,0,0
20431,0,0,0,-,0,0,0
20510,0,0,0,-,0,0,0
20515,0,0,0,-,0,0,0
20520,0,0,0,-,0,0,0
20530,0,0,0,-,0,0,0
20535,0,0,0,-,0,0,0
20540,0,0,0,-,0,0,0
20542,0,0,0,-,0,0,0
20551,0,0,0,-,0,0,0
20560,0,0,0,-,0,0,0
20565,0,0,0,-,0,0,0
20566,0,0,0,-,0,0,0
20591,0,0,0,-,0,0,0
20601,27328,13040,14288,36.8,6496,20832,3400
20602,28988,13141,15847,34.9,6922,22066,3272
20603,32495,15524,16971,38.5,8286,24209,2789
20606,247,104,143,49.5,51,196,25
20607,12080,5891,6189,42.8,2698,9382,1696
20608,603,324,279,49.5,149,454,167
20609,1240,668,572,54.1,198,1042,328
20611,1127,621,506,47,183,944,223
20612,147,69,78,91.2,0,147,147
20613,14800,7486,7314,44.2,3072,11728,2341
20615,524,296,228,48.1,33,491,74
20616,6792,3141,3651,37.4,1873,4919,672
20617,630,310,320,41.1,169,461,109
20618,1087,488,599,57.9,101,986,397
20619,13925,6762,7163,34.8,3839,10086,1451
20620,1325,711,614,46.8,128,1197,123
20621,775,416,359,60.2,19,756,200
20622,5471,2815,2656,45,1344,4127,970
20623,2457,1344,1113,49.5,306,2151,672
20624,990,497,493,43.6,206,784,161
20625,1248,614,634,46.6,163,1085,0
20626,239,141,98,55.4,41,198,82
20628,631,395,236,60.4,95,536,156
20629,1072,619,453,55.2,105,967,360
20630,307,153,154,54.8,46,261,82
20632,802,366,436,39.3,247,555,132
20634,7853,4140,3713,33.1,2013,5840,435
20636,11089,5442,5647,38.7,2608,8481,1640
20637,6221,3361,2860,44,1318,4903,1101
20639,15058,7519,7539,39.3,4144,10914,2175
20640,10629,4956,5673,37.4,2306,8323,1385
20645,763,355,408,50.4,165,598,201
20646,21248,10837,10411,43.1,4673,16575,3468
20650,15522,7792,7730,37.6,4313,11209,1723
20653,27053,13754,13299,34.7,5863,21190,3225
20656,203,100,103,59.1,74,129,83
20657,21054,10644,10410,35.4,4822,16232,2445
20658,978,483,495,43.1,158,820,251
20659,23346,11773,11573,38.1,6170,17176,3535
20660,0,0,0,-,0,0,0
20661,0,0,0,-,0,0,0
20662,2590,1155,1435,44.5,692,1898,370
20664,2780,1606,1174,37.9,846,1934,507
20667,159,48,111,64.3,14,145,47
20670,1403,730,673,20.1,674,729,13
20674,807,398,409,37.1,248,559,196
20675,2060,1003,1057,51.5,252,1808,564
20676,2897,1542,1355,50,442,2455,591
20677,2055,1048,1007,50.2,330,1725,363
20678,12874,6242,6632,38.5,2719,10155,2056
20680,588,252,336,34.5,178,410,107
20684,627,311,316,57,33,594,252
20685,6750,3279,3471,47,1329,5421,1077
20686,963,422,541,20.2,13,950,0
20687,360,169,191,38.3,34,326,75
20688,1170,489,681,71.9,0,1170,703
20689,1884,1090,794,47.6,383,1501,252
20690,843,418,425,52.5,168,675,188
20692,721,402,319,54.8,115,606,155
20693,1210,428,782,29.5,340,870,193
20695,11455,5912,5543,40.2,2544,8911,1628
20701,794,292,502,30,0,794,8
20705,28660,14223,14437,35.7,7750,20910,3611
20706,43797,21965,21832,38.5,10790,33007,6256
20707,36352,16673,19679,39,8181,28171,4920
20708,27909,13272,14637,35.3,7120,20789,2972
20710,9781,4776,5005,33.6,3113,6668,1268
20711,7435,3632,3803,40.2,1802,5633,1477
20712,9630,4639,4991,39,2106,7524,1158
20714,4767,2333,2434,34.7,1471,3296,619
20715,26244,12592,13652,42.3,5190,21054,4006
20716,22340,10234,12106,42,4635,17705,3272
20720,26253,12424,13829,40.9,6599,19654,3546
20721,30785,15026,15759,47.2,5492,25293,5790
20722,6218,3034,3184,37.4,1244,4974,807
20723,35845,17073,18772,36.7,8849,26996,4243
20724,18345,8580,9765,33.8,4153,14192,1325
20732,10676,5169,5507,43,2480,8196,1756
20733,2669,1085,1584,47.7,619,2050,494
20735,39399,19202,20197,44.7,7336,32063,7125
20736,9274,4489,4785,45.2,2136,7138,1428
20737,24438,12918,11520,31.9,7167,17271,2008
20740,36583,18829,17754,24.5,4572,32011,2997
20742,4263,2205,2058,18.9,46,4217,0
20743,38692,18039,20653,38.6,8592,30100,6129
20744,55820,27129,28691,44.2,11118,44702,11203
20745,29355,13714,15641,38.4,6413,22942,3938
20746,28078,13627,14451,41.2,4252,23826,3936
20747,39279,17545,21734,38.7,8291,30988,5452
20748,40763,19252,21511,40,8492,32271,7111
20751,2081,1193,888,49.9,343,1738,452
20754,7344,3913,3431,39.6,2023,5321,1109
20755,10011,5180,4831,27.2,3317,6694,294
20758,542,292,250,55.1,81,461,129
20759,6125,3342,2783,39.6,1895,4230,594
20762,3099,1456,1643,23.3,1359,1740,43
20763,2219,1405,814,39.1,484,1735,165
20764,3280,1711,1569,49.4,520,2760,675
20765,604,322,282,53.7,85,519,210
20769,6812,3487,3325,43.1,1483,5329,1344
20770,28458,12848,15610,35.9,6356,22102,3611
20771,0,0,0,-,0,0,0
20772,52596,24717,27879,42.2,10677,41919,7897
20774,51010,23527,27483,42.5,10066,40944,8032
20776,2966,1502,1464,51.2,618,2348,858
20777,3220,1779,1441,45.6,668,2552,628
20778,2564,1237,1327,47.1,521,2043,414
20779,992,513,479,57.1,186,806,227
20781,13299,7229,6070,34.1,3315,9984,1287
20782,34625,17262,17363,36.6,7063,27562,4765
20783,50387,27569,22818,32,14798,35589,4472
20784,32191,16168,16023,35.7,8163,24028,3621
20785,41281,18698,22583,36.5,10605,30676,5517
20794,16035,10315,5720,37.8,2408,13627,1405
20812,282,127,155,49.9,62,220,84
20814,30234,14722,15512,40.4,5860,24374,5379
20815,31080,14470,16610,46.3,6718,24362,7494
20816,17390,8342,9048,45.1,4726,12664,2991
20817,37795,18513,19282,45.4,9643,28152,7275
20818,1787,731,1056,50.5,391,1396,454
20832,25488,12577,12911,41.2,6719,18769,4038
20833,7949,3996,3953,46.6,1999,5950,1510
20837,6651,3026,3625,44.9,1479,5172,1002
20838,368,200,168,34.7,127,241,57
20839,161,85,76,37.3,25,136,55
20841,9312,5024,4288,47.5,1933,7379,1697
20842,1927,975,952,47.3,407,1520,351
20850,51072,23895,27177,40.2,10063,41009,9448
20851,14659,7519,7140,36,2890,11769,1790
20852,48379,23522,24857,38.5,8868,39511,7882
20853,31794,15647,16147,41.8,7374,24420,5851
20854,49320,24544,24776,48.1,11848,37472,11353
20855,16558,7997,8561,41.9,3474,13084,3040
20860,2279,1141,1138,50.9,452,1827,723
20861,3031,1523,1508,53.2,545,2486,886
20862,268,112,156,63.2,13,255,127
20866,16680,8565,8115,38.3,4063,12617,2091
20868,630,283,347,27.8,231,399,22
20871,27420,13378,14042,37.4,8315,19105,2225
20872,12932,6356,6576,41.7,2729,10203,2014
20874,61922,30414,31508,37.4,14446,47476,6993
20876,26572,12779,13793,35.7,6841,19731,2674
20877,38524,19333,19191,36.9,9278,29246,5763
20878,65954,31659,34295,40.3,14861,51093,9451
20879,27489,12366,15123,36.1,6297,21192,3388
20880,604,353,251,58.1,62,542,183
20882,13962,7161,6801,46.2,2865,11097,2535
20886,34692,17548,17144,37.9,8121,26571,4720
20889,158,120,38,22.1,0,158,0
20892,0,0,0,-,0,0,0
20894,0,0,0,-,0,0,0
20895,19273,9313,9960,42.1,5055,14218,3393
20896,840,422,418,53.2,149,691,237
20899,143,37,106,62.4,0,143,44
20901,37207,18548,18659,39.7,8675,28532,5442
20902,53308,26541,26767,36.4,13488,39820,7150
20903,25324,13090,12234,32.5,7550,17774,2691
20904,56532,26422,30110,40.9,12837,43695,11602
20905,17451,8544,8907,41.6,3706,13745,3233
20906,71560,34827,36733,40,15306,56254,14865
20910,45072,21617,23455,35.1,7812,37260,6167
20912,25823,12701,13122,37.3,7142,18681,2730
21001,25908,12524,13384,35.8,5933,19975,4006
21005,2703,1340,1363,30,863,1840,101
21009,32565,16387,16178,36.9,6971,25594,3764
21010,216,142,74,18,109,107,11
21012,23144,11403,11741,38.4,6066,17078,3556
21013,5382,2851,2531,45.6,1229,4153,1249
21014,37097,18054,19043,41.4,8187,28910,7128
21015,30485,14544,15941,40.1,7546,22939,4487
21017,6177,3005,3172,36.5,1180,4997,806
21023,68,35,33,62.7,20,48,27
21028,2974,1474,1500,48.6,534,2440,691
21029,13817,6988,6829,42.8,3773,10044,1618
21030,25133,12933,12200,36.9,4748,20385,4076
21031,26,0,26,-,8,18,0
21032,8040,4202,3838,51.5,1237,6803,1854
21034,2958,1543,1415,51.8,564,2394,629
21035,8360,4191,4169,44.8,1819,6541,1429
21036,2145,1154,991,47.6,414,1731,553
21037,21060,10569,10491,40.5,4540,16520,3476
21040,25110,12810,12300,36.8,6054,19056,3436
21042,42528,21496,21032,44.6,10871,31657,7993
21043,47309,23253,24056,38.5,12235,35074,6233
21044,45100,21542,23558,39.6,8444,36656,8025
21045,40980,19910,21070,38,9329,31651,7194
21046,15894,7560,8334,37.7,3393,12501,1943
21047,13419,6353,7066,45.1,2865,10554,2791
21048,9759,5120,4639,46.8,1947,7812,1772
21050,18076,9239,8837,42.7,4420,13656,3465
21051,113,55,58,39.3,19,94,10
21052,438,168,270,33.5,145,293,29
21053,3051,1574,1477,40.9,855,2196,617
21054,15687,7820,7867,40.8,4175,11512,2397
21056,318,144,174,66.5,0,318,229
21057,4530,2318,2212,45.5,1110,3420,961
21060,38418,19289,19129,37.4,6905,31513,5291
21061,55172,26601,28571,36.4,12674,42498,7871
21071,526,281,245,37.7,126,400,72
21074,15146,7319,7827,40.7,3346,11800,2385
21075,36176,17757,18419,33.9,9795,26381,3022
21076,22041,10858,11183,35.9,4273,17768,1933
21077,105,47,58,40.7,0,105,11
21078,19820,9209,10611,45.2,4004,15816,3804
21082,694,337,357,51.6,112,582,134
21084,7366,3915,3451,50.6,1452,5914,1801
21085,16590,8047,8543,43.8,2943,13647,3140
21087,5597,2751,2846,52.4,1023,4574,1502
21090,10346,5232,5114,38,2401,7945,1695
21093,38961,19173,19788,46.6,8013,30948,9513
21102,12024,6143,5881,44.5,2488,9536,2135
21104,6077,3011,3066,46.1,1304,4773,1161
21105,40,16,24,-,0,40,40
21108,18046,8580,9466,39.8,4250,13796,2769
21111,4838,2547,2291,49.5,1142,3696,1163
21113,36495,17370,19125,36.3,8246,28249,4592
21114,25126,12504,12622,36.7,7228,17898,2929
21117,58516,26291,32225,36.8,12666,45850,8194
21120,7319,3795,3524,44,1969,5350,1204
21122,61444,29822,31622,39.4,12999,48445,8771
21128,15934,8253,7681,40,3693,12241,2649
21130,21,0,21,-,0,21,0
21131,7722,4067,3655,48.4,1760,5962,1805
21132,3110,1593,1517,40.6,913,2197,382
21133,32070,14224,17846,45.1,6047,26023,6015
21136,35038,16633,18405,43.5,7220,27818,6214
21140,4255,2166,2089,43.8,1120,3135,980
21144,37041,19117,17924,36.6,8789,28252,4868
21146,29710,15143,14567,42.1,7831,21879,4946
21152,6517,2853,3664,41.9,1394,5123,1183
21153,676,259,417,57.8,127,549,284
21154,7059,3871,3188,49.4,1446,5613,1434
21155,3063,1532,1531,36.3,736,2327,520
21156,362,110,252,34.4,124,238,24
21157,39816,19549,20267,41.1,7831,31985,7328
21158,23011,11727,11284,42.1,5071,17940,4408
21160,2716,1310,1406,47.8,477,2239,379
21161,5625,2696,2929,46.4,1047,4578,1242
21162,4322,2219,2103,37.6,1046,3276,446
21163,7222,3369,3853,46.3,1585,5637,1487
21201,18305,9169,9136,32.1,2744,15561,2201
21202,20115,10506,9609,33.3,1932,18183,1875
21204,20188,9150,11038,34.8,3206,16982,4122
21205,14684,7018,7666,32.8,4069,10615,2036
21206,51020,22901,28119,36.5,11111,39909,6796
21207,51765,24360,27405,37.8,11747,40018,8458
21208,37319,17288,20031,45.4,7374,29945,9445
21209,29960,14067,15893,35.3,8564,21396,4985
21210,15005,6725,8280,31.4,2422,12583,2415
21211,15935,7694,8241,36.7,1739,14196,2661
21212,33861,15920,17941,38.8,8477,25384,5205
21213,28862,12368,16494,37.3,7089,21773,3946
21214,21510,9792,11718,41.2,4578,16932,3553
21215,53674,23571,30103,42.6,11801,41873,11343
21216,28385,12758,15627,35.9,6072,22313,4409
21217,31634,15630,16004,39.9,5910,25724,5280
21218,46548,23565,22983,34.1,8112,38436,6667
21219,9605,4763,4842,44.9,1876,7729,1994
21220,42652,20653,21999,37.4,9486,33166,5550
21221,43822,20728,23094,41.4,9300,34522,7578
21222,60013,28788,31225,36.5,15079,44934,9025
21223,20728,9626,11102,39.2,4730,15998,2984
21224,44915,22026,22889,34.2,8924,35991,5512
21225,34872,16592,18280,35.2,9892,24980,4069
21226,5902,2468,3434,36.4,1547,4355,703
21227,35052,17714,17338,37.2,7406,27646,5285
21228,50268,23972,26296,42.7,10326,39942,11234
21229,44332,20568,23764,38.2,10322,34010,7436
21230,32883,16154,16729,33.5,6044,26839,3665
21231,14780,7427,7353,32.8,2024,12756,1469
21233,0,0,0,-,0,0,0
21234,66095,30966,35129,40.5,14124,51971,12441
21236,38632,18668,19964,38.6,8456,30176,6669
21237,30983,14920,16063,40.5,5524,25459,5309
21239,28417,11496,16921,37.8,5919,22498,4969
21240,0,0,0,-,0,0,0
21244,39501,18215,21286,34.8,10703,28798,4197
21250,2959,1275,1684,19.9,6,2953,0
21251,319,227,92,19.6,0,319,0
21252,4456,1850,2606,19.9,11,4445,0
21285,10,10,0,-,0,10,0
21286,21142,9930,11212,41.5,3710,17432,4641
21287,0,0,0,-,0,0,0
21401,40442,19813,20629,44,7561,32881,10135
21402,2727,1844,883,21.4,526,2201,31
21403,32207,15151,17056,44.5,6562,25645,7144
21405,383,158,225,59,67,316,140
21409,20619,10288,10331,43.8,5010,15609,3870
21502,41291,22810,18481,43.5,7008,34283,8934
21520,2056,1033,1023,42,479,1577,391
21521,1426,683,743,53.9,203,1223,399
21523,133,63,70,57.3,14,119,37
21524,740,286,454,38.9,186,554,184
21529,575,288,287,51.9,90,485,173
21530,1783,983,800,46.9,365,1418,263
21531,2014,1132,882,49.5,304,1710,460
21532,13229,6599,6630,33.5,2232,10997,2297
21536,3945,1744,2201,44.5,819,3126,828
21538,571,342,229,46.8,87,484,79
21539,2095,1136,959,42.5,429,1666,454
21540,94,48,46,33.3,31,63,5
21541,1682,956,726,48.9,178,1504,348
21542,167,97,70,21.7,58,109,9
21543,277,134,143,50.3,0,277,119
21545,1693,811,882,51.3,184,1509,413
21550,13640,6567,7073,47.4,2548,11092,3294
21555,1515,767,748,48.4,325,1190,283
21557,1782,867,915,33.9,435,1347,255
21560,0,0,0,-,0,0,0
21561,2517,1233,1284,56,416,2101,806
21562,3248,1508,1740,40.6,792,2456,623
21601,23589,11042,12547,49.4,4565,19024,6935
21607,522,302,220,51.9,112,410,114
21610,363,159,204,52.8,62,301,80
21612,557,315,242,70,47,510,336
21613,17945,8846,9099,42.6,3913,14032,4038
21617,10401,4920,5481,41.6,2411,7990,1756
21619,5776,2780,2996,49.6,996,4780,1314
21620,13636,6633,7003,41.2,2615,11021,3406
21622,348,135,213,57.4,42,306,106
21623,2187,1206,981,37.5,401,1786,299
21624,201,93,108,59.5,0,201,55
21625,2329,1137,1192,41.8,541,1788,341
21626,68,37,31,54.6,11,57,24
21627,27,11,16,70.2,0,27,21
21628,360,185,175,48.7,108,252,42
21629,9988,4939,5049,39.5,2347,7641,1651
21631,2787,1243,1544,47.6,633,2154,534
21632,6504,2959,3545,43.1,1271,5233,1218
21634,367,142,225,62.4,53,314,124
21635,1836,945,891,49.8,296,1540,475
21636,824,463,361,53,115,709,256
21638,5064,2536,2528,47.1,1165,3899,1048
21639,4734,2437,2297,35.4,1317,3417,625
21640,1374,761,613,39.3,335,1039,370
21641,149,57,92,48.2,11,138,24
21643,5021,1877,3144,40.4,1147,3874,994
21644,40,18,22,-,0,40,18
21645,1231,669,562,47.9,190,1041,211
21647,450,262,188,47.9,126,324,58
21648,181,99,82,48.2,20,161,38
21649,2205,1323,882,34.4,593,1612,317
21650,308,142,166,41.6,95,213,41
21651,2346,1215,1131,49.2,387,1959,483
21652,143,62,81,68,10,133,91
21653,105,56,49,58.4,0,105,50
21654,1260,587,673,67.7,84,1176,667
21655,4753,2337,2416,42.7,1027,3726,773
21657,1437,656,781,50.4,250,1187,490
21658,3883,1939,1944,51.9,702,3181,873
21659,1225,633,592,51.1,193,1032,214
21660,4100,1793,2307,39.1,977,3123,595
21661,2571,1178,1393,59.7,338,2233,953
21662,657,298,359,56.8,90,567,188
21663,3646,1743,1903,56.4,531,3115,1294
21664,642,325,317,32.8,221,421,63
21665,164,65,99,55.9,37,127,27
21666,14193,7202,6991,44.4,3044,11149,2814
21667,218,148,70,59.4,16,202,49
21668,1842,836,1006,47.8,257,1585,348
21669,186,94,92,61.8,10,176,72
21671,805,449,356,56.3,122,683,211
21672,113,69,44,63.5,0,113,47
21673,2793,1401,1392,44.4,604,2189,489
21675,46,24,22,67.7,0,46,28
21676,333,213,120,70.8,5,328,208
21677,598,296,302,48.2,148,450,161
21678,1685,700,985,50,243,1442,414
21679,255,119,136,68.5,18,237,140
21701,40787,19708,21079,39.2,7678,33109,7397
21702,46596,22216,24380,38.1,11157,35439,6883
21703,39606,18931,20675,35.5,9570,30036,4175
21704,18473,9753,8720,37.4,6146,12327,1759
21705,5,1,4,41.5,1,4,0
21710,4988,2608,2380,48.3,938,4050,1168
21711,864,395,469,52.6,113,751,198
21713,9999,5399,4600,45.3,2339,7660,1957
21714,272,133,139,44,45,227,26
21715,12,6,6,-,0,12,6
21716,6630,3295,3335,36.6,1548,5082,721
21717,209,80,129,61.9,12,197,66
21718,143,66,77,54.7,22,121,44
21719,1145,540,605,37.8,257,888,191
21722,6709,3136,3573,43.5,1667,5042,1266
21723,689,341,348,52.4,84,605,67
21727,6588,3094,3494,28.4,956,5632,1242
21733,1202,615,587,39.9,216,986,189
21734,861,433,428,59.1,57,804,250
21737,2406,1210,1196,38.5,633,1773,266
21738,3786,1912,1874,44.7,1027,2759,591
21740,62760,31718,31042,39.3,13577,49183,10145
21742,34549,16849,17700,41,8190,26359,6780
21746,2613,2613,0,36.2,0,2613,56
21750,3613,1783,1830,48.2,664,2949,780
21754,7260,3845,3415,40,1790,5470,1012
21755,5706,2825,2881,43.6,1215,4491,1028
21756,3303,1580,1723,45.6,801,2502,672
21757,2722,1503,1219,46.4,518,2204,559
21758,4610,2311,2299,39,1111,3499,911
21762,176,79,97,52.1,0,176,55
21766,544,324,220,58,8,536,145
21767,873,489,384,48.4,187,686,231
21769,12562,6197,6365,42.5,3039,9523,2277
21770,7786,4069,3717,41.4,1640,6146,1450
21771,31653,16283,15370,41.6,7534,24119,4788
21773,5553,2694,2859,43,1298,4255,888
21774,15096,7746,7350,37.1,4283,10813,1412
21776,6434,3383,3051,40.7,1341,5093,1189
21777,2360,1284,1076,38.3,572,1788,213
21778,880,418,462,54.6,93,787,302
21779,1731,701,1030,27.8,458,1273,147
21780,1975,955,1020,47.3,374,1601,390
21781,41,18,23,18.4,17,24,0
21782,4389,2371,2018,42.1,874,3515,851
21783,9866,4870,4996,42.5,2188,7678,1728
21784,37219,18409,18810,40.3,8729,28490,5683
21787,10879,5419,5460,41,2559,8320,2284
21788,11412,5761,5651,47.9,1997,9415,2226
21790,0,0,0,-,0,0,0
21791,4855,2632,2223,42.6,989,3866,912
21793,10882,5267,5615,42.6,2441,8441,1845
21794,2309,1216,1093,43.6,517,1792,405
21795,9772,4958,4814,40.9,1870,7902,1806
21797,9034,4570,4464,45.1,2147,6887,1198
21798,2699,1188,1511,38.6,631,2068,335
21801,30766,14616,16150,37.2,7255,23511,5352
21804,38722,18701,20021,32.9,7911,30811,5803
21810,160,80,80,69.9,0,160,160
21811,24456,11881,12575,54.9,4114,20342,8152
21813,2927,1597,1330,47.4,447,2480,641
21814,81,20,61,64,0,81,40
21817,4138,1827,2311,42.7,850,3288,1027
21821,765,318,447,45.3,66,699,234
21822,2686,1244,1442,36.5,897,1789,462
21824,253,113,140,51.3,59,194,84
21826,5569,2594,2975,28.7,1268,4301,645
21829,394,200,194,64.8,28,366,184
21830,4837,2184,2653,40,1045,3792,642
21835,382,186,196,55.1,47,335,132
21837,3165,1473,1692,39,740,2425,540
21838,2219,1088,1131,46.9,384,1835,421
21840,541,246,295,46.9,127,414,166
21841,988,425,563,41.1,193,795,135
21842,10951,5189,5762,53.1,1454,9497,3197
21849,3366,1700,1666,41.9,687,2679,574
21850,3628,1780,1848,45.4,770,2858,731
21851,7072,3525,3547,47.5,1231,5841,1556
21853,10659,5313,5346,29.4,2143,8516,1417
21856,924,522,402,44.6,104,820,277
21861,776,357,419,35.6,178,598,104
21862,0,0,0,-,0,0,0
21863,4913,2557,2356,40.3,1123,3790,950
21864,778,308,470,41.8,286,492,138
21865,393,225,168,61.8,14,379,192
21866,104,71,33,60.6,0,104,43
21867,24,13,11,-,0,24,24
21869,943,403,540,39.1,165,778,210
21871,1747,837,910,58.4,143,1604,524
21872,573,345,228,31.7,162,411,54
21874,2222,1092,1130,36.7,688,1534,177
21875,7446,3595,3851,38.9,1722,5724,1075
21890,3071,3046,25,35.3,0,3071,102
21901,19938,10351,9587,36.3,5420,14518,2175
21902,251,143,108,60.3,0,251,103
21903,5332,2474,2858,44.6,1041,4291,977
21904,5975,3027,2948,43.4,1277,4698,930
21911,10804,5518,5286,42.4,2543,8261,1674
21912,1495,637,858,58.1,147,1348,472
21913,878,395,483,32.2,160,718,119
21914,740,379,361,49.2,123,617,241
21915,2469,1185,1284,55.3,395,2074,657
21917,1884,926,958,47.6,414,1470,406
21918,4462,2248,2214,42.7,991,3471,772
21919,3451,1488,1963,51.3,524,2927,1003
21920,1089,455,634,34.6,247,842,206
21921,45081,22534,22547,39.4,9884,35197,7243
21930,27,13,14,-,0,27,27
22003,58872,29029,29843,39.5,14198,44674,9409
22015,44959,22574,22385,39.2,10774,34185,7259
22025,19280,10350,8930,38.4,4694,14586,3102
22026,19938,9334,10604,32.2,6315,13623,1120
22027,1974,998,976,45.6,487,1487,440
22030,61665,31036,30629,33.8,12541,49124,6970
22031,35872,18147,17725,35.5,7292,28580,3921
22032,29510,14790,14720,41.7,6474,23036,5100
22033,38610,19236,19374,37.4,8083,30527,4735
22035,0,0,0,-,0,0,0
22039,17624,9181,8443,46.4,4427,13197,3476
22041,29132,15210,13922,35.7,6680,22452,4544
22042,34860,17083,17777,38.1,7392,27468,4464
22043,25843,12511,13332,37.8,6296,19547,3516
22044,14042,7009,7033,36.5,3346,10696,2232
22046,18007,9213,8794,39.8,4680,13327,2557
22060,9846,5163,4683,25.1,4036,5810,722
22066,16925,8560,8365,46.9,3888,13037,3685
22079,36857,17721,19136,38.4,9616,27241,3907
22101,30729,15211,15518,47.4,7876,22853,6150
22102,28356,13919,14437,38,5189,23167,4332
22124,18449,8945,9504,43.1,4538,13911,3010
22125,874,394,480,49.6,59,815,79
22134,7562,5041,2521,23.2,1493,6069,51
22150,27734,13655,14079,41,5511,22223,5694
22151,16827,8316,8511,42.1,3662,13165,3265
22152,30155,15098,15057,38.6,8071,22084,4398
22153,32546,16600,15946,39.6,7589,24957,4784
22172,11823,6387,5436,33.9,3096,8727,989
22180,26179,12932,13247,37.4,6669,19510,3213
22181,15698,8166,7532,42.3,3753,11945,2928
22182,26892,13731,13161,43.5,6309,20583,4381
22191,72215,35368,36847,34.5,18561,53654,6328
22192,59238,28560,30678,37,14929,44309,7273
22193,83796,41769,42027,35.6,22910,60886,7707
22201,38010,19768,18242,31.3,4931,33079,2704
22202,28084,13797,14287,35.4,2840,25244,3040
22203,25753,12873,12880,33.1,3956,21797,3184
22204,52359,26410,25949,35.5,11142,41217,5352
22205,18523,9595,8928,41.6,4974,13549,3110
22206,20553,9922,10631,36,3664,16889,1610
22207,34647,16953,17694,42.2,9320,25327,5681
22209,13173,6869,6304,33.4,1075,12098,1649
22211,1205,1036,169,21.4,16,1189,0
22213,4150,2066,2084,40.3,840,3310,455
22214,0,0,0,-,0,0,0
22301,13807,6950,6857,36.8,2861,10946,1437
22302,18081,8353,9728,38.5,3127,14954,2556
22303,16321,8370,7951,36.4,2537,13784,1982
22304,49711,23833,25878,37.5,8807,40904,5820
22305,17051,8512,8539,34.2,3997,13054,1404
22306,32842,15510,17332,35.2,9036,23806,3618
22307,10202,4808,5394,45.4,2155,8047,2358
22308,12980,6448,6532,44.3,3463,9517,2414
22309,36265,17913,18352,37.5,9343,26922,4729
22310,29788,14791,14997,38.5,6983,22805,4227
22311,19531,10034,9497,35.4,4491,15040,2002
22312,26573,13464,13109,38.2,4933,21640,3076
22314,35577,17219,18358,39.8,4499,31078,5776
22315,29358,14283,15075,40.7,6665,22693,4423
22401,28218,13171,15047,30.9,5904,22314,3157
22405,35795,17897,17898,37.5,9397,26398,4825
22406,26702,13474,13228,42.7,6025,20677,4620
22407,62301,29836,32465,38.2,15887,46414,9300
22408,31130,15854,15276,37.1,7270,23860,3715
22427,4364,2400,1964,33.8,724,3640,689
22432,158,71,87,65,9,149,78
22433,241,91,150,41.7,100,141,31
22435,2638,1190,1448,39.6,491,2147,614
22436,832,344,488,59.2,180,652,326
22437,781,319,462,46.1,24,757,264
22438,261,177,84,41.6,84,177,5
22443,10297,4995,5302,46,1946,8351,2438
22448,723,420,303,24.1,204,519,2
22454,1938,878,1060,47.9,312,1626,382
22460,1818,722,1096,47.7,400,1418,363
22469,2052,1072,980,53.1,532,1520,501
22472,958,958,0,43.1,0,958,16
22473,5490,2409,3081,57.1,907,4583,1997
22476,188,80,108,62.8,0,188,84
22480,901,436,465,70.4,58,843,531
22482,3169,1499,1670,64.2,325,2844,1508
22485,26262,13299,12963,38.7,6455,19807,3680
22488,609,256,353,58.8,26,583,230
22503,3920,1957,1963,53.3,632,3288,1212
22504,138,93,45,54.7,15,123,52
22508,15384,7536,7848,42.6,3304,12080,3551
22509,75,31,44,60.2,4,71,28
22511,967,376,591,64.9,127,840,482
22514,2402,1263,1139,47.6,545,1857,508
22520,4673,2197,2476,50.7,703,3970,1279
22529,206,84,122,21.7,15,191,0
22534,3452,1864,1588,32.7,1090,2362,441
22535,440,221,219,45.4,95,345,125
22538,125,68,57,59,0,125,13
22539,1857,961,896,63.5,198,1659,811
22542,1928,1057,871,51.9,341,1587,420
22546,17371,8189,9182,37.5,4609,12762,2519
22548,59,0,59,-,0,59,59
22551,22035,10933,11102,40.2,5112,16923,3834
22553,16746,8688,8058,37.8,3952,12794,2224
22554,62257,31069,31188,35,16462,45795,5215
22556,31200,15917,15283,35.2,9259,21941,2638
22560,6677,3235,3442,46.2,1303,5374,1482
22567,3122,1414,1708,43.2,634,2488,593
22572,6449,3466,2983,44.6,1278,5171,1619
22576,1554,751,803,53.9,297,1257,545
22578,2546,1431,1115,61.1,345,2201,970
22580,5382,2744,2638,42.3,1100,4282,1022
22601,29306,14283,15023,37,6336,22970,4864
22602,32032,16772,15260,37,8200,23832,4855
22603,16848,8295,8553,47.1,2923,13925,4245
22610,1625,781,844,45.7,349,1276,422
22611,9219,4442,4777,46.6,1803,7416,1859
22620,2607,1271,1336,48.9,513,2094,606
22623,955,460,495,31.5,253,702,108
22624,3371,1800,1571,30.6,809,2562,432
22625,3251,1524,1727,51.2,606,2645,862
22627,775,355,420,57.4,150,625,289
22630,34942,17368,17574,41.9,7383,27559,6184
22637,2279,967,1312,45.9,367,1912,427
22639,681,355,326,55.4,105,576,230
22640,446,224,222,43.1,65,381,53
22641,222,118,104,55.3,30,192,48
22642,4218,2549,1669,43.7,816,3402,523
22643,111,48,63,65.7,9,102,78
22644,2555,1182,1373,52.7,511,2044,591
22645,4430,2055,2375,45.4,970,3460,916
22646,39,19,20,-,0,39,39
22650,860,473,387,54.7,169,691,320
22652,1553,902,651,44.6,426,1127,327
22654,1283,661,622,56,292,991,354
22655,22161,11198,10963,38.2,5725,16436,2946
22656,4754,2243,2511,42,1024,3730,913
22657,11420,5720,5700,38.1,2826,8594,2018
22660,1685,818,867,45.3,329,1356,266
22663,1076,566,510,55.3,174,902,348
22664,9650,4534,5116,39.3,2308,7342,1934
22701,35749,17469,18280,38.4,9218,26531,5266
22709,1221,658,563,48.8,226,995,429
22711,65,34,31,63.2,0,65,20
22712,9636,4693,4943,36.2,2755,6881,1082
22713,1902,836,1066,43.8,475,1427,425
22714,1034,570,464,42.1,287,747,204
22715,1976,933,1043,40.4,408,1568,397
22716,1102,425,677,57.8,93,1009,322
22718,788,396,392,52,177,611,149
22719,137,77,60,62.1,9,128,57
22720,1276,648,628,40.3,364,912,127
22722,434,299,135,42.6,34,400,156
22723,48,21,27,72.7,0,48,48
22724,2424,1124,1300,40.8,605,1819,272
22725,28,13,15,63.3,0,28,9
22726,821,465,356,37.3,198,623,121
22727,5834,2869,2965,47.2,1153,4681,1463
22728,3120,1672,1448,47.8,602,2518,720
22729,1184,1105,79,45,59,1125,48
22730,215,96,119,49.1,35,180,9
22731,372,116,256,30,184,188,0
22732,251,119,132,54.9,32,219,43
22733,1506,693,813,48.4,336,1170,308
22734,3743,1939,1804,32.3,1034,2709,302
22735,2100,872,1228,42.8,521,1579,236
22736,800,402,398,25.6,321,479,78
22737,3307,1883,1424,46.7,789,2518,742
22738,1106,533,573,40.6,192,914,193
22740,861,458,403,50.7,142,719,337
22741,271,146,125,58.4,24,247,106
22742,1443,795,648,49.6,281,1162,221
22743,333,149,184,70.5,0,333,197
22746,660,463,197,21.4,123,537,25
22747,1236,688,548,53.3,279,957,386
22749,238,99,139,40,31,207,66
22801,39154,19292,19862,27.3,6736,32418,5001
22802,29066,15082,13984,37.1,6553,22513,4291
22807,5601,2370,3231,18.8,42,5559,0
22810,569,312,257,63.8,30,539,277
22811,436,176,260,53.5,74,362,155
22812,10078,4503,5575,34.7,1977,8101,2002
22815,8954,4358,4596,39.1,2169,6785,1413
22820,257,119,138,39.8,86,171,57
22821,5666,2878,2788,39.6,1300,4366,930
22824,6352,3146,3206,44.2,1350,5002,1357
22827,10801,5074,5727,44.7,2433,8368,2318
22830,2135,1050,1085,36.8,603,1532,374
22831,650,366,284,38.1,142,508,174
22832,1097,489,608,44.9,275,822,261
22834,1349,666,683,44.5,377,972,258
22835,11596,5667,5929,48.8,1818,9778,2772
22840,4882,2213,2669,48.4,1003,3879,957
22841,3130,1687,1443,43.1,717,2413,591
22842,5647,2936,2711,46.1,1212,4435,1147
22843,2636,1390,1246,38.9,607,2029,497
22844,4711,2214,2497,54.3,503,4208,1544
22845,57,9,48,-,0,57,57
22846,1853,833,1020,48.6,485,1368,377
22847,555,301,254,44.8,155,400,98
22849,5222,2689,2533,40.5,1168,4054,1101
22850,1299,653,646,49.1,215,1084,244
22851,5836,3032,2804,38.7,1498,4338,921
22853,5022,2720,2302,42.1,1050,3972,959
22901,35610,16998,18612,43.4,7160,28450,7990
22902,24256,12324,11932,38.6,4549,19707,3547
22903,41040,19585,21455,28.7,5863,35177,4856
22904,6270,3130,3140,19.3,69,6201,0
22908,0,0,0,-,0,0,0
22911,19005,9102,9903,41.3,4381,14624,4140
22920,3548,1752,1796,54,358,3190,1053
22922,2340,1175,1165,41.2,620,1720,594
22923,6410,3242,3168,35.9,1177,5233,904
22931,230,119,111,34.5,41,189,34
22932,8495,3923,4572,42,2219,6276,1581
22935,869,340,529,41.6,182,687,202
22936,6277,2999,3278,44.6,1607,4670,1295
22937,1537,604,933,52.5,232,1305,318
22938,675,310,365,56.6,83,592,236
22939,6455,3176,3279,41,1186,5269,1266
22940,1057,537,520,47.5,217,840,206
22942,10485,5398,5087,44.3,2005,8480,1910
22943,724,285,439,34.7,219,505,73
22946,167,68,99,34.6,31,136,30
22947,4829,2435,2394,51.9,1013,3816,1699
22948,41,21,20,75.1,0,41,33
22949,1141,553,588,57.9,161,980,306
22952,1590,793,797,46.4,277,1313,407
22957,0,0,0,-,0,0,0
22958,2021,1102,919,64.7,121,1900,994
22959,1822,868,954,49.3,401,1421,414
22960,10397,5309,5088,39.9,2266,8131,1723
22963,16935,8171,8764,41.8,3660,13275,3461
22964,387,174,213,59.1,15,372,134
22967,2696,1300,1396,38.9,772,1924,584
22968,10919,5160,5759,40.5,2800,8119,1955
22969,1938,1081,857,39.5,439,1499,326
22971,2474,1362,1112,34.8,566,1908,315
22972,199,75,124,63.5,0,199,96
22973,6196,2918,3278,45.5,1436,4760,1544
22974,4740,1845,2895,44.2,592,4148,871
22976,89,35,54,49.4,11,78,20
22980,32133,16058,16075,41.9,6715,25418,6257
22989,90,41,49,31.5,37,53,0
23002,10664,5268,5396,43.7,2404,8260,2200
23004,1043,564,479,51.5,150,893,253
23005,19244,9184,10060,37.6,3817,15427,3657
23009,7814,3742,4072,36.6,2068,5746,1055
23011,1473,1058,415,42.9,194,1279,189
23015,4175,2253,1922,50.5,729,3446,971
23021,0,0,0,-,0,0,0
23022,1217,414,803,40.9,223,994,375
23023,508,184,324,19.9,187,321,33
23024,9793,4949,4844,47.8,1695,8098,1770
23025,792,446,346,57.5,93,699,271
23027,1567,904,663,48.2,241,1326,435
23030,4342,2200,2142,52.3,588,3754,1143
23032,165,70,95,59.3,35,130,50
23035,1560,817,743,55.8,282,1278,361
23038,1524,766,758,56.7,182,1342,443
23039,1351,695,656,52.6,183,1168,241
23040,4216,1971,2245,48.1,689,3527,966
23043,1620,752,868,50.8,347,1273,519
23045,59,33,26,69.1,0,59,40
23047,1732,830,902,60.9,164,1568,753
23050,449,121,328,62.7,29,420,199
23055,867,400,467,54.6,94,773,346
23056,148,58,90,57.9,0,148,44
23059,41009,19831,21178,39.1,11749,29260,5231
23060,36699,18030,18669,40.6,8661,28038,5657
23061,23150,11771,11379,44.9,4652,18498,4721
23062,2239,933,1306,49.5,484,1755,349
23063,5361,2484,2877,42.9,1230,4131,1006
23065,1698,1084,614,44.7,142,1556,251
23066,639,296,343,52.6,0,639,153
23068,199,123,76,50.3,0,199,36
23069,3183,1863,1320,48.6,311,2872,824
23070,606,271,335,65.6,49,557,307
23071,1945,1101,844,49.6,460,1485,597
23072,12433,6034,6399,39.7,2540,9893,2376
23075,8447,3508,4939,36.5,1906,6541,1362
23076,569,258,311,74.5,2,567,401
23079,476,248,228,62.4,63,413,217
23081,0,0,0,-,0,0,0
23083,2450,1203,1247,46.5,422,2028,382
23084,1251,684,567,56.2,128,1123,350
23085,501,278,223,34.3,231,270,60
23086,3654,1804,1850,42.7,790,2864,587
23089,5354,2707,2647,49.8,844,4510,1125
23091,548,268,280,42.8,131,417,42
23092,819,428,391,56.5,60,759,285
23093,14143,6852,7291,43.1,3228,10915,2607
23102,3111,1837,1274,45,486,2625,654
23103,6351,2962,3389,54.3,924,5427,2039
23106,1094,600,494,40.1,196,898,165
23108,56,32,24,70.6,0,56,33
23109,2783,1354,1429,44,650,2133,696
23110,699,434,265,57.9,48,651,189
23111,37528,18289,19239,43,8094,29434,7420
23112,56428,27761,28667,37.9,14250,42178,8267
23113,26392,12459,13933,45.5,6335,20057,5613
23114,21561,10189,11372,40.5,5797,15764,3969
23116,33550,16872,16678,40.8,8213,25337,4887
23117,10895,5487,5408,46.1,2194,8701,2480
23119,137,65,72,65.1,18,119,70
23120,15851,7604,8247,36.4,5210,10641,1307
23123,1846,1006,840,38.2,433,1413,329
23124,4948,2421,2527,38.4,1033,3915,987
23126,494,204,290,57.3,87,407,63
23128,331,149,182,54.8,0,331,88
23129,390,169,221,42.3,52,338,42
23130,64,38,26,66.3,0,64,35
23138,853,387,466,48.5,208,645,266
23139,26719,13243,13476,45.9,5091,21628,5123
23140,6606,3403,3203,48.1,1305,5301,1320
23141,7672,3985,3687,44.8,1333,6339,1338
23146,3347,1732,1615,50.3,648,2699,689
23147,0,0,0,-,0,0,0
23148,1285,632,653,53.6,169,1116,315
23149,2573,1382,1191,50.3,197,2376,600
23150,12270,5993,6277,45.9,2279,9991,2235
23153,1508,776,732,43.6,489,1019,170
23156,1384,843,541,54.1,245,1139,439
23160,1517,1517,0,42.7,0,1517,106
23161,80,0,80,54.3,0,80,19
23163,28,18,10,30.5,9,19,0
23168,8861,4366,4495,41.4,1957,6904,1553
23169,995,459,536,49.3,185,810,265
23173,2201,866,1335,19.7,7,2194,0
23175,1637,773,864,59.9,180,1457,649
23176,399,191,208,61.4,43,356,141
23177,749,340,409,45.8,43,706,161
23180,656,330,326,44.6,169,487,128
23181,5293,2610,2683,39.9,1178,4115,925
23185,53373,26133,27240,40.3,9451,43922,11874
23188,44465,21213,23252,48.7,8525,35940,12634
23192,6592,3190,3402,41,1436,5156,1091
23219,4294,2291,2003,31.2,386,3908,361
23220,33667,15971,17696,27.9,3573,30094,3164
23221,14831,7165,7666,35.3,1847,12984,1946
23222,28314,12650,15664,34.3,7065,21249,4262
23223,55072,27033,28039,35.1,11933,43139,7334
23224,38546,19067,19479,36.4,8326,30220,4350
23225,42249,19836,22413,36.4,8214,34035,6609
23226,15997,7368,8629,39.9,2876,13121,3102
23227,25758,12075,13683,43.9,3974,21784,5790
23228,35592,17777,17815,37.2,6102,29490,5543
23229,35457,16894,18563,38.2,9098,26359,6154
23230,7696,3934,3762,37,731,6965,985
23231,37370,16910,20460,43,6421,30949,6513
23233,31164,15028,16136,39.6,7481,23683,4541
23234,45139,21709,23430,35.9,10079,35060,6566
23235,32673,15344,17329,44.5,6135,26538,7104
23236,25768,11590,14178,40.8,5294,20474,5364
23237,28249,14078,14171,34.2,6850,21399,3620
23238,26521,12222,14299,43.1,5747,20774,6529
23250,0,0,0,-,0,0,0
23284,1924,658,1266,19.3,0,1924,0
23294,19669,9787,9882,32.3,4466,15203,1974
23298,271,157,114,20.2,0,271,0
23301,2078,1091,987,33.5,679,1399,417
23302,0,0,0,-,0,0,0
23303,463,250,213,46.8,91,372,43
23304,0,0,0,-,0,0,0
23306,858,381,477,45.4,152,706,202
23307,594,207,387,52.3,101,493,139
23308,1866,1008,858,41.1,562,1304,353
23310,4984,2417,2567,54.6,831,4153,1531
23314,9729,5179,4550,38.4,2410,7319,1495
23315,1750,943,807,48.8,317,1433,355
23316,75,41,34,57.3,12,63,18
23320,62000,29143,32857,37.5,12872,49128,8967
23321,38586,18951,19635,37.8,10438,28148,5143
23322,66091,33218,32873,40.5,15771,50320,9347
23323,41909,21512,20397,36,11449,30460,4810
23324,22843,11114,11729,33.5,5590,17253,2958
23325,18230,8892,9338,34.4,4074,14156,3150
23336,3327,1793,1534,56.7,511,2816,1211
23337,758,287,471,29,215,543,85
23347,640,350,290,40.5,68,572,133
23350,3144,1561,1583,49.2,628,2516,824
23354,379,133,246,54.4,86,293,107
23356,1232,600,632,62.6,271,961,527
23357,816,172,644,20.4,320,496,79
23358,144,74,70,55.5,35,109,43
23359,1138,602,536,41.1,187,951,120
23389,0,0,0,-,0,0,0
23395,453,205,248,64,0,453,226
23398,21,9,12,-,0,21,21
23401,286,135,151,32.5,128,158,57
23405,1226,539,687,45.4,317,909,302
23407,788,431,357,34.8,302,486,103
23408,8,0,8,-,0,8,8
23409,183,94,89,35.7,64,119,46
23410,2393,1106,1287,38.9,606,1787,684
23413,971,419,552,38.1,279,692,259
23414,82,82,0,-,0,82,0
23415,2323,1040,1283,51.2,393,1930,498
23416,45,17,28,65.1,0,45,25
23417,3935,1795,2140,57.1,650,3285,1328
23418,786,369,417,40.7,116,670,127
23420,2908,1612,1296,33.5,640,2268,488
23421,3811,1823,1988,52.4,612,3199,766
23422,217,92,125,79,0,217,110
23423,320,163,157,39.8,61,259,112
23426,36,23,13,72.9,0,36,36
23427,256,136,120,56.8,19,237,63
23430,18371,9159,9212,48.6,3415,14956,3832
23432,1225,604,621,52.8,213,1012,286
23433,1274,677,597,57.3,212,1062,447
23434,51108,24064,27044,37.8,12546,38562,7542
23435,33614,16891,16723,37.6,7987,25627,4170
23436,1021,542,479,53.2,206,815,218
23437,4647,2514,2133,43.9,859,3788,978
23438,1685,931,754,42.7,294,1391,372
23440,345,162,183,57.3,31,314,101
23441,0,0,0,-,0,0,0
23442,1015,509,506,55.2,164,851,296
23451,43641,21459,22182,39.3,7170,36471,8872
23452,57180,27776,29404,36.9,12649,44531,9405
23453,35117,17117,18000,34.5,8571,26546,3886
23454,58022,28923,29099,38.5,12507,45515,8676
23455,50665,24819,25846,38.1,10551,40114,8648
23456,60182,30468,29714,40.3,14903,45279,8715
23457,4746,2458,2288,39.8,1377,3369,720
23459,1403,1166,237,21.9,0,1403,0
23460,1474,1196,278,20.8,0,1474,0
23461,840,609,231,20.5,0,840,0
23462,68499,31949,36550,33.9,16276,52223,8142
23464,76131,37676,38455,37.6,16872,59259,11421
23480,362,151,211,58.5,26,336,135
23486,90,46,44,58.1,0,90,7
23487,5978,2666,3312,42.6,1484,4494,1069
23488,143,54,89,64.3,0,143,32
23502,19994,10035,9959,38.5,3771,16223,2921
23503,30991,15331,15660,34.8,6698,24293,3917
23504,24202,11227,12975,28.7,6533,17669,2446
23505,28619,14736,13883,32,7377,21242,3294
23507,6588,3360,3228,34.9,918,5670,1183
23508,20647,10814,9833,23.5,3219,17428,2008
23509,12903,6288,6615,38.8,2473,10430,2042
23510,9294,4953,4341,31.7,1356,7938,1177
23511,11067,8002,3065,22,355,10712,0
23513,30168,14295,15873,35.5,6829,23339,4086
23517,4212,2269,1943,37,383,3829,652
23518,29337,15005,14332,37.4,5782,23555,4755
23523,7352,3211,4141,30.9,2356,4996,635
23551,1599,1207,392,22.3,0,1599,0
23601,26488,12507,13981,39.4,6048,20440,4074
23602,43127,20795,22332,34.8,9732,33395,6131
23603,3555,1831,1724,36.1,871,2684,357
23604,5029,3443,1586,22.2,1332,3697,13
23605,13359,6562,6797,34.7,2799,10560,1754
23606,29807,14062,15745,32.3,5976,23831,4490
23607,23892,11781,12111,32.4,5950,17942,3120
23608,42684,20592,22092,33.2,10657,32027,5174
23651,377,145,232,60.3,40,337,167
23661,13936,6788,7148,42.6,3037,10899,2626
23662,12479,6277,6202,42.4,2820,9659,2454
23663,13484,6547,6937,37.7,2974,10510,2112
23664,10672,5224,5448,40.3,2478,8194,1730
23665,6168,3029,3139,21.7,2474,3694,0
23666,53655,25976,27679,36.2,10681,42974,8492
23667,62,0,62,20.5,0,62,0
23668,760,0,760,18.9,13,747,0
23669,39847,19280,20567,35.9,9212,30635,6315
23681,0,0,0,-,0,0,0
23690,4770,2574,2196,31.4,1159,3611,634
23691,405,277,128,20.9,11,394,0
23692,18986,8938,10048,44.5,3992,14994,4297
23693,23563,11859,11704,40.8,5049,18514,3236
23696,4199,2123,2076,37.6,1033,3166,632
23701,24850,12443,12407,37.6,5236,19614,4492
23702,12107,6089,6018,30.7,2954,9153,1098
23703,27121,12963,14158,35.7,6904,20217,3720
23704,18125,8572,9553,35.9,3975,14150,2794
23707,14254,6037,8217,38.2,3380,10874,2599
23708,359,286,73,22.8,0,359,0
23709,568,489,79,21.9,0,568,0
23801,7577,4452,3125,21.8,2191,5386,5
23803,41913,20307,21606,36.1,9144,32769,6403
23805,21427,9562,11865,39.5,4031,17396,4089
23821,1931,1011,920,40,354,1577,421
23824,6714,3047,3667,39.6,1580,5134,1263
23827,1166,546,620,35.4,361,805,156
23828,658,312,346,56.8,81,577,220
23829,2555,1907,648,50.7,280,2275,342
23830,1874,1036,838,41.2,381,1493,440
23831,36606,18342,18264,42.1,7724,28882,5948
23832,40992,20082,20910,37.1,10462,30530,5488
23833,2287,1276,1011,41.8,508,1779,395
23834,27639,12938,14701,38.6,6333,21306,4658
23836,13905,7190,6715,41.8,2733,11172,1694
23837,4281,2079,2202,48.5,855,3426,1016
23838,16947,8355,8592,48.2,3232,13715,3092
23839,892,402,490,41.8,159,733,231
23840,1421,695,726,57.3,248,1173,457
23841,2817,1356,1461,43.9,476,2341,597
23842,6956,3303,3653,43.6,1351,5605,1236
23843,462,228,234,62.9,24,438,229
23844,549,217,332,37,146,403,148
23845,327,191,136,66.1,0,327,168
23846,522,231,291,68.9,22,500,299
23847,13466,6182,7284,40,3324,10142,2584
23850,1139,485,654,53.6,141,998,257
23851,12983,6280,6703,41.9,3002,9981,2546
23856,881,466,415,51,53,828,208
23857,399,210,189,47.2,84,315,99
23860,31556,16806,14750,37.5,6843,24713,4393
23866,1825,862,963,44,380,1445,411
23867,4961,3930,1031,41.9,288,4673,543
23868,6420,3726,2694,36,1193,5227,1017
23870,0,0,0,-,0,0,0
23872,2600,1065,1535,45.1,601,1999,467
23874,720,371,349,55.9,57,663,174
23875,13375,7229,6146,34.1,2629,10746,2042
23876,195,78,117,63.5,15,180,77
23878,1569,883,686,41.2,269,1300,351
23879,580,269,311,55.1,103,477,95
23881,2315,1297,1018,44.2,445,1870,323
23882,1593,722,871,49.9,392,1201,442
23883,1902,1024,878,53.1,379,1523,404
23884,15,13,2,26.3,0,15,0
23885,2573,1258,1315,48.9,403,2170,560
23887,524,132,392,60.5,35,489,191
23888,2485,1376,1109,37.9,398,2087,460
23889,574,282,292,52.5,177,397,82
23890,4823,2452,2371,37.6,1006,3817,867
23891,1311,1311,0,37.9,0,1311,108
23893,496,265,231,34.9,37,459,122
23894,413,220,193,44.9,41,372,168
23897,804,396,408,35.1,145,659,168
23898,2638,1313,1325,43.1,646,1992,578
23899,421,252,169,60.9,28,393,148
23901,15541,8086,7455,33.3,2568,12973,2676
23909,1239,343,896,19.3,0,1239,0
23915,1695,1055,640,39.3,303,1392,248
23917,2762,1445,1317,49.3,485,2277,560
23919,2337,1181,1156,61.5,281,2056,984
23920,2756,1398,1358,49.3,384,2372,747
23921,2250,1137,1113,42.2,438,1812,511
23922,4267,3190,1077,43,369,3898,652
23923,2188,1073,1115,44.1,570,1618,474
23924,5799,2534,3265,48.5,991,4808,1333
23927,4489,2078,2411,57.2,869,3620,1625
23930,5505,2530,2975,36.6,1421,4084,999
23934,625,333,292,36.6,136,489,157
23936,7254,4645,2609,44.7,1020,6234,1409
23937,2007,943,1064,47.8,427,1580,453
23938,198,93,105,34.9,49,149,66
23942,1137,664,473,47.3,216,921,336
23943,1052,936,116,20.3,6,1046,0
23944,3781,1837,1944,38.4,976,2805,893
23947,3391,1546,1845,53.3,585,2806,910
23950,3633,1810,1823,46,769,2864,655
23952,284,98,186,49.5,0,284,0
23954,2462,1378,1084,40.1,525,1937,453
23955,12,7,5,-,0,12,12
23958,2851,1317,1534,46.6,719,2132,641
23959,1478,901,577,40.7,317,1161,358
23960,1788,792,996,35.6,471,1317,239
23962,600,236,364,44.1,172,428,104
23963,292,112,180,35.9,79,213,37
23964,956,521,435,47.4,149,807,218
23966,1955,1154,801,48.4,332,1623,433
23967,1539,859,680,39.2,424,1115,247
23968,681,380,301,51.2,91,590,267
23970,7869,3973,3896,41,1673,6196,1755
23974,4859,2809,2050,43.6,884,3975,916
23976,46,31,15,73.8,0,46,46
24011,723,353,370,30.8,0,723,77
24012,29545,14430,15115,39.2,6405,23140,5460
24013,7925,3582,4343,35.5,2384,5541,817
24014,15630,7319,8311,47.7,2550,13080,3749
24015,16074,7129,8945,37.6,4144,11930,2471
24016,9605,4794,4811,32.8,2370,7235,1446
24017,23756,11544,12212,37.9,5314,18442,4246
24018,38924,18319,20605,43.8,7922,31002,8065
24019,28194,13738,14456,44.7,4919,23275,6525
24020,588,44,544,20.1,0,588,0
24022,0,0,0,-,0,0,0
24053,2092,1030,1062,52.1,319,1773,437
24054,6391,3366,3025,45.1,1199,5192,1305
24055,11647,5894,5753,50,2140,9507,3177
24058,300,86,214,37.5,32,268,85
24059,835,389,446,60.5,87,748,370
24060,48423,25779,22644,27,6428,41995,6250
24061,9269,5417,3852,19.2,123,9146,0
24064,5245,2394,2851,43,1190,4055,1001
24065,6596,3190,3406,49,1179,5417,1633
24066,5127,2579,2548,50.4,954,4173,1337
24067,2212,910,1302,39.2,645,1567,312
24069,1511,656,855,47.7,250,1261,328
24070,1545,819,726,47,289,1256,306
24072,1161,531,630,31.6,215,946,143
24073,29595,14719,14876,40.9,5817,23778,5222
24076,1310,653,657,36.8,311,999,383
24077,1346,641,705,43,342,1004,288
24078,7304,3467,3837,40.3,1779,5525,1123
24079,1911,1044,867,46.5,504,1407,315
24082,652,350,302,35.1,223,429,71
24083,4225,2214,2011,46.9,829,3396,1136
24084,11113,6124,4989,49.7,1906,9207,2568
24085,2308,1240,1068,51.8,328,1980,577
24086,154,72,82,31.7,40,114,40
24087,4041,1854,2187,35.5,997,3044,503
24088,4983,2426,2557,36.9,731,4252,818
24089,2433,1247,1186,56.7,395,2038,548
24090,4932,2454,2478,46.5,797,4135,1078
24091,7491,3530,3961,52.1,1165,6326,2069
24092,3471,1557,1914,36.1,782,2689,470
24093,114,60,54,45,18,96,23
24095,3520,1820,1700,46.6,548,2972,728
24101,6373,3094,3279,51.8,999,5374,1700
24102,1491,653,838,43,316,1175,484
24104,2641,1346,1295,59.9,244,2397,969
24105,285,107,178,55.5,45,240,47
24112,30370,14182,16188,46.5,6278,24092,7262
24120,1866,1003,863,59.1,281,1585,641
24121,11043,5439,5604,56.1,1727,9316,3554
24122,1450,718,732,55,205,1245,354
24124,4801,2317,2484,36.2,1374,3427,738
24127,4228,2148,2080,45.4,1110,3118,791
24128,1539,754,785,48.5,250,1289,422
24129,92,0,92,-,0,92,92
24131,44,32,12,74.2,0,44,44
24132,416,172,244,38.8,113,303,73
24133,2407,1153,1254,45,574,1833,577
24134,5544,2639,2905,44,1080,4464,1298
24136,3024,1563,1461,49.8,422,2602,664
24137,2773,1428,1345,57.6,258,2515,871
24138,1514,812,702,39.3,440,1074,212
24139,642,416,226,71.5,0,642,362
24141,21804,10072,11732,33.6,3517,18287,3054
24142,2292,969,1323,19.6,15,2277,0
24147,1350,757,593,49.8,221,1129,375
24148,8554,4089,4465,45.3,2060,6494,1882
24149,3641,1711,1930,43.5,898,2743,534
24150,640,332,308,54.7,107,533,132
24151,18506,9352,9154,45.2,3907,14599,3872
24153,38386,18876,19510,42.5,7045,31341,7950
24161,365,170,195,39.7,92,273,6
24162,2136,991,1145,47.9,144,1992,451
24165,1380,784,596,48.4,234,1146,336
24167,132,53,79,59.4,12,120,41
24168,58,27,31,65.8,0,58,39
24171,8195,4140,4055,52.3,1283,6912,2318
24174,2581,1319,1262,36.6,440,2141,361
24175,7881,3797,4084,49.3,1454,6427,1941
24176,1135,560,575,60,79,1056,477
24179,18721,9042,9679,42.6,4012,14709,4213
24184,4129,2199,1930,51.1,945,3184,1119
24185,678,288,390,63.5,59,619,265
24201,15910,7635,8275,44.2,3109,12801,3741
24202,12325,6189,6136,49.2,2139,10186,2899
24210,17243,8542,8701,45.5,2898,14345,3738
24211,10016,5216,4800,50.1,1638,8378,2709
24216,2472,1191,1281,45.1,592,1880,566
24217,206,83,123,59.7,0,206,69
24219,10460,5731,4729,41.9,1981,8479,1675
24220,873,419,454,43.6,121,752,248
24221,545,299,246,51,112,433,114
24224,5810,2825,2985,44.9,1061,4749,1203
24225,1818,1039,779,48.3,387,1431,290
24226,1687,951,736,39.7,460,1227,192
24228,6052,3045,3007,46.9,1043,5009,1568
24230,6935,3705,3230,41.8,1543,5392,1557
24236,3157,1606,1551,45.9,479,2678,950
24237,1001,535,466,60.9,26,975,435
24239,174,120,54,24.4,49,125,0
24243,1440,716,724,40.8,264,1176,344
24244,5765,3078,2687,41.5,1277,4488,1198
24245,836,388,448,47.5,109,727,272
24246,274,147,127,59.1,8,266,93
24248,2568,1410,1158,47.8,293,2275,375
24250,1049,555,494,50.3,123,926,287
24251,7821,3964,3857,48.5,1286,6535,1923
24256,3239,1607,1632,47.3,567,2672,691
24258,1351,758,593,55.2,237,1114,382
24260,5073,2654,2419,44.8,1154,3919,1052
24263,5516,2594,2922,46.9,1001,4515,1591
24265,1065,494,571,61.3,66,999,351
24266,8805,4110,4695,47.5,1496,7309,2428
24269,418,168,250,40.6,85,333,42
24270,369,191,178,56.1,39,330,65
24271,2484,1249,1235,52.6,445,2039,663
24272,404,173,231,65.9,69,335,253
24273,6004,2815,3189,44.3,1158,4846,1308
24277,6342,3764,2578,41,1157,5185,1133
24279,4747,2813,1934,42,795,3952,879
24280,850,368,482,31.4,302,548,135
24281,2474,1102,1372,45.5,654,1820,614
24282,734,458,276,36.5,289,445,155
24283,1909,985,924,51.3,332,1577,428
24290,2357,1200,1157,41.4,502,1855,608
24292,299,130,169,45.8,50,249,81
24293,9749,4610,5139,40.5,1744,8005,1760
24301,13631,6688,6943,42.2,2509,11122,2716
24311,1467,780,687,53.8,144,1323,393
24312,1655,787,868,51.5,230,1425,332
24313,524,292,232,35.5,153,371,13
24314,1346,740,606,57.5,121,1225,423
24315,3710,2128,1582,38.5,608,3102,776
24316,45,14,31,59.5,15,30,0
24317,3900,2118,1782,44.1,838,3062,466
24318,596,315,281,52.3,135,461,182
24319,6582,3027,3555,47.6,1221,5361,1584
24322,10,10,0,-,0,10,0
24323,1078,473,605,32.8,341,737,114
24324,2274,1105,1169,49.4,328,1946,577
24325,1116,555,561,51,157,959,262
24326,796,400,396,65.1,75,721,402
24327,594,302,292,19.9,0,594,0
24328,1659,822,837,65.1,239,1420,839
24330,2905,1579,1326,43.1,448,2457,698
24333,18448,8529,9919,46.3,3780,14668,3857
24340,6173,2841,3332,47.7,1270,4903,1822
24343,8191,4171,4020,51.2,1271,6920,2328
24347,1249,682,567,45.9,191,1058,322
24348,4923,2713,2210,47.2,857,4066,1180
24350,1428,604,824,49.7,264,1164,455
24351,264,149,115,66.1,30,234,150
24352,1482,757,725,40.2,358,1124,269
24354,13918,7031,6887,46.5,2564,11354,3270
24360,5951,2867,3084,50.6,1268,4683,1248
24361,4746,2399,2347,39.9,1041,3705,775
24363,1068,570,498,56.5,86,982,371
24366,329,196,133,53.1,26,303,110
24368,5079,2456,2623,39.5,1308,3771,750
24370,5730,2871,2859,44.2,1144,4586,1288
24374,556,286,270,58.7,64,492,213
24375,1666,851,815,46.8,361,1305,210
24377,514,246,268,26.6,106,408,68
24378,983,470,513,51.6,165,818,228
24380,2741,1493,1248,56.6,327,2414,878
24381,3176,1523,1653,44.9,723,2453,889
24382,14657,7432,7225,46.9,2450,12207,3460
24401,37375,17237,20138,45.2,6529,30846,8956
24411,3,3,0,-,0,3,0
24412,159,57,102,42.6,0,159,18
24413,313,143,170,57.4,54,259,92
24415,35,17,18,-,0,35,0
24416,9397,4458,4939,36.5,2142,7255,1657
24421,3336,1692,1644,47.8,509,2827,766
24422,5550,2852,2698,46.9,1157,4393,1390
24426,13598,6562,7036,45.2,2720,10878,2968
24430,3629,2801,828,38.5,414,3215,412
24431,2470,1039,1431,32,538,1932,340
24432,450,210,240,47.8,0,450,101
24433,79,31,48,50.9,17,62,8
24435,1615,705,910,52,217,1398,656
24437,1585,908,677,53.8,297,1288,328
24439,906,454,452,59.1,96,810,274
24440,3020,1650,1370,41.5,531,2489,575
24441,6358,3042,3316,43.5,1334,5024,1289
24442,81,39,42,58.2,18,63,14
24445,2582,1218,1364,54.2,397,2185,800
24448,395,175,220,41.8,91,304,86
24450,17214,9222,7992,37.4,2469,14745,3549
24457,389,182,207,51,34,355,116
24458,278,130,148,61.4,28,250,114
24459,436,220,216,46.2,45,391,89
24460,1195,670,525,52.7,200,995,416
24464,262,23,239,79.4,8,254,212
24465,1274,588,686,62.4,106,1168,553
24467,2862,1298,1564,44.1,454,2408,518
24469,0,0,0,-,0,0,0
24471,1490,820,670,47.4,206,1284,319
24472,2068,1013,1055,56.2,165,1903,656
24473,806,369,437,59,83,723,341
24474,455,199,256,34.8,136,319,38
24476,238,97,141,61.9,31,207,115
24477,11589,5659,5930,42.3,2727,8862,2374
24479,2119,1126,993,41,536,1583,399
24482,5603,2936,2667,38.8,1203,4400,1037
24483,865,453,412,51.3,34,831,214
24484,500,288,212,58.5,65,435,161
24485,331,180,151,55.4,38,293,103
24486,3391,1761,1630,31.8,873,2518,487
24487,389,190,199,55,51,338,94
24501,26778,12596,14182,29.6,5708,21070,3652
24502,41134,19703,21431,31.5,7935,33199,6457
24503,20017,9333,10684,42.3,4652,15365,4419
24504,9498,4843,4655,37.7,2097,7401,1709
24515,5811,2639,3172,19.8,57,5754,0
24517,4802,2337,2465,47.2,896,3906,1107
24520,2384,1145,1239,56.1,443,1941,732
24521,9955,4792,5163,46.8,1935,8020,2281
24522,9833,4723,5110,41.2,2189,7644,2028
24523,21132,10281,10851,45.7,4333,16799,4559
24526,1498,708,790,42.6,342,1156,344
24527,2948,1238,1710,36.8,663,2285,533
24528,3568,1536,2032,54,706,2862,809
24529,1334,613,721,54.6,222,1112,387
24530,774,406,368,65.9,57,717,403
24531,9182,4989,4193,46.9,1460,7722,2129
24534,1565,704,861,53.5,342,1223,376
24536,273,110,163,44.4,82,191,14
24538,4744,2302,2442,50.2,822,3922,1191
24539,349,201,148,49.8,24,325,135
24540,31405,14223,17182,44.5,6458,24947,6971
24541,28428,13588,14840,40.9,6146,22282,5674
24549,4337,2361,1976,44.8,953,3384,801
24550,8040,3974,4066,42.3,1715,6325,1215
24551,26873,13165,13708,42.1,5660,21213,4775
24553,1663,786,877,47.5,243,1420,436
24554,3699,1716,1983,50.9,679,3020,1061
24555,2306,1051,1255,49.2,439,1867,600
24556,2441,1234,1207,52.9,316,2125,698
24557,7667,3757,3910,51.7,1155,6512,2015
24558,6133,3066,3067,50.2,865,5268,1698
24562,507,196,311,63.7,8,499,233
24563,4987,2545,2442,52.3,986,4001,1338
24565,1005,385,620,50.5,244,761,321
24566,1475,599,876,48.1,208,1267,431
24569,862,398,464,54.2,125,737,211
24570,0,0,0,-,0,0,0
24571,2224,944,1280,53.3,431,1793,785
24572,15557,7604,7953,43.8,3226,12331,3330
24574,4228,2025,2203,46.8,785,3443,960
24577,4489,2321,2168,46.3,841,3648,1154
24578,673,367,306,48.1,129,544,170
24579,1111,692,419,51.4,215,896,365
24580,560,289,271,53.3,66,494,128
24581,0,0,0,-,0,0,0
24586,4519,2262,2257,44.7,922,3597,903
24588,9265,4917,4348,41.6,1646,7619,1577
24589,2417,1318,1099,46.1,445,1972,552
24590,7490,3444,4046,45.3,1541,5949,1551
24592,13846,6089,7757,43.6,3356,10490,3305
24593,2460,1107,1353,40.2,532,1928,363
24594,1945,1046,899,49,423,1522,596
24595,586,63,523,20.7,0,586,20
24597,876,478,398,48.8,181,695,165
24598,1232,600,632,42.5,198,1034,192
24599,650,378,272,48.6,111,539,150
24601,0,0,0,-,0,0,0
24602,935,372,563,59.3,170,765,221
24603,505,230,275,58.4,69,436,135
24604,247,186,61,53.8,22,225,57
24605,8533,4324,4209,45,1705,6828,2093
24606,186,39,147,61.3,39,147,77
24607,279,131,148,59.4,7,272,95
24609,6613,3319,3294,44.7,1268,5345,1460
24612,224,79,145,48.2,47,177,63
24613,564,237,327,54.1,84,480,95
24614,7501,3745,3756,48,1171,6330,1709
24620,2492,1379,1113,42.7,452,2040,520
24622,513,261,252,60.2,33,480,212
24630,6142,3081,3061,41.1,1164,4978,1097
24631,1917,1276,641,42.3,211,1706,388
24634,273,138,135,48,48,225,69
24635,765,614,151,42.6,32,733,50
24637,3616,1973,1643,44.6,700,2916,907
24639,3788,1621,2167,43.2,1012,2776,743
24641,5456,2612,2844,45.4,957,4499,1384
24646,846,370,476,64.1,71,775,402
24649,1706,965,741,53.5,197,1509,284
24651,5872,2944,2928,45.2,1288,4584,1470
24656,2657,1395,1262,51.4,522,2135,586
24657,297,200,97,37.1,128,169,28
24701,18086,8266,9820,46.9,3407,14679,4484
24712,2721,1331,1390,22.5,630,2091,383
24714,275,124,151,58.5,0,275,71
24715,263,137,126,54,37,226,77
24716,96,80,16,66.5,0,96,71
24719,140,64,76,37.2,48,92,19
24724,92,66,26,50.5,10,82,29
24726,546,333,213,50.8,77,469,113
24729,45,24,21,60.2,15,30,9
24731,21,0,21,-,0,21,21
24733,251,131,120,56.1,0,251,53
24736,670,344,326,51.1,100,570,108
24737,1312,612,700,41.2,440,872,210
24738,0,0,0,-,0,0,0
24739,13080,6277,6803,44.8,2666,10414,2583
24740,16510,8179,8331,40.4,3633,12877,3942
24747,3240,1670,1570,45.2,748,2492,567
24801,5333,3225,2108,41.5,922,4411,693
24808,612,279,333,48.5,144,468,161
24811,477,199,278,49.6,84,393,0
24813,0,0,0,-,0,0,0
24815,333,236,97,62,24,309,150
24816,16,0,16,-,0,16,16
24817,1283,571,712,32.6,510,773,277
24818,926,549,377,45.8,117,809,353
24822,1103,611,492,37.1,194,909,122
24823,618,271,347,35.4,232,386,74
24826,50,6,44,-,0,50,0
24827,1178,621,557,58.5,241,937,575
24828,783,420,363,35.7,294,489,158
24830,49,23,26,59.4,0,49,6
24831,579,218,361,37,185,394,147
24834,1099,553,546,28.9,200,899,157
24836,882,369,513,44.9,177,705,157
24839,562,269,293,44.8,123,439,101
24843,13,0,13,-,0,13,13
24844,1193,581,612,36.9,254,939,279
24845,626,305,321,32.6,208,418,54
24846,342,180,162,31.6,71,271,18
24847,111,68,43,56.9,0,111,0
24848,102,16,86,53.7,0,102,18
24849,293,146,147,60.8,16,277,112
24850,0,0,0,-,0,0,0
24851,319,146,173,55.8,34,285,87
24853,498,68,430,69.9,14,484,354
24854,980,431,549,39.4,348,632,90
24855,60,4,56,69.8,0,60,56
24857,710,350,360,42.3,65,645,98
24860,211,97,114,63.3,0,211,81
24861,190,83,107,42.8,8,182,57
24862,464,174,290,35.6,103,361,62
24866,534,359,175,47.5,171,363,177
24867,80,4,76,76,0,80,52
24868,1345,648,697,56.2,149,1196,483
24869,299,86,213,50.5,80,219,79
24870,1398,778,620,55.6,45,1353,514
24871,518,272,246,44.2,101,417,130
24872,597,231,366,51.8,20,577,199
24873,401,141,260,41.3,101,300,138
24874,2530,1087,1443,42.5,510,2020,585
24878,95,27,68,67,0,95,64
24879,644,277,367,47.7,112,532,188
24880,583,289,294,29.7,179,404,108
24881,154,78,76,21.5,59,95,27
24882,1133,499,634,50.6,237,896,54
24884,128,89,39,50.7,0,128,54
24887,0,0,0,-,0,0,0
24888,27,10,17,65.5,8,19,19
24892,1447,686,761,33.6,484,963,249
24894,254,168,86,54.3,73,181,87
24895,17,8,9,78.4,0,17,17
24898,164,76,88,-,0,164,164
24901,8982,4128,4854,42.7,1807,7175,2374
24910,4570,1707,2863,50.4,597,3973,1112
24915,578,313,265,34.9,64,514,149
24916,586,264,322,61.5,126,460,159
24918,1421,774,647,31.2,455,966,276
24920,377,222,155,39.9,105,272,109
24924,556,355,201,61.4,24,532,187
24925,528,258,270,47.6,76,452,58
24927,454,194,260,42.5,172,282,57
24931,1124,572,552,45.5,240,884,223
24934,337,165,172,61.9,13,324,154
24935,452,261,191,37.1,180,272,142
24938,1653,934,719,36.6,444,1209,286
24941,1170,711,459,36.8,392,778,206
24943,77,51,26,59.7,0,77,31
24944,366,146,220,53.7,98,268,61
24945,260,175,85,68.3,0,260,156
24946,1021,649,372,48.3,102,919,354
24951,1470,822,648,58.2,110,1360,540
24954,3149,1491,1658,49.6,556,2593,826
24957,536,261,275,49.4,86,450,65
24962,55,30,25,-,0,55,0
24963,3675,1679,1996,41.4,756,2919,720
24966,1031,508,523,50.7,126,905,286
24970,3900,1962,1938,48.1,620,3280,782
24974,335,174,161,36.7,74,261,16
24976,834,391,443,47.3,138,696,266
24977,450,160,290,49,0,450,116
24981,572,256,316,64,49,523,145
24983,1901,865,1036,56.9,340,1561,681
24984,129,45,84,46.6,0,129,36
24985,314,195,119,45.4,41,273,8
24986,4987,2598,2389,43.9,980,4007,1400
24991,441,182,259,61.1,0,441,147
24993,63,36,27,8.8,36,27,0
25002,0,0,0,-,0,0,0
25003,1416,615,801,51.5,72,1344,374
25005,332,219,113,37.5,123,209,88
25007,555,255,300,51,179,376,117
25008,226,130,96,40.4,52,174,22
25009,1002,452,550,42.2,266,736,192
25011,515,319,196,31.8,56,459,109
25015,3472,1803,1669,47.6,565,2907,979
25019,484,265,219,41.4,121,363,112
25021,290,135,155,69.2,20,270,162
25022,170,79,91,43.9,64,106,63
25024,452,259,193,39.6,115,337,52
25025,137,106,31,15.9,72,65,20
25028,288,107,181,68.4,32,256,163
25030,338,141,197,30,139,199,44
25031,622,404,218,49,154,468,125
25033,1764,892,872,49.4,281,1483,427
25035,629,252,377,30.6,157,472,60
25036,177,96,81,61.8,0,177,45
25039,740,364,376,46,126,614,221
25040,746,343,403,20.7,324,422,0
25043,1249,656,593,32.6,343,906,174
25044,294,165,129,50.2,41,253,104
25045,4434,2288,2146,40.5,1160,3274,1046
25047,132,76,56,44.1,14,118,36
25048,187,88,99,49.2,30,157,70
25049,535,225,310,36.4,159,376,37
25051,208,143,65,41,46,162,57
25053,3834,1812,2022,49.9,790,3044,829
25054,283,117,166,32.7,85,198,30
25057,233,119,114,44.7,58,175,48
25059,537,230,307,49.2,129,408,202
25060,229,99,130,29,74,155,0
25061,542,262,280,49.8,29,513,76
25062,107,38,69,64,0,107,53
25063,1521,544,977,51.1,177,1344,422
25064,9316,4269,5047,44,1400,7916,2347
25067,810,354,456,43.7,119,691,175
25070,1818,851,967,43.5,329,1489,441
25071,11491,5599,5892,49.2,2476,9015,2661
25075,763,441,322,33.8,294,469,219
25076,88,11,77,54,0,88,25
25081,1158,581,577,56,190,968,300
25082,1565,872,693,46.4,314,1251,476
25083,431,229,202,46.9,132,299,82
25085,602,282,320,48.4,95,507,110
25086,840,425,415,57.2,106,734,311
25088,165,52,113,54.4,0,165,10
25090,190,75,115,39.3,41,149,21
25093,238,151,87,61.3,18,220,78
25102,492,315,177,36.7,105,387,76
25103,258,110,148,59.8,38,220,113
25106,429,225,204,56.7,18,411,88
25107,369,215,154,62,59,310,134
25108,591,275,316,44.4,107,484,134
25109,807,445,362,56.7,77,730,202
25110,433,183,250,65,71,362,219
25111,320,183,137,52.8,20,300,65
25112,123,96,27,19.8,0,123,0
25113,404,225,179,59.9,21,383,176
25114,274,113,161,51.9,60,214,39
25115,68,43,25,76.2,0,68,35
25118,555,325,230,36.3,162,393,97
25119,400,201,199,30.5,162,238,58
25121,1055,472,583,49.5,249,806,410
25123,2988,1572,1416,38.2,730,2258,553
25124,1312,693,619,62.8,155,1157,615
25125,1181,518,663,41.4,296,885,306
25126,345,247,98,59.9,0,345,100
25130,3242,1761,1481,44.6,574,2668,759
25132,342,180,162,40.6,96,246,61
25133,807,505,302,44.3,221,586,182
25134,522,130,392,20.9,139,383,97
25136,1787,711,1076,38.4,340,1447,322
25139,492,349,143,43.5,29,463,113
25140,1246,528,718,34.5,216,1030,287
25141,216,91,125,62.3,31,185,88
25142,399,197,202,54.6,19,380,91
25143,8870,4134,4736,44,2098,6772,1848
25148,518,247,271,56.4,39,479,174
25149,136,71,65,28.6,53,83,11
25152,498,172,326,60.9,56,442,182
25154,1023,615,408,40.9,238,785,250
25156,14,0,14,-,0,14,14
25159,4683,2237,2446,40.3,1159,3524,747
25160,511,236,275,40.1,95,416,146
25161,383,121,262,51.2,52,331,143
25162,423,225,198,44.6,97,326,104
25164,929,446,483,60.7,197,732,273
25165,865,407,458,49.5,99,766,218
25168,2831,1577,1254,44.6,674,2157,514
25169,463,255,208,37,135,328,41
25173,165,89,76,69.7,0,165,115
25174,330,166,164,56.3,12,318,112
25177,23208,11237,11971,41.1,5298,17910,4502
25180,261,97,164,47.3,30,231,107
25181,1349,698,651,44,343,1006,181
25183,123,60,63,69.2,0,123,65
25185,883,883,0,46.5,0,883,90
25186,882,355,527,54.4,118,764,397
25187,685,360,325,44.3,152,533,211
25193,336,183,153,42,65,271,81
25201,89,43,46,28.1,0,89,7
25202,1295,571,724,41.9,307,988,162
25203,220,142,78,28,28,192,18
25204,93,66,27,57.3,12,81,43
25205,190,109,81,28.5,0,190,30
25206,181,91,90,52.9,42,139,75
25208,780,332,448,26.7,360,420,105
25209,395,224,171,41.7,55,340,70
25211,141,58,83,47.9,12,129,23
25213,6367,3272,3095,38.5,1547,4820,1019
25214,981,487,494,46.4,330,651,67
25231,0,0,0,-,0,0,0
25234,549,232,317,55.8,102,447,175
25235,1430,683,747,42.1,450,980,183
25239,1832,851,981,32.8,781,1051,292
25241,1908,864,1044,36.8,425,1483,281
25243,578,308,270,54.4,94,484,172
25244,557,312,245,48.5,75,482,115
25245,575,242,333,49,37,538,166
25247,551,287,264,48.1,122,429,112
25248,3723,1989,1734,47.6,755,2968,632
25251,619,385,234,27.7,159,460,68
25252,1085,545,540,54.5,262,823,464
25253,2451,1248,1203,34.3,596,1855,341
25259,726,436,290,46.8,216,510,174
25260,1580,886,694,49.7,246,1334,470
25261,128,44,84,54.4,5,123,35
25262,1243,555,688,46.6,154,1089,187
25264,545,294,251,61.9,77,468,179
25265,1676,749,927,47.8,236,1440,430
25266,833,386,447,44.6,104,729,193
25267,702,350,352,57.3,120,582,191
25268,490,192,298,60.6,35,455,212
25270,959,428,531,48.3,214,745,208
25271,7969,4336,3633,44.1,1670,6299,1831
25275,1865,827,1038,40.7,423,1442,457
25276,7623,3603,4020,47.3,1591,6032,1699
25285,891,462,429,38.4,196,695,110
25286,1336,674,662,50.1,276,1060,273
25287,1049,273,776,43.2,55,994,136
25301,2456,1387,1069,50.3,217,2239,585
25302,13221,6416,6805,46.6,1992,11229,2817
25303,7087,3443,3644,36.6,1464,5623,1131
25304,8785,4145,4640,42.9,1803,6982,1867
25305,0,0,0,-,0,0,0
25306,6183,2834,3349,45.3,906,5277,1206
25309,12741,6156,6585,43.8,2412,10329,2830
25311,9792,5198,4594,42.4,1579,8213,1827
25312,10293,5135,5158,42.7,2563,7730,1550
25313,11758,6012,5746,44.1,2049,9709,2416
25314,15212,7077,8135,44.2,3207,12005,3852
25315,3437,1674,1763,41.8,634,2803,801
25320,4404,2011,2393,42.2,1238,3166,1188
25387,5172,2421,2751,36.6,1086,4086,777
25401,15074,7533,7541,36.9,3685,11389,2377
25403,14739,7164,7575,38.5,3396,11343,2275
25404,22950,11514,11436,36,5047,17903,3291
25405,15322,8072,7250,41.4,3202,12120,2234
25411,11887,5806,6081,49.2,2082,9805,3161
25413,8399,3868,4531,38.3,2086,6313,1108
25414,20132,10028,10104,42.2,4089,16043,3327
25419,12235,6193,6042,42.8,2592,9643,2099
25420,4801,2430,2371,47,1043,3758,849
25421,20,10,10,-,0,20,20
25422,1623,986,637,49.7,263,1360,380
25425,13436,7026,6410,42.6,2798,10638,2250
25427,15946,7730,8216,44.3,3544,12402,3051
25428,14518,7529,6989,34.5,3667,10851,1351
25430,7823,3987,3836,42.1,1848,5975,1314
25431,430,195,235,33.1,198,232,96
25432,124,53,71,31.8,37,87,46
25434,3275,1759,1516,39.8,518,2757,408
25437,157,67,90,71,17,140,96
25438,7227,3352,3875,35,1783,5444,1020
25442,2640,1462,1178,39.6,794,1846,478
25443,7516,3559,3957,38,1440,6076,1322
25444,324,87,237,51,40,284,77
25446,1094,628,466,46.8,288,806,134
25501,1342,684,658,54.1,279,1063,384
25502,848,530,318,38.9,238,610,118
25503,854,379,475,28.9,322,532,30
25504,13219,6842,6377,38.8,2623,10596,2330
25505,293,161,132,54.3,19,274,127
25506,4482,1954,2528,43.9,1153,3329,1096
25507,964,390,574,55.8,136,828,290
25508,8913,4694,4219,44.9,2026,6887,1815
25510,5418,3040,2378,39.5,1317,4101,1081
25511,694,323,371,54.8,51,643,198
25512,1208,528,680,46.4,277,931,421
25514,4101,2074,2027,45.9,828,3273,968
25515,1972,1078,894,43.3,494,1478,364
25517,1373,666,707,45.9,269,1104,328
25520,1460,668,792,60.7,247,1213,672
25521,1088,609,479,42.6,192,896,119
25523,2858,1597,1261,42.2,704,2154,570
25524,2344,1168,1176,44.4,507,1837,410
25526,22903,10850,12053,39.5,5017,17886,4035
25529,1155,523,632,29.7,277,878,210
25530,6417,2953,3464,42.6,1292,5125,1094
25534,98,71,27,63.8,10,88,46
25535,2687,1560,1127,36.8,808,1879,203
25537,1493,595,898,51.4,194,1299,233
25540,368,232,136,42.3,42,326,43
25541,10565,4936,5629,49.3,1883,8682,2283
25544,108,67,41,27.5,37,71,7
25545,4561,2322,2239,38,1265,3296,769
25547,465,247,218,44.3,93,372,75
25550,8647,4306,4341,46.5,2026,6621,2167
25555,2313,1081,1232,34.6,630,1683,292
25557,1523,777,746,50.6,145,1378,310
25559,1689,894,795,53.7,341,1348,555
25560,7949,4082,3867,47.1,1485,6464,1637
25564,1643,925,718,36.3,446,1197,282
25565,837,363,474,50.2,106,731,177
25567,816,333,483,36.5,251,565,199
25570,5485,2587,2898,50.1,1151,4334,1369
25571,2265,1031,1234,35.3,581,1684,268
25573,572,297,275,40.2,156,416,118
25601,5582,2768,2814,41.8,1150,4432,1218
25606,712,379,333,35.6,168,544,106
25607,688,331,357,51.6,79,609,235
25608,637,365,272,54.9,42,595,193
25611,803,249,554,58.1,169,634,256
25612,378,160,218,55.1,9,369,99
25617,294,138,156,33.2,93,201,30
25621,1950,1091,859,51.3,341,1609,531
25624,368,236,132,44.8,75,293,111
25625,1296,801,495,43.1,136,1160,100
25628,364,210,154,45.9,44,320,121
25630,446,173,273,35.6,101,345,84
25632,857,357,500,30.1,201,656,67
25634,1286,532,754,41.2,351,935,260
25635,1531,757,774,35.8,373,1158,182
25637,1196,621,575,51.4,97,1099,460
25638,519,284,235,39.4,195,324,12
25639,473,194,279,40.7,100,373,173
25644,594,243,351,41.6,140,454,113
25646,1235,670,565,42.3,413,822,221
25647,211,117,94,58.1,34,177,77
25649,1295,563,732,38.1,260,1035,98
25650,99,53,46,41.7,0,99,30
25651,653,368,285,41.9,209,444,120
25652,1257,658,599,52.7,225,1032,269
25653,181,114,67,52.2,58,123,46
25654,263,135,128,50.9,0,263,99
25661,4776,2208,2568,43.6,1063,3713,1123
25666,198,133,65,41.7,28,170,79
25667,641,298,343,31.5,263,378,89
25669,925,594,331,48.3,145,780,90
25670,3325,1592,1733,47.7,556,2769,795
25671,1940,849,1091,30.5,709,1231,405
25672,376,207,169,59.9,69,307,134
25674,1996,768,1228,49.5,435,1561,408
25676,972,479,493,41.2,130,842,94
25678,1339,590,749,50.1,262,1077,284
25685,729,433,296,38.5,296,433,59
25688,235,107,128,43.8,69,166,40
25690,995,707,288,35.8,319,676,105
25692,1379,657,722,45.3,206,1173,253
25696,1382,654,728,41.5,331,1051,234
25699,41,8,33,31.8,8,33,0
25701,21862,10850,11012,40.7,3812,18050,5214
25702,7110,3603,3507,41.4,1306,5804,1487
25703,5065,2183,2882,22.8,434,4631,156
25704,14756,7080,7676,45.7,2905,11851,3424
25705,20621,10044,10577,37.9,4704,15917,3608
25755,1440,549,891,19.5,0,1440,0
25801,31056,15433,15623,42.7,6685,24371,6972
25810,0,0,0,-,0,0,0
25811,0,0,0,-,0,0,0
25812,1444,799,645,44.1,258,1186,343
25813,7712,4918,2794,40.3,1099,6613,1555
25817,301,174,127,68.2,27,274,189
25818,318,68,250,29.3,0,318,12
25820,527,281,246,40.7,131,396,79
25823,445,215,230,55,81,364,148
25825,2538,1421,1117,43.5,729,1809,337
25826,301,106,195,60.6,39,262,103
25827,1851,734,1117,35.8,530,1321,351
25831,1283,717,566,43.7,298,985,269
25832,4322,2124,2198,45.1,912,3410,1030
25836,1262,538,724,38.9,278,984,263
25837,340,181,159,50.8,16,324,100
25839,511,137,374,53.2,146,365,185
25840,7590,3920,3670,41.4,1864,5726,1649
25841,716,402,314,27.3,295,421,71
25843,844,446,398,48.2,112,732,129
25844,756,418,338,28.6,219,537,36
25845,503,270,233,41,174,329,24
25846,73,30,43,70,0,73,37
25848,257,118,139,46.6,37,220,71
25849,194,100,94,-,0,194,0
25851,0,0,0,-,0,0,0
25853,75,50,25,59.4,0,75,22
25854,959,425,534,29.2,362,597,158
25855,361,163,198,48.8,11,350,112
25857,27,14,13,-,0,27,27
25862,225,92,133,74.1,0,225,180
25864,126,91,35,45.6,43,83,9
25865,1372,700,672,62.5,232,1140,472
25866,356,112,244,33.5,163,193,31
25868,422,195,227,49.5,54,368,52
25870,63,15,48,44.9,0,63,15
25871,999,428,571,37.3,256,743,248
25873,602,335,267,67.3,12,590,361
25875,966,607,359,37.1,440,526,69
25876,69,45,24,51.9,17,52,0
25878,945,307,638,48.2,229,716,193
25879,242,145,97,52,14,228,24
25880,5538,2837,2701,38,1268,4270,1059
25882,2370,1155,1215,38.3,438,1932,452
25901,10272,4844,5428,42.8,2010,8262,2247
25902,211,132,79,65.8,0,211,139
25904,486,236,250,43.6,93,393,91
25907,208,157,51,16.7,127,81,8
25908,0,0,0,-,0,0,0
25909,871,382,489,36.7,238,633,166
25911,216,124,92,50,0,216,60
25913,188,128,60,62.2,0,188,7
25915,214,67,147,62.6,0,214,102
25916,211,175,36,65.6,89,122,122
25917,1336,657,679,51.1,188,1148,319
25918,4864,2281,2583,38.3,1115,3749,769
25920,502,243,259,33.9,114,388,59
25921,3205,1559,1646,44.3,636,2569,537
25922,131,77,54,23.1,0,131,31
25928,330,191,139,63,18,312,164
25932,384,176,208,13.4,225,159,0
25936,4,4,0,-,0,4,0
25938,1515,847,668,46.1,335,1180,177
25942,72,27,45,28.4,30,42,16
25943,0,0,0,-,0,0,0
25951,5223,2508,2715,48.4,895,4328,1402
25958,836,415,421,23.8,377,459,93
25962,3682,1811,1871,40.6,709,2973,691
25966,51,27,24,64,0,51,16
25969,1517,878,639,48.1,291,1226,453
25971,1586,755,831,57.1,211,1375,491
25972,120,42,78,66.8,0,120,88
25976,2339,1049,1290,56.1,371,1968,655
25977,0,0,0,-,0,0,0
25978,517,239,278,57.4,120,397,130
25979,669,354,315,46.7,71,598,225
25981,729,501,228,41.2,196,533,149
25984,1868,868,1000,34.7,436,1432,266
25985,486,242,244,52.6,75,411,108
25986,321,126,195,59.3,43,278,60
25989,342,154,188,41.5,44,298,66
26003,40714,19751,20963,44.9,7668,33046,10027
26030,627,274,353,44.1,150,477,93
26031,1662,906,756,51.8,237,1425,291
26032,1193,657,536,20.6,72,1121,136
26033,1582,810,772,57,195,1387,507
26034,4316,2007,2309,53,647,3669,1324
26035,1685,748,937,40.9,570,1115,386
26036,586,310,276,32.9,172,414,43
26037,5917,2914,3003,49.9,946,4971,1283
26038,3328,1802,1526,45.1,795,2533,813
26039,363,176,187,63.3,35,328,146
26040,1889,1140,749,34.3,507,1382,267
26041,15659,7747,7912,43.9,2994,12665,3197
26047,5706,3070,2636,47.1,1076,4630,1303
26050,1254,614,640,51.1,278,976,277
26055,1096,577,519,56.3,128,968,331
26056,333,153,180,52.1,58,275,21
26058,175,68,107,46.9,24,151,38
26059,2580,1229,1351,49.3,470,2110,482
26060,1991,1154,837,41.4,584,1407,274
26062,21142,10498,10644,45.5,3821,17321,5104
26070,8218,3868,4350,48.2,1556,6662,2229
26074,1602,626,976,20.7,105,1497,136
26075,652,386,266,51.5,127,525,210
26101,28751,14067,14684,40.7,6186,22565,5246
26104,16011,7862,8149,46.8,3120,12891,3740
26105,12332,5519,6813,43.2,2665,9667,2818
26133,1263,729,534,47,198,1065,282
26134,668,340,328,49,88,580,214
26136,338,197,141,51.7,48,290,85
26137,924,496,428,42.5,190,734,153
26138,109,33,76,62.2,7,102,18
26141,468,214,254,59.1,41,427,89
26142,2335,1184,1151,44,416,1919,294
26143,3782,1894,1888,47.2,751,3031,837
26146,752,406,346,59,55,697,291
26147,1696,826,870,55.6,246,1450,652
26148,242,120,122,55.7,28,214,52
26149,2138,1139,999,47,509,1629,596
26150,5945,2966,2979,43.7,1416,4529,1082
26151,475,265,210,50.1,103,372,114
26152,12,12,0,-,0,12,0
26155,7833,3758,4075,44.4,1662,6171,1631
26159,2723,1465,1258,41.1,555,2168,594
26160,943,444,499,46.5,181,762,173
26161,526,247,279,56,131,395,83
26162,0,0,0,-,0,0,0
26164,7481,3502,3979,40.7,1571,5910,1339
26167,572,301,271,58,55,517,239
26169,837,390,447,40.1,188,649,201
26170,6610,3765,2845,41.9,1381,5229,1084
26175,3216,1644,1572,50.3,642,2574,700
26178,198,67,131,59.4,0,198,86
26180,1993,1143,850,48.8,376,1617,403
26181,6658,3346,3312,49,1396,5262,1871
26184,2471,1311,1160,37.9,653,1818,344
26187,5894,2792,3102,47.3,1057,4837,1461
26201,19662,9811,9851,41.9,3801,15861,4222
26202,389,202,187,65,22,367,195
26203,541,244,297,50.1,159,382,100
26205,2970,1738,1232,45.2,411,2559,642
26206,2845,1494,1351,49.3,599,2246,775
26208,797,480,317,50.7,150,647,231
26209,122,99,23,47.1,11,111,6
26210,0,0,0,-,0,0,0
26215,117,59,58,53.7,0,117,20
26217,331,127,204,19.5,145,186,0
26218,2815,1409,1406,40.1,764,2051,421
26222,157,73,84,48.4,16,141,49
26224,171,121,50,57.8,54,117,81
26228,0,0,0,-,0,0,0
26230,86,9,77,74.3,8,78,46
26234,982,469,513,65.2,138,844,500
26236,13,7,6,-,0,13,13
26237,438,237,201,50.8,107,331,73
26238,1054,483,571,56.5,128,926,295
26241,14012,6882,7130,47.1,2324,11688,3477
26250,5752,2945,2807,38.7,1179,4573,1008
26253,3302,1881,1421,39.6,751,2551,580
26254,87,57,30,54.1,29,58,13
26257,668,335,333,49.6,128,540,159
26259,73,43,30,71,0,73,49
26260,1471,747,724,52.7,207,1264,380
26261,3088,1395,1693,46.7,560,2528,845
26263,229,126,103,63.4,10,219,84
26264,739,377,362,41.8,195,544,112
26266,376,151,225,43,28,348,0
26267,716,371,345,30.1,280,436,60
26268,0,0,0,-,0,0,0
26269,945,407,538,53.4,112,833,283
26270,592,296,296,50.6,88,504,164
26271,332,185,147,50,67,265,101
26273,2293,1687,606,38.2,438,1855,234
26275,571,331,240,39.3,191,380,71
26276,858,312,546,35.9,57,801,185
26278,699,352,347,46.7,101,598,128
26280,1384,718,666,33.5,416,968,372
26282,211,96,115,75.3,0,211,135
26283,1432,840,592,48.7,396,1036,312
26285,215,107,108,63.2,0,215,65
26287,2948,1524,1424,48.4,433,2515,641
26288,3024,1483,1541,50,516,2508,816
26289,18,11,7,27.3,8,10,0
26291,47,22,25,64,0,47,13
26292,710,367,343,57.5,117,593,283
26293,614,276,338,39.7,104,510,39
26294,415,199,216,59.8,79,336,142
26296,93,44,49,-,0,93,93
26298,93,31,62,71.8,21,72,48
26301,28736,13990,14746,40.6,6524,22212,5572
26320,774,306,468,46.5,143,631,108
26321,211,130,81,39.6,40,171,33
26323,452,170,282,42.5,73,379,71
26325,206,85,121,66.1,29,177,106
26327,55,38,17,69.1,11,44,29
26330,15252,7230,8022,42.9,3111,12141,3057
26335,1249,725,524,46.6,229,1020,291
26337,1017,546,471,44.4,210,807,157
26338,776,436,340,48.5,134,642,151
26339,116,77,39,42.5,20,96,31
26342,533,272,261,40.2,196,337,85
26343,366,202,164,57.6,35,331,81
26346,662,343,319,37.9,140,522,139
26347,2309,1033,1276,38.1,669,1640,380
26348,339,126,213,51.4,103,236,89
26349,211,79,132,27.2,44,167,22
26351,2963,1490,1473,30.4,566,2397,458
26354,10130,5423,4707,44.4,1856,8274,1993
26361,23,13,10,-,0,23,0
26362,2856,1350,1506,51.6,538,2318,767
26366,82,77,5,25.9,0,82,0
26369,582,302,280,30.9,171,411,102
26372,687,362,325,43.6,137,550,107
26374,1884,857,1027,42.7,475,1409,518
26376,424,214,210,54.3,135,289,77
26377,627,369,258,54.9,55,572,197
26378,4595,2222,2373,47.9,813,3782,1040
26384,485,200,285,51.1,72,413,168
26385,2883,1411,1472,43.4,537,2346,560
26386,2738,1619,1119,48.2,429,2309,499
26404,109,103,6,62.5,0,109,12
26405,1220,694,526,51.5,252,968,337
26408,2636,1303,1333,44.1,552,2084,453
26410,636,303,333,44.7,136,500,80
26411,817,427,390,40.6,98,719,222
26412,501,218,283,43.1,106,395,61
26415,3602,2056,1546,41.1,542,3060,576
26416,6912,3292,3620,41.3,1349,5563,1425
26419,527,226,301,50.1,99,428,98
26421,184,111,73,39,41,143,30
26422,324,171,153,47.1,69,255,63
26424,141,37,104,43.6,37,104,13
26425,854,430,424,53.8,101,753,271
26426,7698,4398,3300,47.1,1253,6445,1577
26430,1714,1577,137,40.5,62,1652,49
26431,5501,2689,2812,42.1,1244,4257,1306
26435,89,67,22,31.2,41,48,0
26436,101,48,53,58.1,34,67,22
26437,654,365,289,28.2,184,470,52
26438,79,17,62,86,0,79,40
26440,1119,557,562,41.1,366,753,187
26443,364,189,175,27.6,93,271,60
26444,3501,1775,1726,46.3,738,2763,889
26447,1174,513,661,53.8,274,900,248
26448,1296,633,663,38.7,374,922,267
26451,501,199,302,32.4,127,374,39
26452,9447,4920,4527,41.4,2140,7307,1883
26456,3156,1541,1615,52.6,480,2676,851
26463,230,147,83,50.7,32,198,26
26501,19219,10375,8844,39.3,2612,16607,3045
26505,38056,19509,18547,25.1,4576,33480,3634
26506,1452,874,578,19.1,31,1421,0
26508,38427,19610,18817,36.8,8141,30286,5310
26519,1933,882,1051,41,294,1639,357
26520,492,203,289,60.3,6,486,220
26521,124,46,78,52,12,112,31
26524,175,92,83,56.1,27,148,21
26525,8079,5251,2828,40.9,902,7177,1057
26534,937,502,435,30.9,123,814,188
26537,5509,2506,3003,44.9,1115,4394,1210
26541,3761,1801,1960,42.7,675,3086,425
26542,2039,1076,963,45.3,398,1641,513
26543,44,0,44,-,0,44,44
26544,21,10,11,-,0,21,21
26546,212,143,69,34.8,37,175,59
26547,2849,1497,1352,38.9,539,2310,478
26554,41983,20803,21180,38.8,8212,33771,8387
26559,1541,727,814,41.2,383,1158,261
26560,150,106,44,23.4,61,89,0
26562,599,347,252,19.4,246,353,60
26563,237,110,127,32.9,50,187,55
26568,681,306,375,50.1,200,481,142
26570,3233,1672,1561,42.8,615,2618,706
26571,1483,755,728,44.5,248,1235,269
26572,545,210,335,25.5,211,334,10
26574,439,240,199,40.7,107,332,92
26575,667,346,321,55.9,103,564,199
26576,737,391,346,63.5,66,671,291
26581,979,477,502,57.1,157,822,304
26582,3770,1779,1991,50.8,729,3041,863
26585,755,386,369,52.8,85,670,134
26586,53,21,32,66.6,0,53,53
26587,268,156,112,27.9,61,207,38
26588,3032,1480,1552,47.2,502,2530,499
26590,508,304,204,64.7,15,493,250
26591,1924,1022,902,37.3,647,1277,300
26601,3592,2013,1579,51,552,3040,811
26610,576,270,306,61.2,95,481,238
26611,155,102,53,49.4,29,126,42
26615,106,62,44,38.5,45,61,11
26617,168,60,108,42.2,70,98,25
26619,476,277,199,49.8,69,407,104
26621,964,443,521,33,208,756,171
26623,1428,785,643,32.1,381,1047,363
26624,2423,1225,1198,52.2,436,1987,722
26627,445,169,276,29.7,128,317,22
26629,430,204,226,58.6,62,368,147
26631,190,68,122,35.3,86,104,71
26636,283,143,140,45.5,6,277,82
26638,300,201,99,54.4,41,259,89
26651,9870,5099,4771,45.5,2260,7610,2360
26656,311,102,209,28.5,97,214,56
26660,421,219,202,49.8,66,355,88
26662,464,218,246,58,45,419,209
26667,28,10,18,51.6,0,28,2
26671,337,161,176,49.9,26,311,78
26676,305,170,135,55.6,0,305,136
26678,1494,585,909,44.9,354,1140,140
26679,1237,724,513,40.8,333,904,263
26680,527,283,244,41.4,159,368,104
26681,1137,629,508,38.6,344,793,155
26684,411,171,240,33.3,139,272,0
26690,929,381,548,33.4,253,676,118
26691,816,397,419,38,297,519,34
26704,5031,2790,2241,52.6,685,4346,1232
26705,620,324,296,45.4,128,492,210
26707,263,136,127,40.6,33,230,51
26710,2518,1212,1306,45.5,490,2028,484
26711,2728,1461,1267,45.5,783,1945,523
26714,397,202,195,54.1,65,332,158
26716,957,494,463,26.6,209,748,113
26717,1430,663,767,31.3,588,842,213
26719,2030,930,1100,47.6,230,1800,622
26720,170,65,105,11.4,107,63,12
26722,305,153,152,62.7,26,279,133
26726,12541,6135,6406,43.2,2283,10258,2782
26731,312,76,236,46.5,12,300,84
26739,767,446,321,47.3,117,650,187
26743,1833,960,873,52.4,393,1440,500
26750,1007,401,606,45.6,150,857,147
26753,5751,2996,2755,46.2,1182,4569,1343
26755,592,305,287,42.1,206,386,79
26757,7133,3532,3601,45.9,1550,5583,1816
26761,652,434,218,61.9,29,623,311
26763,1445,709,736,40.4,474,971,204
26764,4594,2347,2247,43.7,1071,3523,993
26767,534,276,258,48.1,123,411,110
26801,1101,580,521,60.8,169,932,445
26802,869,445,424,55.2,63,806,268
26804,536,284,252,41.7,138,398,139
26807,2235,1150,1085,54,334,1901,729
26808,630,241,389,35.5,40,590,63
26810,580,235,345,55.3,61,519,160
26812,1801,931,870,40.4,457,1344,356
26814,415,198,217,50.3,43,372,131
26815,622,356,266,47.2,169,453,142
26817,1041,489,552,21.2,244,797,118
26818,1342,684,658,33.2,449,893,112
26823,28,28,0,-,0,28,28
26833,2181,1177,1004,49.7,457,1724,502
26836,6220,3302,2918,44.2,1165,5055,1437
26838,95,58,37,18.5,37,58,0
26845,821,457,364,39,203,618,123
26847,5757,2919,2838,47.2,993,4764,1427
26851,1472,739,733,54.2,126,1346,477
26852,803,501,302,47.7,111,692,248
26855,615,317,298,54.2,64,551,266
26865,376,215,161,32.2,124,252,96
26866,896,438,458,43.6,274,622,171
26884,287,159,128,33.4,69,218,37
26886,175,88,87,65.9,0,175,97
27006,15825,7524,8301,48.9,3239,12586,4008
27007,2187,1013,1174,42.3,573,1614,446
27009,3486,1772,1714,45.4,743,2743,711
27011,4853,2321,2532,49,843,4010,1182
27012,28173,13919,14254,46.6,5500,22673,5871
27013,6740,3123,3617,34.9,1641,5099,1050
27014,803,388,415,33.8,211,592,138
27016,1759,936,823,47.4,249,1510,368
27017,9271,4382,4889,37.5,2273,6998,1281
27018,7701,3878,3823,43.6,1674,6027,1387
27019,3391,1772,1619,55.8,392,2999,1117
27020,5747,3029,2718,46.5,1311,4436,1050
27021,16678,7833,8845,43.9,3089,13589,3584
27022,1081,594,487,45.9,131,950,291
27023,13651,6430,7221,40.6,3923,9728,2283
27024,2243,1224,1019,54.4,266,1977,696
27025,12000,6004,5996,44.4,2651,9349,2522
27027,4209,2099,2110,53.7,645,3564,1128
27028,26025,12953,13072,42.5,5447,20578,5080
27030,37035,17910,19125,44.5,7673,29362,8255
27040,12778,6530,6248,42.9,3017,9761,2487
27041,7475,3714,3761,46.6,1462,6013,1513
27042,177,105,72,57.6,0,177,25
27043,7224,3429,3795,47.6,1502,5722,1276
27045,9906,4546,5360,42.3,1915,7991,1741
27046,2295,1287,1008,52,409,1886,656
27047,1307,701,606,32.9,336,971,134
27048,8324,3966,4358,45.2,1566,6758,1746
27050,3803,1888,1915,47.3,728,3075,627
27051,8031,4072,3959,40.8,1704,6327,1448
27052,10726,5347,5379,45.1,2366,8360,2006
27053,3025,1639,1386,55.8,440,2585,818
27054,2017,774,1243,50.3,222,1795,472
27055,14997,7639,7358,42.5,3281,11716,3172
27101,20831,10314,10517,33.7,3703,17128,2457
27103,34970,15574,19396,37.8,6598,28372,5897
27104,30256,13851,16405,44.4,5848,24408,6050
27105,41043,19750,21293,33.9,11357,29686,6040
27106,48823,23297,25526,38.3,10958,37865,8257
27107,50384,25189,25195,38,13293,37091,7630
27109,2547,978,1569,19.8,0,2547,0
27110,2421,1087,1334,20,0,2421,0
27127,41958,19477,22481,35.9,10704,31254,5570
27201,121,60,61,53.3,34,87,21
27202,110,83,27,2,56,54,0
27203,21982,11401,10581,34.9,6052,15930,3511
27205,35933,17902,18031,43.7,7505,28428,6954
27207,3726,1718,2008,50.6,519,3207,921
27208,1615,736,879,50.4,271,1344,414
27209,4521,1933,2588,25.2,1555,2966,570
27212,2084,1321,763,43.8,190,1894,269
27213,60,47,13,46.6,0,60,25
27214,13510,6189,7321,36.2,3188,10322,2256
27215,45982,22032,23950,41.8,9902,36080,9498
27217,40036,19505,20531,36.2,10866,29170,5870
27229,3174,1709,1465,39.3,669,2505,512
27231,2221,1056,1165,47,387,1834,631
27233,3068,1266,1802,39.5,722,2346,471
27235,5068,2647,2421,49.9,1035,4033,1456
27239,7681,4046,3635,50.6,1403,6278,1705
27242,1271,709,562,51,251,1020,157
27243,5121,2266,2855,46,1091,4030,1119
27244,16092,7731,8361,26.3,2311,13781,2202
27247,228,171,57,50.4,23,205,95
27248,4211,1962,2249,38.3,907,3304,426
27249,12643,6314,6329,47.7,2540,10103,2986
27252,1485,689,796,43.2,305,1180,300
27253,31282,15153,16129,39.8,6620,24662,5669
27256,58,0,58,-,0,58,0
27258,7319,3930,3389,39,1760,5559,927
27259,114,54,60,35.9,39,75,0
27260,24878,12581,12297,37.5,6553,18325,3554
27262,25652,12062,13590,34.3,5120,20532,3858
27263,21597,10490,11107,40.3,4842,16755,3990
27265,50977,24298,26679,41,11259,39718,9004
27268,995,492,503,19.2,6,989,0
27278,28048,13622,14426,47,5596,22452,5415
27281,3271,1536,1735,48.5,749,2522,872
27282,15365,7591,7774,40.4,3256,12109,2869
27283,3285,1575,1710,41.4,718,2567,557
27284,56773,27457,29316,41.9,12133,44640,10534
27288,23604,11545,12059,42.8,4901,18703,4556
27291,1115,536,579,55.7,147,968,366
27292,40338,20090,20248,41.4,8349,31989,7894
27295,38895,19002,19893,44.4,8386,30509,7211
27298,11154,5633,5521,41.8,2377,8777,1949
27299,5260,2561,2699,35.9,1206,4054,510
27301,10148,5015,5133,41.9,2532,7616,1716
27302,34394,16451,17943,39.5,7709,26685,5282
27305,1774,826,948,49.3,362,1412,471
27306,5501,2625,2876,49.5,1009,4492,1472
27310,8571,4187,4384,45.4,2243,6328,1179
27311,3766,1966,1800,41.8,1031,2735,741
27312,22972,10584,12388,50.4,3807,19165,6067
27313,6784,3652,3132,45.7,1423,5361,1216
27314,642,290,352,42.1,76,566,84
27315,1590,814,776,47.6,421,1169,477
27316,7270,3514,3756,42,1604,5666,1309
27317,18092,8749,9343,44,3797,14295,2939
27320,37213,17674,19539,45.6,7627,29586,8086
27325,7281,3981,3300,37.4,1999,5282,1189
27326,3433,1486,1947,41.2,741,2692,637
27330,40657,19983,20674,37.9,10008,30649,6016
27332,33892,17186,16706,38.6,8293,25599,5524
27340,40,25,15,61.8,0,40,4
27341,4128,2253,1875,44.6,835,3293,764
27342,111,56,55,40.3,49,62,4
27343,1510,793,717,46.2,310,1200,375
27344,18894,9099,9795,39.6,4488,14406,3591
27349,6347,3119,3228,46.7,1146,5201,1062
27350,5603,2615,2988,39.7,1207,4396,1033
27351,222,129,93,41.5,24,198,0
27355,2709,1566,1143,36.9,502,2207,539
27356,3020,1206,1814,37.1,957,2063,539
27357,9384,4807,4577,42,2198,7186,1387
27358,15472,7682,7790,45.5,3349,12123,2262
27360,47432,22826,24606,40.5,11042,36390,8001
27370,14951,7453,7498,42.8,3280,11671,3390
27371,7628,4068,3560,45.1,1065,6563,1509
27374,260,150,110,47.5,72,188,25
27376,8915,4345,4570,51.9,1534,7381,2953
27377,9854,4590,5264,40.7,2128,7726,1558
27379,4570,2249,2321,47.5,898,3672,1273
27401,21253,9520,11733,30,2693,18560,2961
27403,19553,9752,9801,30,2833,16720,2373
27405,51962,23916,28046,33.2,14275,37687,5592
27406,64386,31095,33291,35.2,15846,48540,10204
27407,54257,25675,28582,35.1,12288,41969,6757
27408,16399,7638,8761,44,3251,13148,3637
27409,17070,7755,9315,35.6,3314,13756,2435
27410,54951,24880,30071,40.7,11079,43872,10419
27411,1697,995,702,19.2,3,1694,0
27412,3101,1002,2099,19.4,29,3072,0
27455,29259,13913,15346,43.4,6084,23175,5169
27501,22339,11014,11325,40.8,4936,17403,3330
27502,47943,23436,24507,37.2,13645,34298,4775
27503,6030,4490,1540,48.3,360,5670,1103
27504,15057,7106,7951,39.2,2955,12102,3010
27505,7541,3811,3730,34.5,1948,5593,729
27506,990,636,354,19.2,13,977,0
27507,1935,924,1011,56.4,275,1660,403
27508,2409,1406,1003,51.1,312,2097,495
27509,7196,4995,2201,43.2,740,6456,1218
27510,14131,6659,7472,32,2215,11916,1622
27511,32880,15707,17173,41.9,6878,26002,6385
27513,47195,24089,23106,39.9,9801,37394,5934
27514,32149,14862,17287,23.8,4534,27615,3723
27516,44697,21581,23116,36.1,9616,35081,6510
27517,27761,14001,13760,43.6,5383,22378,6786
27518,19102,9297,9805,46.7,3357,15745,3706
27519,66046,32249,33797,38.3,19539,46507,6505
27520,46059,23495,22564,38.2,10940,35119,5737
27521,6909,3531,3378,38.2,1706,5203,1426
27522,12308,5708,6600,42.2,2931,9377,1846
27523,16802,8160,8642,37.9,4702,12100,2558
27524,13976,6787,7189,34.3,3644,10332,1839
27525,15124,7609,7515,39,3415,11709,2290
27526,56866,28076,28790,37.9,14921,41945,8198
27527,34321,16798,17523,38.3,9597,24724,3645
27529,53223,25296,27927,38.5,11461,41762,7371
27530,37447,18530,18917,38.3,8875,28572,6226
27531,642,582,60,20.9,0,642,0
27533,216,202,14,37.8,0,216,0
27534,30742,15667,15075,39,6330,24412,5652
27536,15383,6653,8730,34.1,3879,11504,2196
27537,23698,11687,12011,43.3,5673,18025,4852
27539,27212,14443,12769,36.6,8403,18809,2340
27540,44843,21554,23289,35.9,14587,30256,3878
27541,3522,1721,1801,46.7,675,2847,871
27542,9610,4625,4985,39.9,2301,7309,1666
27544,4319,2264,2055,47.2,835,3484,847
27545,32684,15966,16718,35.7,8584,24100,3397
27546,20534,10985,9549,35.9,4347,16187,2801
27549,25193,12668,12525,41.7,5079,20114,4783
27551,1962,1026,936,54.6,253,1709,572
27553,1613,760,853,44.4,365,1248,374
27555,477,212,265,38.7,125,352,80
27556,225,89,136,33.8,73,152,67
27557,8498,4265,4233,39.4,2140,6358,1241
27559,2199,1127,1072,59.2,211,1988,712
27560,38567,19287,19280,33.4,8404,30163,2331
27562,4345,2010,2335,36.6,1269,3076,371
27563,5689,2963,2726,42.9,996,4693,1139
27565,25938,12807,13131,43.5,5443,20495,5183
27568,1509,745,764,35.2,408,1101,219
27569,8963,4336,4627,39,2283,6680,1701
27570,0,0,0,-,0,0,0
27571,8492,4272,4220,40.5,2731,5761,1092
27572,6857,3287,3570,45.8,1410,5447,1331
27573,11664,5588,6076,40.1,2753,8911,2361
27574,14693,6993,7700,47.1,2480,12213,3155
27576,20011,9697,10314,37.1,4826,15185,3321
27577,26778,13900,12878,40.3,6384,20394,4036
27581,3774,1816,1958,36.7,827,2947,605
27582,358,168,190,38.6,40,318,89
27583,6935,3262,3673,42.3,1736,5199,1199
27584,173,69,104,60,0,173,38
27587,78666,38129,40537,40.7,20709,57957,9724
27589,6412,2962,3450,45.8,1366,5046,1568
27591,25877,12993,12884,39.1,6316,19561,3947
27592,19011,9413,9598,37.5,5538,13473,1752
27593,0,0,0,-,0,0,0
27594,80,40,40,-,0,80,80
27596,18806,9644,9162,43.1,4046,14760,2485
27597,27962,13162,14800,38.6,7105,20857,4180
27599,0,0,0,-,0,0,0
27601,10801,5912,4889,31.6,1773,9028,836
27603,53535,27539,25996,34.9,10664,42871,6376
27604,43924,20800,23124,37.5,8560,35364,5890
27605,6085,2892,3193,32.2,267,5818,925
27606,45546,23520,22026,30.1,7119,38427,4215
27607,26026,11880,14146,24.7,3100,22926,2220
27608,12069,6081,5988,40.3,3212,8857,2148
27609,35038,17253,17785,37.6,6879,28159,5558
27610,81219,39486,41733,34.4,21105,60114,8116
27612,39546,19420,20126,38.7,6914,32632,6086
27613,44575,22058,22517,40.2,10050,34525,6439
27614,33609,15831,17778,43.8,8026,25583,5437
27615,46182,22590,23592,42.4,8866,37316,9337
27616,57599,27476,30123,35.1,13452,44147,4767
27617,19202,9071,10131,38.2,3427,15775,1631
27695,2164,1081,1083,19.1,0,2164,0
27697,0,0,0,-,0,0,0
27701,24380,12001,12379,33.9,4510,19870,2087
27703,60483,28900,31583,36.4,13323,47160,8506
27704,41966,19682,22284,35.3,9835,32131,5341
27705,46880,22608,24272,35.1,8302,38578,7675
27707,50696,23960,26736,34.8,9869,40827,6827
27708,3209,1468,1741,20.2,4,3205,0
27709,0,0,0,-,0,0,0
27712,23150,11125,12025,44.9,5027,18123,4971
27713,57157,26937,30220,35.2,12849,44308,6469
27801,19356,9582,9774,38.1,4929,14427,3102
27803,18991,8872,10119,47.7,3857,15134,3996
27804,29646,13893,15753,41.7,5946,23700,6140
27805,3321,1671,1650,45.6,662,2659,638
27806,2248,1001,1247,44.8,476,1772,583
27807,6137,3064,3073,41.3,1417,4720,1038
27808,2208,1074,1134,46.7,396,1812,617
27809,4209,2216,1993,47.6,593,3616,710
27810,3736,1796,1940,53.6,615,3121,1086
27812,2232,1051,1181,42.9,436,1796,500
27813,735,376,359,39.9,138,597,112
27814,1685,828,857,50.6,291,1394,436
27815,0,0,0,-,0,0,0
27816,3199,1286,1913,51.9,652,2547,1284
27817,7285,3399,3886,47.9,1389,5896,2034
27818,1189,599,590,53.2,262,927,407
27819,671,190,481,22.7,279,392,71
27820,2276,1029,1247,37.5,655,1621,349
27821,40,33,7,59.3,9,31,0
27822,7870,3813,4057,44.5,1569,6301,1661
27823,6786,3076,3710,39.5,1478,5308,1286
27824,1445,542,903,35,483,962,237
27825,85,32,53,25,12,73,10
27826,1116,870,246,44,256,860,138
27827,122,66,56,62.2,0,122,10
27828,8978,4354,4624,38.7,2279,6699,2024
27829,1387,597,790,61.9,110,1277,674
27830,3867,1718,2149,45.3,842,3025,761
27831,2522,1157,1365,54.8,362,2160,825
27832,2505,1283,1222,56.4,296,2209,863
27834,54547,24626,29921,32.5,12977,41570,7230
27837,5931,2881,3050,42.5,1506,4425,1008
27839,3807,2274,1533,44.2,575,3232,734
27840,231,114,117,60.7,6,225,94
27841,26,9,17,71.7,0,26,24
27842,1503,706,797,62.4,153,1350,652
27843,1011,612,399,44.2,201,810,225
27844,3156,1653,1503,43.6,586,2570,749
27845,2477,1495,982,43.2,438,2039,497
27846,2726,1527,1199,39.8,651,2075,539
27847,1140,714,426,38.6,183,957,155
27849,1150,521,629,39.9,319,831,210
27850,7015,3606,3409,54,1205,5810,2119
27851,5250,2742,2508,41.2,1381,3869,944
27852,2443,1178,1265,42.9,365,2078,498
27853,659,353,306,29.3,219,440,39
27855,5608,2680,2928,36.3,884,4724,1116
27856,16826,8125,8701,40.2,3942,12884,2884
27857,1096,497,599,52.8,123,973,399
27858,57075,27091,29984,25.8,9060,48015,6158
27860,1311,755,556,39.8,419,892,244
27861,101,46,55,55.6,23,78,24
27862,577,274,303,54.7,76,501,183
27863,13545,6352,7193,36,3565,9980,1741
27864,4524,1943,2581,46.6,985,3539,914
27865,2479,1148,1331,44.9,550,1929,491
27866,862,391,471,32.6,256,606,53
27869,1774,786,988,58.4,239,1535,609
27870,25279,11763,13516,41.8,6072,19207,4868
27871,3606,1715,1891,54.7,548,3058,933
27872,471,243,228,35.3,93,378,61
27873,277,133,144,48.5,35,242,50
27874,3168,1567,1601,61.7,242,2926,1324
27875,164,43,121,62.3,0,164,63
27876,1058,408,650,60.6,120,938,458
27877,12,6,6,-,0,12,6
27878,962,462,500,38.8,257,705,204
27879,244,114,130,45.3,41,203,72
27880,3969,2050,1919,38.7,834,3135,985
27881,16,5,11,66.8,0,16,13
27882,8193,3942,4251,42.5,1740,6453,1794
27883,3751,1930,1821,43.4,594,3157,567
27884,1541,1016,525,28.1,592,949,82
27885,734,304,430,66,4,730,383
27886,18341,8271,10070,45.5,4021,14320,4466
27888,1814,980,834,37.8,377,1437,191
27889,24515,11623,12892,46.9,4618,19897,5835
27890,2341,1180,1161,30.8,644,1697,420
27891,4812,2631,2181,40.9,760,4052,771
27892,13960,6180,7780,44.2,2997,10963,3258
27893,38929,18104,20825,37.4,9769,29160,6557
27896,19467,9408,10059,43.5,3990,15477,3855
27897,1303,586,717,43.2,284,1019,363
27909,40490,20096,20394,39.1,8737,31753,7175
27910,10971,5153,5818,42.7,2116,8855,2123
27915,370,197,173,57,0,370,134
27916,884,480,404,43.1,245,639,217
27917,720,265,455,26.7,228,492,76
27919,785,352,433,38.7,139,646,106
27920,1477,774,703,46.5,216,1261,206
27921,4696,2311,2385,38.3,1266,3430,691
27922,838,407,431,35.9,175,663,184
27923,572,250,322,41.9,63,509,145
27924,2401,1160,1241,50.1,381,2020,525
27925,3117,1723,1394,47,532,2585,746
27926,2027,1007,1020,50.1,512,1515,554
27927,1279,685,594,61.9,77,1202,510
27928,1865,920,945,49.1,275,1590,491
27929,3403,1757,1646,42.3,881,2522,665
27932,12881,6165,6716,46.3,2791,10090,3254
27935,1667,885,782,41.9,454,1213,232
27936,659,359,300,52.1,126,533,182
27937,3050,1584,1466,45.2,577,2473,614
27938,1764,932,832,53.4,196,1568,326
27939,2407,1179,1228,52.5,301,2106,558
27941,493,241,252,62.5,28,465,227
27942,684,309,375,56.5,81,603,261
27943,458,209,249,33.7,129,329,54
27944,11204,5272,5932,52.8,1836,9368,3413
27946,1155,462,693,53.3,200,955,339
27947,1183,516,667,46.4,191,992,81
27948,12579,6171,6408,47.8,1964,10615,2242
27949,7874,3890,3984,54.8,1298,6576,2190
27950,1819,862,957,40,288,1531,298
27953,774,439,335,40.9,202,572,187
27954,6937,3441,3496,41,1845,5092,1445
27956,174,94,80,38.3,27,147,12
27957,1342,770,572,55.6,89,1253,448
27958,12612,6253,6359,36.9,3245,9367,1469
27959,3158,1675,1483,59.7,374,2784,1374
27960,715,393,322,47,107,608,181
27962,6959,3675,3284,42.2,1542,5417,1601
27964,673,387,286,41.9,127,546,140
27965,354,198,156,52.3,78,276,106
27966,1165,760,405,39.5,388,777,135
27967,404,229,175,71.1,11,393,301
27968,184,75,109,53.9,0,184,35
27969,286,78,208,28.7,92,194,4
27970,2799,1333,1466,52.5,570,2229,844
27972,210,90,120,36.1,49,161,35
27973,1266,754,512,38.8,253,1013,251
27974,1097,589,508,52.6,117,980,258
27976,4330,2396,1934,43.7,1047,3283,579
27978,341,177,164,45.2,67,274,86
27979,681,309,372,56,40,641,191
27980,1572,855,717,50.8,264,1308,353
27981,2009,993,1016,37.6,578,1431,342
27982,130,58,72,60.9,0,130,26
27983,8227,4393,3834,43.5,1490,6737,2045
27985,325,146,179,35,104,221,49
27986,1875,1375,500,42.7,159,1716,229
28001,25949,12863,13086,41.6,5375,20574,5771
28006,1206,558,648,40.9,262,944,385
28007,913,454,459,49.5,155,758,256
28009,1216,557,659,40.6,347,869,187
28012,26027,11965,14062,40,5272,20755,4155
28016,13234,6828,6406,45.4,2148,11086,2405
28017,483,149,334,19.8,13,470,0
28018,4516,2259,2257,52.5,695,3821,1374
28019,0,0,0,-,0,0,0
28020,2450,1280,1170,31.8,615,1835,329
28021,13702,6754,6948,40.2,2857,10845,2685
28023,15703,7760,7943,41.4,2990,12713,2647
28024,24,11,13,-,0,24,24
28025,57384,27553,29831,38.4,13852,43532,8428
28027,79079,39319,39760,36.9,20332,58747,9991
28031,30324,14015,16309,44.9,6719,23605,5890
28032,2925,1399,1526,42.2,612,2313,585
28033,2738,1512,1226,43.3,511,2227,294
28034,19063,8863,10200,40.9,4046,15017,2985
28036,21492,10519,10973,39.6,4821,16671,3156
28037,24834,12082,12752,46.3,5112,19722,5179
28039,21,0,21,-,0,21,10
28040,7061,3381,3680,46.7,1262,5799,1211
28041,2,0,2,-,0,2,2
28042,337,149,188,32.9,108,229,52
28043,21264,10232,11032,37.6,5281,15983,3660
28052,35894,17830,18064,34.8,9454,26440,4786
28054,40345,18703,21642,37.5,9150,31195,7058
28056,35493,17739,17754,42.1,8375,27118,5959
28071,2996,1676,1320,44.9,620,2376,468
28072,662,262,400,39.2,134,528,106
28073,6588,3127,3461,37.1,1606,4982,837
28074,0,0,0,-,0,0,0
28075,21914,10339,11575,37.8,6097,15817,2693
28076,152,78,74,25.9,0,152,68
28077,389,197,192,26.1,162,227,50
28078,68639,34901,33738,39.5,17162,51477,8407
28079,40539,19896,20643,37.4,10728,29811,4710
28080,7830,3969,3861,46,1743,6087,1087
28081,27527,13474,14053,37.8,7054,20473,3929
28083,25746,13277,12469,37.8,6007,19739,4218
28086,28652,14198,14454,42.4,6112,22540,4730
28088,3094,1142,1952,37.5,968,2126,517
28089,142,78,64,20.6,24,118,27
28090,7998,4136,3862,42.9,1787,6211,1644
28091,1887,1082,805,49.4,402,1485,426
28092,41002,20631,20371,41.2,8742,32260,6902
28097,7162,3396,3766,41.8,1638,5524,1224
28098,3573,1962,1611,38.7,763,2810,540
28101,1048,496,552,38.5,249,799,157
28102,111,56,55,28.8,48,63,19
28103,10499,5258,5241,45.4,2265,8234,2177
28104,35285,16850,18435,41,9294,25991,4783
28105,44899,22338,22561,39.1,9757,35142,7584
28107,9353,4702,4651,38.6,2430,6923,1087
28108,27,14,13,-,0,27,0
28109,641,410,231,21,20,621,150
28110,54577,27377,27200,37.1,13417,41160,7535
28112,27845,14226,13619,39.6,6617,21228,4579
28114,7796,4129,3667,42.6,1945,5851,1285
28115,41386,20486,20900,39.2,9980,31406,5562
28117,47574,23860,23714,43.3,10454,37120,8036
28119,2253,1228,1025,42.2,457,1796,415
28120,23418,11843,11575,41.8,4727,18691,3638
28124,6362,3386,2976,42.3,1273,5089,1239
28125,2643,1460,1183,46.1,433,2210,655
28127,7257,4139,3118,48.4,1255,6002,1554
28128,7602,3927,3675,42,1632,5970,1191
28129,5690,2749,2941,42.9,1043,4647,1130
28133,2125,1016,1109,47.1,248,1877,361
28134,12746,5702,7044,37.1,3073,9673,1953
28135,5417,2929,2488,38.6,809,4608,1031
28136,83,41,42,53.5,10,73,8
28137,2837,1378,1459,40.3,604,2233,452
28138,10013,4844,5169,41.9,1755,8258,1734
28139,18624,8745,9879,49.1,3612,15012,4763
28144,27049,13778,13271,39.6,5764,21285,5074
28146,32181,15356,16825,42.1,7515,24666,6448
28147,24529,12390,12139,41.3,5264,19265,4037
28150,26040,12250,13790,49,5268,20772,6107
28152,25873,12234,13639,37,6338,19535,4357
28159,2954,1557,1397,41.5,580,2374,461
28160,3957,1996,1961,50.2,356,3601,830
28163,6123,2958,3165,35.8,1813,4310,758
28164,15678,7493,8185,43.4,3669,12009,3202
28166,10470,5108,5362,40.1,2425,8045,1562
28167,2142,1204,938,57.2,279,1863,645
28168,10632,5143,5489,46.5,2257,8375,2344
28169,170,69,101,43.5,32,138,45
28170,9707,4596,5111,40,2319,7388,1845
28173,62501,31675,30826,40.4,18558,43943,6461
28174,8547,3910,4637,31.4,1592,6955,1250
28202,16150,9500,6650,30.4,876,15274,1098
28203,17989,8565,9424,28.7,1920,16069,1142
28204,9525,4692,4833,30.4,1170,8355,589
28205,51160,25942,25218,33.5,10396,40764,4581
28206,14000,7264,6736,33.6,3425,10575,1345
28207,9461,4810,4651,46.7,1816,7645,1627
28208,40502,19874,20628,31.4,10075,30427,4362
28209,23719,12451,11268,33.7,4492,19227,2180
28210,46811,22544,24267,35.7,10843,35968,6971
28211,32050,14587,17463,38.1,8128,23922,4732
28212,43301,21557,21744,32.6,11742,31559,3856
28213,44515,20674,23841,32.9,10347,34168,3303
28214,41117,20095,21022,35.7,9178,31939,4606
28215,64713,29960,34753,34.4,17993,46720,7025
28216,53422,24933,28489,35.8,11711,41711,6321
28217,31756,16486,15270,32.2,7845,23911,2418
28223,3801,1819,1982,19.5,1,3800,0
28226,38475,18371,20104,41,9108,29367,6586
28227,59904,28503,31401,38.4,13926,45978,8853
28244,0,0,0,-,0,0,0
28262,45186,21984,23202,30.2,8448,36738,2996
28269,78540,36352,42188,35.9,19447,59093,7543
28270,34169,17127,17042,39.1,8949,25220,4800
28273,46663,21962,24701,33.1,10898,35765,3529
28274,657,273,384,20,4,653,0
28277,71047,34071,36976,40.3,17746,53301,9072
28278,35260,17301,17959,36,9057,26203,3621
28280,0,0,0,-,0,0,0
28282,0,0,0,-,0,0,0
28301,16206,7729,8477,34.4,2978,13228,2760
28303,30468,14220,16248,33.9,6926,23542,5432
28304,36289,17412,18877,35.9,8580,27709,5552
28305,5640,2858,2782,42.3,1069,4571,1294
28306,43736,21178,22558,34.4,12843,30893,5091
28307,14760,8476,6284,23.4,4615,10145,33
28308,357,314,43,22.7,0,357,0
28310,8830,8119,711,22.5,0,8830,0
28311,34683,16765,17918,32.5,8856,25827,4599
28312,20111,10027,10084,42.5,4623,15488,3871
28314,57908,27884,30024,30.5,15225,42683,5817
28315,13997,6690,7307,37.5,3361,10636,2458
28318,3925,2016,1909,41.7,734,3191,627
28320,8145,3752,4393,44.3,1595,6550,1967
28323,4695,2340,2355,37,1199,3496,659
28325,428,221,207,28.7,60,368,101
28326,25713,12769,12944,29.9,8933,16780,1786
28327,18810,8711,10099,39.8,4698,14112,2956
28328,26101,13028,13073,39.5,6704,19397,4804
28330,535,409,126,48.3,56,479,114
28331,51,14,37,80.2,0,51,41
28332,787,379,408,41,146,641,135
28333,9985,4820,5165,32.5,2979,7006,1704
28334,22249,10717,11532,42.9,4782,17467,4423
28337,8920,4409,4511,46.1,1849,7071,2339
28338,3721,1618,2103,44.2,871,2850,687
28339,6508,3122,3386,43.4,1335,5173,1340
28340,9790,4791,4999,43.6,2134,7656,2072
28341,3271,1471,1800,39.3,743,2528,682
28342,143,65,78,45.2,34,109,32
28343,1857,885,972,33.1,544,1313,237
28344,4766,2509,2257,36.1,1598,3168,686
28345,11484,5394,6090,39.7,2664,8820,1939
28347,2016,1374,642,29.8,363,1653,90
28348,38665,18400,20265,34,11203,27462,4003
28349,3765,1895,1870,46.1,842,2923,661
28350,222,151,71,72,0,222,138
28351,4617,2188,2429,41.3,958,3659,790
28352,24403,12575,11828,37.7,5781,18622,4236
28355,0,0,0,-,0,0,0
28356,5638,2779,2859,39.6,1490,4148,884
28357,2429,1071,1358,39.3,572,1857,366
28358,34093,15935,18158,36.2,9356,24737,5498
28359,957,957,0,40.8,0,957,81
28360,13687,6921,6766,36.1,3624,10063,1839
28362,44,29,15,66.5,7,37,23
28363,965,478,487,49.1,155,810,269
28364,13151,6315,6836,38.3,3175,9976,2177
28365,14898,7840,7058,40.4,3330,11568,2778
28366,4997,2447,2550,40.4,1360,3637,1037
28367,173,76,97,30.3,58,115,16
28368,116,67,49,56.6,0,116,45
28369,2067,1121,946,44.2,451,1616,335
28371,6149,2837,3312,36.5,1579,4570,792
28372,12346,6138,6208,29.3,2544,9802,1545
28373,2671,1327,1344,39.2,675,1996,464
28374,19189,9599,9590,59.7,3160,16029,7639
28375,184,89,95,43.3,28,156,46
28376,43457,21470,21987,32.9,12425,31032,4406
28377,11548,5884,5664,32.6,3013,8535,1775
28378,22,0,22,-,0,22,0
28379,24537,11853,12684,40.3,5897,18640,4716
28382,6689,3478,3211,40.4,1422,5267,1119
28383,6499,2949,3550,39.5,1594,4905,1116
28384,10146,4897,5249,37.6,2884,7262,1446
28385,2149,1119,1030,48.5,268,1881,361
28386,5065,2115,2950,38,1179,3886,662
28387,15277,7090,8187,39.9,2441,12836,4037
28390,24902,11665,13237,29.4,7010,17892,2104
28391,5724,2995,2729,37.4,1175,4549,826
28392,1727,901,826,46,281,1446,364
28393,1914,872,1042,48,357,1557,441
28394,5171,2760,2411,39.8,1129,4042,1080
28395,2426,1310,1116,39.6,620,1806,300
28396,2272,1150,1122,51.3,265,2007,603
28398,6308,2601,3707,38.7,1739,4569,1233
28399,1825,864,961,52.5,243,1582,330
28401,21872,10242,11630,41.7,3614,18258,4121
28403,39628,17975,21653,30.3,4533,35095,4934
28405,34356,16282,18074,38.6,7054,27302,6960
28409,34397,16665,17732,43.8,7802,26595,6625
28411,36536,17448,19088,41.4,7087,29449,7221
28412,42122,21151,20971,40.6,8151,33971,8154
28420,2710,1473,1237,47.6,504,2206,667
28421,2047,1037,1010,48,425,1622,374
28422,8106,4201,3905,58.1,1220,6886,2896
28423,2624,1514,1110,41.8,481,2143,653
28424,35,20,15,73.4,0,35,19
28425,10903,5832,5071,44.3,2044,8859,2348
28428,6949,3355,3594,51.1,990,5959,1455
28429,8597,4167,4430,45.6,1386,7211,1868
28430,2165,1029,1136,43.1,401,1764,502
28431,6509,3213,3296,47.6,1384,5125,1293
28432,1447,681,766,50,354,1093,250
28433,4403,2049,2354,38.1,1088,3315,952
28434,385,138,247,59.5,36,349,107
28435,1964,1050,914,40.5,427,1537,374
28436,1469,797,672,34.2,384,1085,97
28438,1490,657,833,46.8,256,1234,444
28439,879,455,424,49.3,149,730,197
28441,2970,1354,1616,34.1,676,2294,516
28442,1184,482,702,54,167,1017,342
28443,25655,13066,12589,41.5,6471,19184,4669
28444,2500,1286,1214,41.4,567,1933,474
28445,9675,4931,4744,35.6,2360,7315,1641
28447,1378,711,667,52.7,241,1137,213
28448,871,494,377,34.3,286,585,159
28449,2033,992,1041,56.9,219,1814,510
28450,2078,1048,1030,52.2,401,1677,648
28451,42073,20256,21817,44.4,7648,34425,9982
28452,541,306,235,30.6,37,504,23
28453,3559,1646,1913,29.5,1034,2525,500
28454,2769,1213,1556,31.5,816,1953,278
28455,2245,955,1290,36.1,649,1596,365
28456,4001,1789,2212,46.8,516,3485,765
28457,11281,5740,5541,37.8,2500,8781,1332
28458,5481,2722,2759,38.4,1390,4091,1094
28460,11666,6370,5296,31.4,2688,8978,1506
28461,22255,10731,11524,61.9,2517,19738,9253
28462,11862,5816,6046,55.1,1651,10211,3544
28463,6999,3997,3002,45.6,1120,5879,1718
28464,2388,1215,1173,36,804,1584,427
28465,8228,3961,4267,60,742,7486,2986
28466,8470,3981,4489,46.4,1660,6810,2160
28467,13185,6079,7106,64.4,1177,12008,6338
28468,4645,2027,2618,66.2,185,4460,2477
28469,8828,4129,4699,61,929,7899,3510
28470,10645,4945,5700,50.6,2098,8547,2924
28472,17854,8652,9202,39.4,4148,13706,2864
28478,4424,2081,2343,48.1,902,3522,648
28479,6333,3330,3003,39.7,1460,4873,1143
28480,2899,1650,1249,52.8,363,2536,748
28501,18635,8656,9979,38.7,4789,13846,3631
28504,20321,9499,10822,45.9,3800,16521,4794
28508,1736,931,805,38.2,329,1407,183
28509,0,0,0,-,0,0,0
28510,1379,729,650,59.4,155,1224,469
28511,604,332,272,38,151,453,160
28512,3414,1737,1677,61.5,388,3026,1476
28513,9819,4841,4978,45.8,2160,7659,2468
28515,2940,1779,1161,51.1,371,2569,756
28516,10610,4980,5630,55.9,1401,9209,3491
28518,7627,3935,3692,39.5,1848,5779,1305
28519,510,261,249,37.2,178,332,70
28520,170,91,79,63.4,6,164,70
28521,1632,828,804,42.3,300,1332,338
28523,2495,1053,1442,47.4,614,1881,583
28524,275,97,178,37.4,92,183,25
28525,2790,1403,1387,49.1,335,2455,624
28526,2584,1226,1358,46.6,709,1875,536
28527,1055,634,421,47.2,182,873,318
28528,606,345,261,50.8,117,489,136
28529,1776,945,831,51.6,148,1628,593
28530,6572,2969,3603,42.8,1412,5160,1394
28531,1104,513,591,58.3,124,980,335
28532,20301,10547,9754,29.1,5455,14846,1862
28533,2729,2549,180,21.6,0,2729,0
28537,16,8,8,-,0,16,16
28538,2221,1078,1143,39.6,392,1829,331
28539,18258,9524,8734,31.5,4500,13758,2141
28540,50207,27074,23133,29.7,12921,37286,5580
28542,3348,3030,318,20.7,292,3056,0
28543,6841,4302,2539,21.7,1610,5231,30
28544,5179,2872,2307,25.5,1194,3985,329
28546,47841,22981,24860,28.2,11558,36283,4832
28547,19509,15876,3633,21.2,2791,16718,2
28551,12666,6638,6028,39.9,2831,9835,2409
28552,199,83,116,51.5,72,127,96
28553,444,215,229,56.1,44,400,91
28554,91,35,56,61,13,78,25
28555,5349,2686,2663,43.2,979,4370,1061
28556,777,336,441,56.5,68,709,214
28557,15379,7257,8122,49.3,2607,12772,4207
28560,28713,13677,15036,40.1,7024,21689,5494
28562,38048,18138,19910,47.3,7203,30845,10144
28570,21518,11150,10368,44.2,4050,17468,4067
28571,2892,1303,1589,63.2,310,2582,1294
28572,6069,3107,2962,36.7,1435,4634,1073
28573,1863,812,1051,50.5,379,1484,400
28574,19987,10897,9090,28.6,6522,13465,1586
28575,207,104,103,48.6,37,170,32
28577,349,153,196,58.1,52,297,99
28578,5627,2862,2765,29.1,2099,3528,594
28579,734,390,344,51.8,123,611,162
28580,12325,7533,4792,39.8,2234,10091,2005
28581,153,85,68,51.9,24,129,19
28582,1750,852,898,50.3,344,1406,465
28584,14197,6914,7283,44.7,3303,10894,3299
28585,3830,1994,1836,50.4,586,3244,948
28586,7470,4044,3426,37.9,1502,5968,1180
28587,214,83,131,57.5,42,172,77
28589,26,18,8,55.4,0,26,0
28590,26154,12901,13253,37.9,6572,19582,3219
28594,3870,1863,2007,57.9,584,3286,1197
28601,53172,26346,26826,40.3,10652,42520,9669
28602,29298,14608,14690,38.4,6675,22623,4912
28604,7671,3849,3822,45.2,1346,6325,1852
28605,3330,1795,1535,49.9,238,3092,841
28606,1666,945,721,52.3,196,1470,527
28607,35423,17167,18256,23.7,3456,31967,4603
28609,5504,2820,2684,47,1074,4430,1248
28610,10902,5458,5444,41.3,2531,8371,1448
28611,150,109,41,73.1,0,150,76
28612,11154,5488,5666,47,2038,9116,2282
28613,23916,11652,12264,37.7,6140,17776,4466
28615,1717,880,837,51.3,254,1463,540
28616,139,84,55,17.7,78,61,21
28617,1938,998,940,40.5,438,1500,522
28618,2196,1187,1009,43,470,1726,336
28619,434,260,174,55,0,434,133
28621,9751,4871,4880,42.3,1884,7867,1756
28622,2384,1099,1285,47.6,444,1940,680
28623,1771,896,875,40.3,533,1238,424
28624,1350,784,566,58.6,233,1117,417
28625,38125,19130,18995,41.6,7808,30317,7415
28626,3003,1724,1279,48.4,389,2614,623
28627,1371,695,676,49.8,184,1187,343
28628,34,12,22,50.6,7,27,5
28629,0,0,0,-,0,0,0
28630,20715,10597,10118,45.6,4435,16280,4258
28631,946,478,468,23.5,456,490,88
28634,5045,2595,2450,38.5,1152,3893,773
28635,3346,1749,1597,55.5,616,2730,900
28636,4926,2566,2360,41.4,872,4054,890
28637,1601,886,715,43,277,1324,347
28638,11630,5824,5806,39,2480,9150,1892
28640,5074,2569,2505,48.6,819,4255,1405
28641,56,21,35,52.3,0,56,9
28642,5380,2592,2788,44.4,1128,4252,1124
28643,3978,2072,1906,50.5,665,3313,959
28644,1134,491,643,53.5,107,1027,401
28645,46424,22645,23779,45.5,8909,37515,9859
28646,574,297,277,59.5,58,516,188
28649,1429,643,786,49.2,337,1092,259
28650,12219,6298,5921,44.8,2854,9365,2103
28651,5103,2481,2622,47.4,832,4271,1421
28652,50,26,24,59.4,0,50,9
28653,25,0,25,-,0,25,25
28654,3142,1584,1558,53.1,405,2737,1062
28655,56692,28720,27972,44.3,10444,46248,11587
28657,8201,3922,4279,49.9,1326,6875,2360
28658,25561,12503,13058,43.5,4847,20714,5271
28659,21460,10888,10572,43.5,4302,17158,4365
28660,2326,1252,1074,40,493,1833,535
28662,0,0,0,-,0,0,0
28663,461,184,277,65.1,35,426,231
28664,167,91,76,61.4,8,159,0
28665,2780,1310,1470,45.8,400,2380,598
28666,47,25,22,27.1,0,47,0
28667,235,103,132,39.1,63,172,30
28668,165,83,82,60.3,0,165,28
28669,2662,1476,1186,48.4,456,2206,544
28670,2451,1285,1166,50.5,390,2061,466
28671,386,190,196,63.4,19,367,189
28672,186,108,78,49.7,0,186,0
28673,6731,3400,3331,52.7,976,5755,1744
28675,6591,3231,3360,51.6,950,5641,1814
28676,3059,1600,1459,53.3,493,2566,825
28677,36369,17628,18741,39.5,8177,28192,6082
28678,5300,2823,2477,43.9,1187,4113,1072
28679,2292,1058,1234,42.9,430,1862,520
28681,25825,13172,12653,44.3,5086,20739,5226
28682,1456,611,845,50.3,311,1145,354
28683,1359,614,745,40.6,320,1039,301
28684,1571,783,788,54.4,100,1471,508
28685,2038,869,1169,41.2,448,1590,390
28689,2487,1238,1249,45.2,576,1911,219
28690,9212,4319,4893,48.3,1678,7534,2260
28692,4355,2091,2264,43.5,764,3591,700
28693,1413,607,806,53.2,275,1138,377
28694,6809,3027,3782,54.4,1105,5704,2061
28697,13751,6375,7376,42.1,3381,10370,2876
28698,2582,1611,971,49.5,427,2155,555
28701,5591,2338,3253,40.3,1230,4361,633
28702,488,247,241,41.1,138,350,159
28704,22399,11131,11268,40,4938,17461,3701
28705,6708,3310,3398,48.8,1100,5608,1834
28707,564,270,294,55.5,72,492,175
28708,220,120,100,50.5,35,185,36
28709,2305,1034,1271,51.7,474,1831,771
28710,0,0,0,-,0,0,0
28711,12574,5523,7051,58.1,1562,11012,4619
28712,20199,9683,10516,54.3,2844,17355,6698
28713,8579,3976,4603,45.7,1716,6863,1852
28714,16529,8184,8345,46.5,3234,13295,4281
28715,28859,13969,14890,42,6131,22728,5828
28716,17007,8499,8508,43.1,3179,13828,3926
28717,1381,689,692,60.1,197,1184,504
28718,562,231,331,56.3,0,562,109
28719,6854,3528,3326,37.7,1634,5220,1189
28720,144,50,94,58.8,9,135,53
28721,10540,4957,5583,44.7,1966,8574,2262
28722,6239,2859,3380,49.5,989,5250,1893
28723,10880,5580,5300,22,802,10078,1253
28725,93,43,50,43.9,16,77,23
28726,3924,1496,2428,31.1,1145,2779,497
28729,3616,2025,1591,46.9,542,3074,1027
28730,7776,4196,3580,52.7,1168,6608,2319
28731,8506,4289,4217,53.4,1311,7195,2714
28732,17705,8479,9226,43.9,3400,14305,3967
28733,56,32,24,72.3,7,49,45
28734,29040,13990,15050,48.8,5443,23597,7654
28735,251,128,123,58.1,10,241,86
28736,895,451,444,58.7,30,865,296
28739,21244,10296,10948,55.1,3835,17409,6862
28740,1727,779,948,59.9,202,1525,639
28741,4209,2237,1972,61.8,415,3794,1815
28742,3000,1286,1714,50.5,317,2683,649
28743,2301,1057,1244,49.7,341,1960,592
28745,486,274,212,57.9,82,404,196
28746,2752,1248,1504,58.6,475,2277,932
28747,2269,1206,1063,40.7,533,1736,502
28748,13049,6521,6528,39,2882,10167,2230
28749,85,85,0,-,0,85,37
28751,4071,1998,2073,56.2,586,3485,1408
28752,30472,15138,15334,41.7,6433,24039,5772
28753,9965,4852,5113,42.7,2140,7825,2100
28754,9590,5022,4568,42.5,1413,8177,2178
28755,0,0,0,-,0,0,0
28756,4244,1921,2323,46.2,1018,3226,900
28757,442,322,120,20.5,3,439,0
28758,0,0,0,-,0,0,0
28759,7514,3762,3752,44.3,1801,5713,1707
28761,7595,4027,3568,48.4,1261,6334,1679
28762,6617,3359,3258,52.7,1048,5569,1667
28763,2660,1356,1304,44.4,532,2128,769
28766,896,396,500,50.4,169,727,186
28768,6720,3416,3304,52.1,1216,5504,2141
28770,0,0,0,-,0,0,0
28771,7635,3800,3835,46.5,1492,6143,1827
28772,1057,461,596,40.3,233,824,162
28773,2949,1396,1553,54.9,494,2455,919
28774,1274,524,750,63.7,57,1217,592
28775,562,297,265,38.1,179,383,125
28777,10723,6480,4243,45.6,1687,9036,1968
28778,11776,5500,6276,41.9,1994,9782,2083
28779,18421,9043,9378,42.9,3847,14574,4092
28781,914,459,455,65,42,872,456
28782,6420,3087,3333,59,636,5784,2432
28783,1433,802,631,39.4,432,1001,284
28785,8124,4110,4014,47.9,1286,6838,2142
28786,21927,10416,11511,50.2,4004,17923,5616
28787,23208,11215,11993,48.2,3996,19212,5441
28788,162,51,111,40.9,55,107,36
28789,6137,2974,3163,42.2,1394,4743,1151
28790,3358,1608,1750,48.5,499,2859,673
28791,15408,7816,7592,51,2523,12885,4269
28792,35885,17002,18883,45.3,6981,28904,8748
28801,13498,6644,6854,43.9,1552,11946,2631
28803,34577,15978,18599,41.7,6479,28098,7440
28804,24714,12779,11935,45.2,3476,21238,6043
28805,20017,9539,10478,46.4,2973,17044,5137
28806,44522,21354,23168,36.9,8816,35706,5935
28901,5560,2563,2997,46.9,1163,4397,1492
28902,909,345,564,49.7,170,739,215
28904,10255,4862,5393,53.8,1758,8497,3201
28905,3379,1781,1598,42.1,682,2697,739
28906,19586,9860,9726,56.2,2706,16880,6624
28909,365,182,183,62.3,10,355,162
29001,2246,1062,1184,35.9,703,1543,447
29003,5564,2618,2946,48.9,904,4660,1447
29006,9255,4459,4796,41.6,1970,7285,1873
29009,2267,1153,1114,42.4,393,1874,613
29010,11955,6375,5580,40.4,2345,9610,2157
29014,1298,624,674,47.2,211,1087,187
29015,1340,555,785,46.3,219,1121,321
29016,29154,14842,14312,39.4,7150,22004,3276
29018,3359,1439,1920,38.2,820,2539,551
29020,22021,10124,11897,45.4,4519,17502,5495
29030,2059,896,1163,35.2,427,1632,433
29031,1864,947,917,36.3,299,1565,210
29032,5172,2626,2546,41.7,1120,4052,994
29033,12890,6473,6417,37.8,2403,10487,2271
29036,25544,12405,13139,45.6,5772,19772,5257
29037,961,480,481,33.2,245,716,218
29038,2691,1174,1517,37.3,658,2033,487
29039,3058,1374,1684,42.6,418,2640,635
29040,9402,4392,5010,31.4,2608,6794,1108
29042,4762,2237,2525,34.1,921,3841,837
29044,4208,2032,2176,46.2,601,3607,1065
29045,29754,14693,15061,36.9,7359,22395,3208
29046,84,44,40,53,0,84,20
29047,3490,1555,1935,53.4,638,2852,1013
29048,4820,2554,2266,50.8,849,3971,1482
29051,340,161,179,59.7,28,312,118
29052,2479,917,1562,42,485,1994,574
29053,20620,10002,10618,34.9,5779,14841,2267
29054,9383,4634,4749,45.8,1910,7473,2089
29055,3899,1804,2095,46.7,850,3049,923
29056,2264,1115,1149,44.7,410,1854,604
29058,5621,2994,2627,36.3,1630,3991,810
29059,5258,2557,2701,47.1,1097,4161,1414
29061,12569,5797,6772,44,2614,9955,2181
29062,10,0,10,-,0,10,10
29063,38754,18774,19980,40.1,9502,29252,5464
29065,558,278,280,40.9,90,468,70
29067,10771,6273,4498,38,2459,8312,1861
29069,4460,2209,2251,39.6,1075,3385,775
29070,16357,7995,8362,40.7,3899,12458,2699
29072,67669,33568,34101,39.5,17149,50520,9684
29073,49849,24394,25455,37.6,12353,37496,6782
29074,215,80,135,66.3,0,215,119
29075,2999,1483,1516,46.9,576,2423,820
29078,15771,8132,7639,41.1,3547,12224,2613
29079,14,0,14,-,0,14,0
29080,2921,1299,1622,41.4,554,2367,583
29081,1195,549,646,61.4,175,1020,449
29082,426,190,236,45.9,98,328,103
29101,2592,1070,1522,40.9,518,2074,567
29102,15831,7342,8489,46.9,3257,12574,4129
29104,1464,499,965,42.2,375,1089,284
29105,1198,545,653,50.3,82,1116,282
29107,2709,1196,1513,42.8,696,2013,502
29108,19857,9467,10390,37.9,4328,15529,3437
29111,1636,822,814,41.1,294,1342,310
29112,3627,1869,1758,48.7,719,2908,694
29113,2215,1099,1116,31.1,719,1496,246
29114,1459,643,816,54.4,245,1214,421
29115,27024,12315,14709,38.2,6040,20984,4890
29117,555,422,133,20.2,0,555,0
29118,16051,7353,8698,38,3461,12590,3054
29122,75,42,33,36.6,23,52,26
29123,7511,3797,3714,38.3,1697,5814,845
29125,2969,1581,1388,45,677,2292,521
29126,2415,1222,1193,43.1,557,1858,463
29127,9042,4442,4600,49.8,1763,7279,2186
29128,3891,2119,1772,46.9,566,3325,949
29129,4311,2090,2221,43.7,1120,3191,925
29130,6276,3134,3142,57.2,698,5578,2302
29133,909,422,487,37.7,272,637,154
29135,7974,3924,4050,47.5,1537,6437,1985
29137,2335,1138,1197,45.3,514,1821,458
29138,9851,5200,4651,38.7,2594,7257,1725
29142,4907,2150,2757,45,998,3909,1277
29145,935,474,461,35.5,333,602,127
29146,1267,639,628,42.7,282,985,248
29148,6005,2826,3179,53.2,805,5200,1708
29150,38738,17728,21010,38.7,9448,29290,7531
29152,2186,1305,881,23.2,512,1674,0
29153,15275,7926,7349,38.8,3332,11943,2839
29154,28655,14259,14396,36.2,6630,22025,4512
29160,6966,3550,3416,44.8,1432,5534,1475
29161,10935,5487,5448,43.4,2154,8781,2288
29162,3420,2236,1184,37.6,651,2769,496
29163,1385,871,514,37.2,457,928,221
29164,4833,2031,2802,41.8,1272,3561,1173
29166,743,434,309,43.4,99,644,121
29168,3666,1913,1753,35.3,966,2700,455
29169,22039,10276,11763,39.2,3762,18277,4780
29170,21279,10725,10554,40.6,4329,16950,3602
29172,9359,4435,4924,39,2225,7134,1849
29175,285,147,138,49.5,66,219,51
29177,176,106,70,81.4,0,176,141
29178,3389,1719,1670,44.7,624,2765,733
29180,12014,5812,6202,44.3,2626,9388,2268
29201,22938,11771,11167,22.3,1236,21702,1440
29203,41205,20006,21199,34.4,10032,31173,6641
29204,18034,8491,9543,37.8,2606,15428,3569
29205,22861,11320,11541,29.5,4277,18584,3073
29206,18746,9261,9485,36.9,4777,13969,3359
29207,9963,6655,3308,20.5,257,9706,4
29208,2281,832,1449,18.9,10,2271,0
29209,36979,17533,19446,33.3,9256,27723,4792
29210,40923,20445,20478,33,7539,33384,4455
29212,27310,12975,14335,42.6,5121,22189,5795
29223,51354,23399,27955,37.5,11541,39813,8531
29225,401,195,206,19,0,401,0
29229,49097,21627,27470,35,14244,34853,5035
29301,35380,17067,18313,37.4,7951,27429,5849
29302,17897,8869,9028,40.5,3939,13958,3733
29303,27413,13818,13595,30.4,5745,21668,2952
29306,17932,8276,9656,31.3,5327,12605,2385
29307,18759,8957,9802,41.7,3907,14852,4500
29316,30283,13852,16431,34.9,7577,22706,3995
29320,383,89,294,38.5,103,280,76
29321,3248,1567,1681,35.1,1135,2113,387
29322,10432,5269,5163,44.3,2366,8066,2042
29323,15024,7221,7803,38.7,3535,11489,2296
29324,74,51,23,10.8,42,32,0
29325,13808,6865,6943,39.3,2707,11101,2883
29329,106,66,40,49.5,30,76,29
29330,8181,4109,4072,45.7,1162,7019,1434
29331,25,25,0,-,0,25,25
29332,3093,1742,1351,39.1,712,2381,651
29333,224,72,152,59.6,0,224,42
29334,16964,8094,8870,35.9,3993,12971,2112
29335,5687,3348,2339,46.2,774,4913,1127
29338,79,0,79,-,0,79,79
29340,20745,10147,10598,41.4,4245,16500,3639
29341,20027,9872,10155,35.8,4697,15330,3585
29346,254,108,146,35.8,52,202,9
29349,35204,17889,17315,41.7,7943,27261,6657
29351,1406,704,702,42.4,231,1175,260
29353,3483,1685,1798,51.3,547,2936,994
29355,980,564,416,43.5,156,824,164
29356,8841,4193,4648,53.9,1565,7276,2421
29360,21819,10548,11271,41.7,5059,16760,4393
29364,557,213,344,42.8,120,437,102
29365,14903,7273,7630,33.4,4259,10644,1945
29368,274,120,154,23.8,61,213,0
29369,14980,6956,8024,42.1,3551,11429,2962
29370,590,271,319,50.1,49,541,135
29372,3797,1906,1891,44.9,843,2954,671
29373,190,146,44,59.3,6,184,42
29374,2976,1565,1411,47.5,651,2325,677
29375,148,78,70,36.5,30,118,4
29376,8858,4739,4119,38.8,1799,7059,1069
29377,525,308,217,50.8,0,525,132
29378,109,30,79,60.9,0,109,44
29379,17380,8195,9185,45.4,3376,14004,3764
29384,3810,1826,1984,50.1,607,3203,834
29385,8039,3769,4270,34.5,2509,5530,1323
29388,16059,7889,8170,42.1,3152,12907,2404
29401,8895,3923,4972,42.4,744,8151,2210
29403,22363,10105,12258,30.6,3136,19227,2682
29404,2257,1220,1037,21.8,589,1668,25
29405,27449,13868,13581,37.5,5266,22183,4273
29406,32570,15878,16692,32.1,8350,24220,3879
29407,35908,17137,18771,38.3,6168,29740,6931
29409,2612,2379,233,20.2,65,2547,0
29410,20603,10406,10197,35.4,5558,15045,2597
29412,40307,19353,20954,40.3,7651,32656,7445
29414,44196,20498,23698,37.5,8163,36033,6750
29418,24386,11846,12540,38.8,5093,19293,3293
29420,22808,11294,11514,36.2,5079,17729,2707
29424,1267,473,794,19.4,57,1210,0
29425,0,0,0,-,0,0,0
29426,1771,761,1010,46.8,396,1375,274
29429,4527,2165,2362,50.6,734,3793,898
29431,7060,3489,3571,43.2,1947,5113,1585
29432,2389,1233,1156,47.1,439,1950,558
29434,598,290,308,47.4,123,475,180
29435,4462,1919,2543,37.6,1433,3029,785
29436,3992,2033,1959,53.2,533,3459,1029
29437,1916,798,1118,42.5,405,1511,442
29438,2751,1235,1516,62.1,225,2526,1159
29439,855,456,399,63.6,33,822,367
29440,26302,12601,13701,44.9,5320,20982,6172
29445,60419,31416,29003,34.3,13659,46760,8000
29446,1317,669,648,41.8,352,965,135
29448,2506,1138,1368,32.9,571,1935,283
29449,7598,3550,4048,47.7,1574,6024,1777
29450,3010,1245,1765,48.8,583,2427,665
29451,4378,2278,2100,51.9,731,3647,1315
29452,246,91,155,53.9,46,200,70
29453,1241,533,708,42.6,348,893,180
29455,25449,12337,13112,51.2,3523,21926,6531
29456,35871,18306,17565,32.7,9145,26726,3871
29458,2303,1049,1254,48.1,552,1751,443
29461,42217,20598,21619,37.4,10563,31654,5850
29464,51259,26081,25178,42.3,9554,41705,9865
29466,43233,20162,23071,43.4,11468,31765,7321
29468,2306,1218,1088,48.5,283,2023,579
29469,600,332,268,64.3,16,584,229
29470,5349,2537,2812,42.9,849,4500,1054
29471,1044,483,561,46.5,141,903,300
29472,10693,6195,4498,41.3,1876,8817,1765
29474,1487,696,791,54.1,209,1278,478
29475,2324,1223,1101,39.5,449,1875,573
29477,7195,3473,3722,42.5,1439,5756,1676
29479,6630,3382,3248,38.6,1700,4930,1302
29481,1527,882,645,42.3,425,1102,307
29482,2317,1168,1149,51.7,427,1890,588
29483,56758,27437,29321,38.4,13425,43333,8533
29485,58946,29260,29686,36.6,16009,42937,8402
29486,43513,21147,22366,36,10371,33142,5839
29487,2302,1343,959,55.3,437,1865,615
29488,22354,10767,11587,40.3,4928,17426,4258
29492,19266,9172,10094,38.6,3668,15598,2904
29493,232,116,116,45,63,169,39
29501,47406,22184,25222,37.3,12279,35127,8053
29505,24562,11505,13057,39.3,5786,18776,4136
29506,20545,8979,11566,35.9,4210,16335,3639
29510,10558,4881,5677,39.3,2595,7963,1895
29511,6075,3095,2980,41.4,1285,4790,1104
29512,17736,9426,8310,40.1,3394,14342,2943
29516,846,540,306,39,154,692,151
29518,805,436,369,37.6,193,612,170
29519,279,100,179,40.3,107,172,43
29520,12575,6175,6400,47.4,2562,10013,2763
29525,2009,963,1046,49.6,296,1713,376
29526,49383,24054,25329,40.5,8496,40887,10065
29527,28167,12882,15285,41.7,6023,22144,5280
29530,2597,1403,1194,39.6,645,1952,506
29532,20000,9322,10678,44.1,3757,16243,4299
29536,15690,7461,8229,36.8,3954,11736,2729
29540,4419,2411,2008,43.8,835,3584,783
29541,9836,4815,5021,41.7,2179,7657,1706
29543,498,254,244,62.9,61,437,242
29544,6987,3390,3597,37.8,1989,4998,940
29545,1648,647,1001,33.6,483,1165,326
29546,2615,1118,1497,46.1,558,2057,628
29547,2368,1189,1179,39.7,463,1905,211
29550,29776,14403,15373,40.1,7163,22613,5163
29554,8930,4003,4927,41.3,1863,7067,1927
29555,6043,3020,3023,32.7,2199,3844,867
29556,11467,5466,6001,42.1,2474,8993,2405
29560,12073,5732,6341,43.5,2174,9899,2250
29563,1985,803,1182,55.2,294,1691,629
29564,1238,593,645,54.2,231,1007,356
29565,6790,3299,3491,34.4,1889,4901,745
29566,19722,9616,10106,60.4,2396,17326,7878
29567,547,280,267,45.6,94,453,158
29568,16331,7359,8972,49.4,3160,13171,4405
29569,16460,7584,8876,44.3,3491,12969,3718
29570,4056,2117,1939,38.5,1090,2966,740
29571,14147,6527,7620,41.7,3014,11133,2945
29572,11441,5780,5661,57.8,1256,10185,3814
29574,9842,4613,5229,39.1,2452,7390,2021
29575,19511,10181,9330,54.7,2378,17133,5847
29576,32817,15884,16933,62,3266,29551,13800
29577,34384,17226,17158,46.1,5816,28568,7618
29579,49113,23607,25506,40.8,9916,39197,9397
29580,1130,444,686,38.6,294,836,268
29581,4436,2343,2093,34.1,1280,3156,666
29582,19701,9896,9805,58.8,2268,17433,7121
29583,5074,2553,2521,40.8,1225,3849,1028
29584,2320,1118,1202,46.2,439,1881,432
29585,16268,7878,8390,61.2,2226,14042,6694
29588,52899,25930,26969,45.6,9950,42949,12077
29589,57,57,0,-,0,57,0
29590,3679,2084,1595,39.7,312,3367,320
29591,4565,2259,2306,43.7,946,3619,795
29592,661,305,356,53.3,98,563,116
29593,1990,835,1155,40.3,520,1470,407
29594,117,37,80,61.8,14,103,54
29596,1800,879,921,50.9,339,1461,517
29601,12993,7240,5753,41,1267,11726,2129
29605,39355,18559,20796,36,10738,28617,5620
29607,43466,19738,23728,34.4,8499,34967,6290
29609,29739,14497,15242,41.1,5770,23969,5495
29611,32925,15899,17026,34.7,8693,24232,3860
29613,2345,1012,1333,20.1,22,2323,0
29614,1965,863,1102,20.3,29,1936,13
29615,39164,18760,20404,39.7,7383,31781,7580
29617,26649,12884,13765,40.7,5275,21374,5672
29620,12268,5961,6307,45.4,2466,9802,2949
29621,44260,20628,23632,39.8,10042,34218,8407
29624,14746,7043,7703,38.9,3491,11255,2460
29625,27720,13579,14141,41.1,5524,22196,5354
29626,14062,7004,7058,42.3,3494,10568,2836
29627,16623,7858,8765,41.3,3708,12915,3400
29628,2456,1107,1349,47.8,457,1999,544
29630,15638,7492,8146,28.8,2764,12874,2182
29631,16313,9848,6465,23.9,1697,14616,2095
29634,5958,2873,3085,19.3,65,5893,0
29635,1312,589,723,53.7,314,998,401
29638,3815,1874,1941,45,865,2950,910
29639,1610,748,862,22.2,235,1375,184
29640,32397,16079,16318,40.8,6726,25671,5742
29642,33366,15992,17374,40.5,7385,25981,6912
29643,2915,1433,1482,46.4,614,2301,674
29644,21762,10466,11296,37.8,5461,16301,2774
29645,10644,5172,5472,44.1,2329,8315,1976
29646,28014,13072,14942,39.7,6887,21127,5123
29649,26696,12229,14467,37.4,5298,21398,4444
29650,38725,19284,19441,39.1,10021,28704,6351
29651,53804,26863,26941,40.5,12864,40940,9222
29653,3844,1753,2091,53.9,556,3288,1084
29654,9505,5029,4476,43.7,2177,7328,1887
29655,8033,3574,4459,45.3,1680,6353,1877
29657,16344,8416,7928,36.5,4435,11909,2496
29658,385,189,196,49.4,63,322,58
29659,146,71,75,48.5,33,113,9
29661,6243,3178,3065,53.3,977,5266,1676
29662,14583,7247,7336,43.5,2962,11621,2492
29664,1908,975,933,46.6,408,1500,469
29665,341,196,145,58,38,303,135
29666,6351,3247,3104,45.4,1600,4751,1570
29667,197,100,97,47.9,51,146,50
29669,13789,7003,6786,43.8,3158,10631,2446
29670,10422,4927,5495,42.5,2327,8095,1793
29671,19318,9315,10003,39.7,4328,14990,2913
29672,12217,6050,6167,51.5,2172,10045,3627
29673,30723,15736,14987,42.1,7240,23483,4731
29676,5960,3085,2875,62.6,464,5496,2617
29678,23359,11170,12189,38.5,4749,18610,4051
29680,33768,16180,17588,36.9,8118,25650,4683
29681,66168,33028,33140,38.3,17950,48218,9171
29682,4010,1847,2163,48.2,806,3204,778
29683,382,204,178,40.3,116,266,79
29684,5621,2964,2657,38.4,1246,4375,825
29685,2038,1175,863,54.1,327,1711,505
29686,863,449,414,48.2,124,739,223
29687,43398,21192,22206,38.8,10141,33257,7612
29689,4057,1886,2171,45.5,756,3301,870
29690,26362,12970,13392,36.9,6313,20049,4966
29691,12337,6177,6160,44.4,2796,9541,2568
29692,4792,2356,2436,35.4,1241,3551,867
29693,13420,6522,6898,46.7,2656,10764,3266
29696,5102,2681,2421,43.8,1266,3836,1054
29697,14253,6752,7501,40.5,2723,11530,2526
29702,9535,4528,5007,41.5,2636,6899,1489
29704,3512,1873,1639,41.9,769,2743,424
29706,19470,9591,9879,41.4,4196,15274,3688
29707,31826,14932,16894,46.9,6710,25116,8706
29708,42028,20613,21415,39.6,10873,31155,5666
29709,5803,2861,2942,42.6,1381,4422,1345
29710,38528,19263,19265,39.9,9738,28790,6118
29712,1797,823,974,45.8,338,1459,295
29714,3527,1788,1739,39.3,1164,2363,568
29715,41581,20531,21050,38.1,11942,29639,4649
29717,1564,792,772,44.9,269,1295,348
29718,3926,1832,2094,42,831,3095,820
29720,52308,25162,27146,40.9,10983,41325,9818
29724,18,0,18,-,0,18,0
29726,2099,1004,1095,44.1,396,1703,296
29727,1846,1045,801,46.5,427,1419,254
29728,9790,4972,4818,38.1,2316,7474,1357
29729,2204,1157,1047,39.3,392,1812,347
29730,56727,26820,29907,36.4,12665,44062,7906
29732,57182,27613,29569,40.3,12535,44647,10067
29733,1726,431,1295,19.5,21,1705,0
29741,1824,804,1020,49.9,253,1571,415
29742,2378,1079,1299,57.6,336,2042,917
29743,1913,943,970,30.6,336,1577,130
29745,34352,17013,17339,42.5,7611,26741,5189
29801,30148,13489,16659,39.7,6252,23896,6098
29803,38849,18862,19987,48.4,7162,31687,10835
29805,5113,2604,2509,47.6,960,4153,758
29809,2326,1163,1163,40.2,390,1936,444
29810,3651,1810,1841,46.5,961,2690,771
29812,10773,5341,5432,39.7,2761,8012,2007
29816,973,575,398,36.2,288,685,63
29817,4392,2170,2222,40.8,914,3478,842
29819,1328,723,605,45.3,210,1118,271
29821,1019,422,597,45.5,224,795,195
29824,7637,4777,2860,42,977,6660,1436
29826,219,159,60,56.2,7,212,89
29827,3812,2349,1463,42.5,407,3405,768
29828,672,321,351,45.4,77,595,121
29829,11396,5728,5668,34.2,3424,7972,1745
29831,4435,2223,2212,41.4,958,3477,861
29832,5514,2790,2724,43,1010,4504,1095
29834,827,460,367,25.3,307,520,22
29835,6149,3001,3148,61.9,686,5463,2615
29836,276,130,146,63.5,20,256,91
29838,714,436,278,51.3,130,584,158
29840,379,221,158,61.4,15,364,177
29841,32505,16075,16430,41.6,6771,25734,5664
29842,7896,3968,3928,37,1611,6285,1385
29843,1174,685,489,41.7,302,872,227
29844,112,57,55,65,5,107,56
29845,1155,539,616,55,120,1035,390
29847,5060,2936,2124,36.3,938,4122,706
29848,839,443,396,55.2,168,671,247
29849,334,150,184,23.9,72,262,16
29851,8773,4523,4250,34.8,2502,6271,1151
29853,6205,3050,3155,41.2,1395,4810,1083
29856,3064,1552,1512,37.8,634,2430,424
29860,17149,8152,8997,44,3438,13711,3282
29899,860,860,0,45.5,0,860,81
29902,16999,8588,8411,33.3,3234,13765,2670
29904,1164,1120,44,21.6,15,1149,0
29905,1082,916,166,20.9,20,1062,0
29906,25772,12397,13375,28.8,6977,18795,3153
29907,14580,7150,7430,41.4,3049,11531,2926
29909,23490,10834,12656,69.7,1668,21822,14531
29910,47927,23571,24356,41.6,10855,37072,9465
29911,1475,719,756,46.7,254,1221,363
29912,0,0,0,-,0,0,0
29915,569,398,171,57.6,49,520,160
29916,1799,949,850,38.2,390,1409,230
29918,4776,2913,1863,39.5,996,3780,899
29920,10482,5426,5056,54.4,1816,8666,3251
29921,510,261,249,30.5,83,427,59
29922,1092,646,446,39,294,798,271
29923,201,105,96,47.5,12,189,43
29924,4609,2310,2299,41,816,3793,907
29926,25384,12846,12538,57.4,3513,21871,9165
29927,10297,5395,4902,39.3,2314,7983,1681
29928,14680,7075,7605,64,934,13746,7072
29929,982,446,536,42.6,241,741,148
29932,283,166,117,26.4,87,196,26
29934,457,236,221,42.7,141,316,63
29935,4594,2487,2107,36.5,773,3821,652
29936,13123,6281,6842,38.3,2519,10604,2080
29939,106,49,57,51.9,8,98,35
29940,3958,1972,1986,52.2,571,3387,1085
29941,150,78,72,71.4,0,150,134
29943,515,314,201,43,97,418,97
29944,4393,2364,2029,38.7,1167,3226,723
29945,4165,1917,2248,48.1,722,3443,527
30002,5856,2778,3078,40.7,1049,4807,1072
30004,66406,33179,33227,39,18147,48259,6377
30005,40260,20783,19477,39.4,10707,29553,3232
30008,34331,16766,17565,35.1,8286,26045,3755
30009,21281,11086,10195,41.8,4822,16459,3398
30011,20978,10142,10836,32.9,5888,15090,1866
30012,33445,15489,17956,36.5,8330,25115,4412
30013,25812,12542,13270,39.4,5911,19901,3522
30014,40892,19517,21375,37,9862,31030,5958
30016,59179,28249,30930,35.1,15725,43454,6317
30017,24463,11413,13050,40.3,6388,18075,2889
30018,104,41,63,30.4,32,72,16
30019,46553,24241,22312,39.8,12623,33930,4897
30021,26684,13764,12920,25.7,10384,16300,1079
30022,65985,32611,33374,42.4,16684,49301,7630
30024,85442,42813,42629,39.6,22852,62590,7935
30025,11237,5633,5604,42.6,2657,8580,2416
30028,34549,18262,16287,37.5,10337,24212,3375
30030,31984,15243,16741,38.9,8769,23215,4352
30032,44682,20285,24397,37.9,8560,36122,6882
30033,30971,14698,16273,39.1,4983,25988,5108
30034,42607,20156,22451,44.6,8169,34438,8421
30035,23119,10786,12333,36,5733,17386,2947
30038,41633,20034,21599,37.4,9740,31893,5153
30039,50725,23922,26803,39.2,12047,38678,5807
30040,77848,38120,39728,38.9,19872,57976,10579
30041,73865,36708,37157,39.8,20181,53684,9586
30043,88050,43377,44673,35.9,21596,66454,9874
30044,100056,50189,49867,32.3,29510,70546,8416
30045,46943,24234,22709,33.7,12907,34036,3484
30046,39968,18143,21825,33.2,10558,29410,4516
30047,67675,34667,33008,38.6,18077,49598,9823
30052,74564,35960,38604,36,19302,55262,8723
30054,12234,5618,6616,40.9,2790,9444,2346
30055,3551,1921,1630,42.6,730,2821,607
30056,2354,1293,1061,43.9,567,1787,374
30058,63647,27979,35668,34.1,15870,47777,6948
30060,39125,19527,19598,31.2,9973,29152,4712
30062,62958,31362,31596,41,15560,47398,9921
30064,50997,25006,25991,40.6,12611,38386,8821
30066,60795,29597,31198,39.3,13454,47341,8413
30067,46595,23313,23282,33.4,10397,36198,5361
30068,33866,17255,16611,44.1,8278,25588,6765
30070,37,7,30,56.2,8,29,7
30071,25757,12665,13092,31.8,7852,17905,2172
30072,779,306,473,42.4,148,631,104
30075,57032,27958,29074,43.4,13350,43682,9205
30076,46089,22514,23575,37.8,12171,33918,6516
30078,41998,20741,21257,37.6,10480,31518,5282
30079,4592,2227,2365,32.1,1624,2968,637
30080,53116,25232,27884,35.1,10739,42377,5161
30082,26080,13200,12880,37.3,5800,20280,3714
30083,60937,28979,31958,33.5,15597,45340,5633
30084,39256,19312,19944,41.8,7774,31482,6881
30087,38858,18968,19890,44.3,7226,31632,7698
30088,30286,13905,16381,37.1,7025,23261,4179
30090,0,0,0,-,0,0,0
30092,36674,17649,19025,35.3,8399,28275,4881
30093,49072,25766,23306,30.9,12646,36426,3374
30094,33743,16155,17588,40.1,8064,25679,5826
30096,69456,32788,36668,36.5,15757,53699,8380
30097,45887,21426,24461,43.3,10777,35110,5830
30101,62284,30774,31510,38,17175,45109,7613
30102,43870,21606,22264,35.1,10100,33770,5280
30103,14654,7193,7461,40.9,3384,11270,2505
30104,5310,2595,2715,37.1,1458,3852,605
30105,2364,1226,1138,48.5,376,1988,589
30106,23977,10002,13975,36,5269,18708,3527
30107,17294,9206,8088,40.3,4121,13173,2380
30108,7020,3675,3345,43.6,1462,5558,1384
30110,13824,6765,7059,38.6,3269,10555,2009
30111,0,0,0,-,0,0,0
30113,5969,2840,3129,37.8,1343,4626,799
30114,58021,29627,28394,38.7,14773,43248,9512
30115,52512,26616,25896,40.1,12917,39595,7060
30116,23204,11459,11745,35.5,5589,17615,3386
30117,37101,17602,19499,34,7808,29293,5258
30118,1093,436,657,19.7,4,1089,0
30120,42091,20987,21104,37.3,10611,31480,5576
30121,25593,13260,12333,36.1,5415,20178,3582
30122,26216,12500,13716,34.2,6680,19536,2509
30124,2700,1530,1170,47.1,501,2199,555
30125,23615,11789,11826,37.1,5676,17939,3736
30126,42865,20765,22100,37.6,10486,32379,4550
30127,71642,34641,37001,40.9,16116,55526,9537
30132,48887,23818,25069,36.6,11694,37193,5357
30134,45121,22305,22816,35.7,11648,33473,4951
30135,67299,32410,34889,37.6,17580,49719,8289
30137,1958,989,969,36.5,469,1489,254
30139,4777,2345,2432,40.2,1171,3606,794
30141,25416,12443,12973,37.7,6548,18868,3044
30143,24960,12280,12680,49.2,4296,20664,6489
30144,58836,28110,30726,32.8,12324,46512,6308
30145,9166,4648,4518,41.4,2055,7111,1270
30147,4730,2401,2329,34.4,1066,3664,708
30148,1120,618,502,56.4,217,903,343
30149,1821,531,1290,19.6,67,1754,21
30152,43865,20878,22987,41.5,10273,33592,5730
30153,17470,8622,8848,39.8,4496,12974,2879
30157,50946,24554,26392,35.3,13579,37367,5940
30161,34314,16824,17490,40.2,7307,27007,6505
30165,42146,20548,21598,36.7,10854,31292,6513
30168,24599,11887,12712,33.8,5986,18613,2058
30170,3222,1510,1712,37.3,921,2301,495
30171,2602,1207,1395,41.2,619,1983,534
30173,6590,3058,3532,34.7,1601,4989,773
30175,5828,2982,2846,43,1078,4750,809
30176,7543,3706,3837,39.7,2029,5514,1380
30177,1187,758,429,56.5,270,917,373
30178,3607,1589,2018,49.7,599,3008,951
30179,17351,8655,8696,38.6,3973,13378,2372
30180,42481,20706,21775,35.5,12081,30400,5002
30182,3637,1650,1987,47.6,723,2914,789
30183,6512,2797,3715,50.2,695,5817,1528
30184,6952,3498,3454,39.5,1746,5206,1096
30185,4200,2048,2152,40,677,3523,760
30187,7767,3833,3934,45.8,1583,6184,1130
30188,64757,30823,33934,39.9,14715,50042,10886
30189,40946,19723,21223,40.2,9071,31875,5175
30204,13329,6476,6853,36,2465,10864,2577
30205,3284,1804,1480,47.4,704,2580,652
30206,3250,1603,1647,44.3,739,2511,482
30213,47395,21426,25969,33.6,13271,34124,3350
30214,31483,14450,17033,42,6185,25298,6292
30215,38949,19551,19398,41.5,9318,29631,6857
30216,2082,1253,829,50.3,246,1836,600
30217,9057,4381,4676,41.6,2102,6955,1604
30218,1653,665,988,43.3,356,1297,337
30220,4839,2331,2508,36.6,954,3885,653
30222,4982,2450,2532,39.8,1028,3954,778
30223,36907,17398,19509,41.7,8524,28383,7584
30224,29279,14286,14993,36.1,7041,22238,4359
30228,51378,23207,28171,35.4,14103,37275,5774
30229,44,21,23,68.1,0,44,23
30230,9746,4625,5121,39.7,2109,7637,1533
30233,25810,13841,11969,36.9,5844,19966,3846
30234,1935,823,1112,54.3,376,1559,394
30236,52530,25440,27090,32.5,12999,39531,5962
30238,42396,19648,22748,32.6,12780,29616,3329
30240,30332,14184,16148,39,7424,22908,5375
30241,25274,12605,12669,34.6,6304,18970,3070
30248,31940,15171,16769,36.1,8595,23345,3359
30250,515,465,50,35.6,0,515,0
30251,2137,1014,1123,52,270,1867,644
30252,48271,24047,24224,37.5,13157,35114,5330
30253,60539,28347,32192,33.7,15767,44772,6628
30256,2612,1292,1320,45.2,657,1955,546
30257,3904,1903,2001,38.9,1111,2793,676
30258,2899,1407,1492,47.9,498,2401,564
30259,3994,2020,1974,35.3,1037,2957,480
30260,28576,13129,15447,30.7,8962,19614,2739
30263,59462,29156,30306,38.4,13552,45910,8871
30265,37872,17762,20110,39.4,9210,28662,5651
30268,10616,5037,5579,38.9,2941,7675,1423
30269,39341,18916,20425,43.9,9451,29890,7658
30272,0,0,0,-,0,0,0
30273,17089,8509,8580,36.8,4527,12562,1766
30274,34479,16087,18392,34.1,9521,24958,3590
30275,427,305,122,21.6,103,324,0
30276,18421,9139,9282,39.1,4708,13713,2278
30277,22111,11144,10967,43.8,4961,17150,3349
30281,70433,33654,36779,38.4,16211,54222,9401
30284,6,4,2,-,0,6,4
30285,920,467,453,39,228,692,100
30286,24156,11605,12551,40.2,5628,18528,4279
30288,7738,3780,3958,42.6,1490,6248,1289
30289,46,22,24,62.2,0,46,9
30290,9128,4641,4487,43.4,2062,7066,1636
30291,25024,11779,13245,33.3,6635,18389,3030
30292,6015,2834,3181,38.5,1488,4527,1005
30293,1906,941,965,50.5,309,1597,511
30294,42594,19559,23035,39.2,10147,32447,5491
30295,4972,2544,2428,35.3,1113,3859,603
30296,26960,12861,14099,35.9,7189,19771,3404
30297,28836,13900,14936,30.5,8296,20540,3282
30303,5974,3442,2532,22,65,5909,212
30305,26565,12904,13661,38.2,4319,22246,4906
30306,24493,11725,12768,38.3,4293,20200,3257
30307,21266,9930,11336,36.3,3867,17399,2065
30308,23377,12993,10384,31.4,1719,21658,1543
30309,29600,16155,13445,32.5,2064,27536,2781
30310,25847,12048,13799,36,4596,21251,3601
30311,32935,15238,17697,41.2,6886,26049,6351
30312,26263,12557,13706,32.1,4853,21410,2747
30313,12119,6969,5150,21.8,1233,10886,407
30314,22835,11796,11039,29.8,4235,18600,2737
30315,34941,16546,18395,35,8739,26202,4347
30316,33773,17382,16391,36.5,5261,28512,4201
30317,15110,6974,8136,35.9,3086,12024,1390
30318,59559,30023,29536,30.6,10072,49487,5439
30319,45025,21125,23900,36.7,8665,36360,6365
30322,2387,1122,1265,20,45,2342,0
30324,29299,15350,13949,34.7,3573,25726,2642
30326,8379,4134,4245,34,741,7638,977
30327,22585,11001,11584,46.5,4816,17769,4656
30328,39026,18768,20258,38.9,7652,31374,6509
30329,25986,12308,13678,30.4,5546,20440,2741
30331,64295,29285,35010,37.7,16318,47977,9666
30332,2743,1506,1237,20.1,24,2719,0
30334,0,0,0,-,0,0,0
30336,354,235,119,39.1,0,354,24
30337,11570,5499,6071,33.8,2781,8789,1175
30338,39098,18951,20147,38.2,9617,29481,6144
30339,34292,17906,16386,33.5,3882,30410,3222
30340,30945,15330,15615,34,8253,22692,2933
30341,32582,15784,16798,33.1,7930,24652,3518
30342,33154,15179,17975,33.3,7196,25958,3434
30344,35302,16975,18327,34.7,8441,26861,3896
30345,24437,12840,11597,38.2,5062,19375,3398
30346,4574,2692,1882,33.9,296,4278,520
30349,78431,34622,43809,33.7,19024,59407,7646
30350,36651,17871,18780,37.6,6298,30353,4361
30354,15002,7789,7213,35.1,3777,11225,2072
30360,15644,7430,8214,34.5,4534,11110,1679
30363,3277,1540,1737,33.2,200,3077,57
30401,14060,6720,7340,34.8,3813,10247,2102
30410,1556,670,886,49.3,323,1233,460
30411,4845,3440,1405,37,736,4109,681
30412,123,60,63,65.8,0,123,67
30413,1288,696,592,55.1,194,1094,499
30414,60,13,47,49.1,0,60,2
30415,5593,2608,2985,44.2,1363,4230,1232
30417,11303,5671,5632,36.9,2909,8394,1929
30420,1755,921,834,43.1,402,1353,507
30421,2827,1278,1549,40.5,639,2188,412
30423,23,11,12,71.3,1,22,13
30425,1811,904,907,36.2,587,1224,306
30426,938,512,426,44.3,241,697,163
30427,11183,6451,4732,39.1,2176,9007,1871
30428,2727,1631,1096,29.7,496,2231,455
30429,149,53,96,21,34,115,8
30434,5265,2941,2324,40,1218,4047,808
30436,11233,5470,5763,38.6,3062,8171,2089
30439,10486,5163,5323,41.4,2573,7913,1878
30441,1920,1094,826,38.3,490,1430,347
30442,8348,4192,4156,43.7,1419,6929,1819
30445,3582,2117,1465,32.6,736,2846,546
30446,1859,1106,753,39.6,498,1361,262
30448,11,9,2,53.2,4,7,1
30449,29,20,9,32.3,14,15,3
30450,2284,1072,1212,43.7,472,1812,381
30451,22,15,7,20.8,0,22,7
30452,1607,719,888,43,408,1199,292
30453,9828,6294,3534,35.8,2063,7765,1020
30454,414,249,165,58.8,162,252,200
30455,571,276,295,55.5,67,504,161
30456,1990,1005,985,45.5,406,1584,416
30457,5224,2682,2542,45.3,1200,4024,1112
30458,47707,23060,24647,23.7,8643,39064,4044
30460,0,0,0,-,0,0,0
30461,16803,8488,8315,38.7,3689,13114,2650
30464,241,96,145,19.6,112,129,22
30467,11801,5497,6304,42,2346,9455,2369
30470,1216,693,523,36.9,309,907,241
30471,4228,2303,1925,42.8,756,3472,698
30473,2698,1273,1425,42.4,560,2138,306
30474,16976,7946,9030,35.8,4292,12684,2730
30477,2836,1191,1645,41.1,726,2110,517
30501,31619,14865,16754,33.4,7227,24392,4336
30504,28340,15020,13320,32.6,7711,20629,4075
30506,43683,22172,21511,45.4,8798,34885,9481
30507,31356,15512,15844,34.6,8908,22448,3282
30510,8822,3819,5003,36.4,2160,6662,1314
30511,3230,1691,1539,41.3,734,2496,488
30512,23538,11713,11825,55,3599,19939,7722
30513,11873,5639,6234,55.3,1671,10202,4129
30516,2017,1067,950,42.3,596,1421,243
30517,17704,8555,9149,36.4,4814,12890,2288
30518,56151,27564,28587,35.9,16968,39183,5625
30519,56661,26715,29946,37.8,14345,42316,7297
30520,4822,2672,2150,30.8,1578,3244,719
30521,5456,2895,2561,37.7,1303,4153,774
30522,592,305,287,65.6,51,541,306
30523,12936,6206,6730,49.6,2173,10763,3299
30525,7398,3717,3681,50.7,1130,6268,2098
30527,3976,1922,2054,43.2,947,3029,676
30528,24108,11885,12223,43.1,4998,19110,4905
30529,12429,5905,6524,36.3,3135,9294,1860
30530,7556,3403,4153,38.8,1586,5970,1192
30531,11199,5608,5591,37.1,2707,8492,2362
30533,26993,13107,13886,37,4534,22459,5166
30534,31721,16138,15583,41.8,6845,24876,5441
30535,8707,4051,4656,34.4,1829,6878,1454
30536,9717,4705,5012,45.2,2220,7497,1989
30537,1237,493,744,63.3,77,1160,597
30538,3568,1735,1833,47.8,555,3013,908
30539,141,69,72,53.5,30,111,36
30540,19846,10017,9829,50.3,3555,16291,5381
30541,1483,741,742,62.6,276,1207,638
30542,37885,19455,18430,40.8,8498,29387,5012
30543,5561,2785,2776,34,1873,3688,593
30545,948,457,491,57,134,814,354
30546,7904,3738,4166,60.9,924,6980,3167
30547,3187,1516,1671,36.3,783,2404,388
30548,22606,10773,11833,42.8,5362,17244,4731
30549,30371,15740,14631,38.2,7858,22513,4349
30552,1597,808,789,50.2,231,1366,478
30553,8245,4286,3959,44.4,1791,6454,1921
30554,8709,4216,4493,41.4,1645,7064,1386
30555,2353,1115,1238,45.5,351,2002,460
30557,5107,2306,2801,43.5,923,4184,996
30558,5139,2565,2574,48.2,1038,4101,1032
30559,5407,2781,2626,47.3,1053,4354,1211
30560,4190,2129,2061,55.9,619,3571,1241
30562,722,313,409,36.5,140,582,158
30563,6257,3127,3130,37.3,1580,4677,1029
30564,5117,2620,2497,42.8,1137,3980,1140
30565,4796,2639,2157,43,935,3861,785
30566,8643,4013,4630,32.6,2163,6480,956
30567,4644,2494,2150,33.3,1547,3097,487
30568,2272,1183,1089,44.2,544,1728,436
30571,3344,1640,1704,57.8,337,3007,1202
30572,958,477,481,62.2,107,851,391
30573,114,7,107,65.7,0,114,59
30575,1803,781,1022,34.7,699,1104,203
30576,3203,1585,1618,46,491,2712,801
30577,22058,10333,11725,41.3,4986,17072,4705
30581,114,40,74,75.1,11,103,63
30582,5116,2468,2648,48.4,712,4404,1494
30597,1164,558,606,19.6,10,1154,0
30598,70,39,31,19.6,0,70,0
30601,23524,11841,11683,27.3,3521,20003,2080
30602,1433,537,896,19.1,0,1433,0
30605,42360,19783,22577,26.8,6555,35805,4168
30606,47603,23433,24170,33.9,8689,38914,7296
30607,10368,4815,5553,36.7,2578,7790,1434
30609,3529,1425,2104,19.2,0,3529,0
30619,1547,896,651,42,327,1220,307
30620,15375,7824,7551,34,4905,10470,1340
30621,5959,2926,3033,41.6,1419,4540,960
30622,11586,5150,6436,38.7,3515,8071,1257
30623,126,66,60,46.3,23,103,16
30624,3731,1983,1748,39.9,771,2960,677
30625,2362,1226,1136,54.6,287,2075,652
30627,2794,1324,1470,36.9,522,2272,304
30628,6558,3257,3301,37.8,1575,4983,1228
30629,4990,2518,2472,43.6,1199,3791,985
30630,2247,993,1254,39.7,569,1678,425
30631,1706,776,930,47.4,247,1459,434
30633,8167,3981,4186,40.4,1682,6485,1160
30634,2034,1019,1015,40.5,522,1512,348
30635,15097,7086,8011,43.5,3271,11826,3359
30639,37,15,22,31.5,13,24,0
30641,1608,778,830,50.2,336,1272,506
30642,14458,6968,7490,53.6,2284,12174,4566
30643,16189,7559,8630,48.4,2836,13353,3969
30646,8173,3800,4373,41.9,2206,5967,1584
30648,3131,1665,1466,43.3,769,2362,638
30650,13525,6487,7038,40.5,3284,10241,2633
30655,28081,13085,14996,35.4,8189,19892,4386
30656,17812,9038,8774,41.6,3634,14178,2568
30660,1117,630,487,33,325,792,130
30662,8325,4309,4016,41.8,1534,6791,1337
30663,3200,1755,1445,45,695,2505,612
30664,6,5,1,-,0,6,1
30665,187,73,114,48.3,37,150,60
30666,10133,4974,5159,36.4,2489,7644,1684
30667,780,362,418,56.3,135,645,250
30668,2543,1460,1083,40.4,735,1808,532
30669,3076,1602,1474,39.7,768,2308,674
30673,6089,2978,3111,52.4,872,5217,1652
30677,20833,10718,10115,41.1,5337,15496,3598
30678,1260,621,639,46,334,926,304
30680,46599,23229,23370,37.4,11302,35297,6024
30683,8152,3840,4312,43.1,1710,6442,1503
30701,42396,21476,20920,36.8,10064,32332,5451
30705,33581,16607,16974,38.8,8228,25353,4954
30707,17228,8348,8880,40,3906,13322,3054
30708,342,191,151,49.1,92,250,55
30710,7265,3702,3563,40.7,1792,5473,1128
30711,3571,1856,1715,35.3,931,2640,504
30720,26530,12714,13816,37.5,6021,20509,4093
30721,53067,27362,25705,35.3,14302,38765,6882
30724,49,33,16,32.6,0,49,5
30725,4952,2661,2291,41.7,1104,3848,1116
30726,0,0,0,-,0,0,0
30728,18735,9180,9555,40.7,4243,14492,3656
30730,1800,942,858,45.3,389,1411,360
30731,2421,1233,1188,41.6,650,1771,574
30733,2375,1112,1263,45.6,481,1894,436
30734,2971,1441,1530,43.7,670,2301,658
30735,6645,3233,3412,41.2,1682,4963,1220
30736,43636,22047,21589,41.5,10214,33422,7358
30738,3423,1528,1895,44.6,762,2661,773
30739,7531,3890,3641,39.9,1810,5721,1122
30740,7951,3794,4157,42.9,1623,6328,1418
30741,28380,13446,14934,44.6,5172,23208,5800
30742,7675,3409,4266,40.8,1511,6164,1942
30746,1320,584,736,54.8,285,1035,344
30747,14578,7018,7560,43.5,3196,11382,2811
30750,4515,2160,2355,28.4,770,3745,520
30751,101,74,27,8.4,66,35,0
30752,9071,4610,4461,44.6,1906,7165,1684
30753,8343,4953,3390,36.2,1814,6529,1066
30755,11199,5720,5479,32.9,3084,8115,1428
30756,22,2,20,46.5,4,18,7
30757,1716,877,839,56.7,226,1490,677
30802,6652,3666,2986,47.3,1626,5026,1674
30803,1030,517,513,38.8,283,747,153
30805,2856,1305,1551,36.5,841,2015,286
30807,243,113,130,38.6,68,175,18
30808,4072,2104,1968,36.3,1098,2974,774
30809,52186,26607,25579,40.4,13043,39143,8441
30810,2077,876,1201,43.4,437,1640,333
30812,362,233,129,79,0,362,286
30813,48866,23535,25331,32.9,13706,35160,4443
30814,10237,4866,5371,36.3,2258,7979,1461
30815,42958,20632,22326,36,10528,32430,5839
30816,1978,934,1044,54.3,108,1870,468
30817,7670,3744,3926,46.6,1539,6131,1849
30818,469,255,214,30.9,39,430,49
30820,845,489,356,47.2,139,706,197
30821,1014,397,617,54.6,237,777,209
30822,0,0,0,-,0,0,0
30823,1539,750,789,41.5,300,1239,269
30824,17446,8271,9175,38.9,4224,13222,3120
30828,3700,1732,1968,43.1,741,2959,899
30830,14388,6956,7432,35.2,4040,10348,2087
30833,3783,1608,2175,39.4,986,2797,649
30901,16320,7896,8424,37.9,3414,12906,3607
30904,25377,12822,12555,35.1,5226,20151,3831
30905,7853,5293,2560,22.2,1602,6251,79
30906,62166,28463,33703,34.1,16431,45735,8110
30907,47624,23130,24494,39.8,9605,38019,8341
30909,43729,20322,23407,36.2,9275,34454,7224
30912,0,0,0,-,0,0,0
31001,4299,3041,1258,39.7,732,3567,644
31002,2872,1658,1214,42.9,510,2362,575
31003,113,43,70,71.2,16,97,62
31004,0,0,0,-,0,0,0
31005,21558,11192,10366,34.7,6101,15457,1884
31006,4434,2110,2324,43.7,954,3480,1002
31007,869,378,491,51.8,166,703,258
31008,21083,10552,10531,42.1,5192,15891,3103
31009,1504,748,756,33.7,395,1109,214
31011,655,344,311,41.3,165,490,183
31012,2210,1740,470,41,194,2016,221
31014,13086,6183,6903,36.7,2507,10579,2121
31015,19049,9461,9588,39.9,4610,14439,3689
31016,2026,962,1064,51,380,1646,515
31017,1489,848,641,59.9,228,1261,575
31018,2817,2002,815,39.2,342,2475,470
31019,2935,1289,1646,39.3,766,2169,344
31020,1680,909,771,49.5,259,1421,345
31021,27169,12641,14528,41.3,6106,21063,4897
31022,1897,970,927,38.8,564,1333,369
31023,14404,7011,7393,41.4,3083,11321,2876
31024,21165,10283,10882,47.8,4296,16869,5138
31025,1281,693,588,43.7,285,996,154
31027,11115,5436,5679,35.6,3060,8055,1638
31028,6496,3235,3261,37.4,1817,4679,1151
31029,17227,8685,8542,41.5,3740,13487,2918
31030,17936,8923,9013,34.9,3596,14340,2739
31031,6749,3464,3285,34.1,1734,5015,1028
31032,14626,7380,7246,39.8,3350,11276,2687
31033,2491,1181,1310,47.9,557,1934,511
31034,100,87,13,18.9,36,64,0
31035,1070,593,477,46.8,174,896,126
31036,10601,4557,6044,44.2,2035,8566,2598
31037,3531,2308,1223,40.2,350,3181,509
31038,851,394,457,66.3,66,785,448
31039,0,0,0,-,0,0,0
31041,841,309,532,38.5,303,538,150
31042,1391,594,797,47.2,268,1123,342
31044,2674,1247,1427,47.2,510,2164,591
31045,34,23,11,-,0,34,11
31046,3750,1878,1872,38.3,795,2955,505
31047,18342,9353,8989,38,4883,13459,1816
31049,1640,924,716,44.3,297,1343,349
31050,1003,563,440,60.4,58,945,32
31051,115,30,85,20.8,36,79,17
31052,8961,4406,4555,44.7,1888,7073,2122
31054,1307,597,710,37.9,298,1009,157
31055,6535,3976,2559,37.5,2115,4420,906
31057,1529,722,807,53.7,215,1314,513
31058,1834,700,1134,40.1,484,1350,271
31060,1722,933,789,45.4,363,1359,513
31061,41462,20889,20573,36.2,7762,33700,6799
31062,45,36,9,20.4,0,45,0
31063,4484,2255,2229,40.2,987,3497,746
31064,9662,4529,5133,41,2407,7255,1578
31065,1357,627,730,49.2,308,1049,299
31066,1224,719,505,50.3,113,1111,268
31067,275,139,136,61.1,23,252,112
31068,4754,3003,1751,36.9,756,3998,654
31069,22168,10360,11808,39.3,4819,17349,3871
31070,868,466,402,48.4,107,761,229
31071,1221,591,630,44.8,199,1022,253
31072,1204,611,593,44.1,238,966,322
31075,2723,1387,1336,44,623,2100,847
31076,2735,1446,1289,42.9,450,2285,548
31077,947,581,366,42.3,93,854,267
31078,2994,1355,1639,46.1,635,2359,804
31079,2719,1416,1303,45.3,503,2216,581
31081,39,20,19,75.2,0,39,30
31082,10333,4767,5566,40.2,2600,7733,1855
31083,264,173,91,32.5,121,143,36
31084,0,0,0,-,0,0,0
31085,1267,632,635,50.6,168,1099,326
31087,8744,4608,4136,47.8,1136,7608,2116
31088,58298,27763,30535,34,15015,43283,6959
31089,4020,1961,2059,40.3,847,3173,644
31090,1201,598,603,58.1,146,1055,287
31091,4414,2885,1529,44.9,344,4070,676
31092,4977,2594,2383,41.4,1123,3854,1228
31093,25566,12186,13380,37,6068,19498,4721
31094,961,452,509,39.8,257,704,247
31096,7382,4620,2762,40.9,1489,5893,1327
31097,1272,675,597,53.3,179,1093,355
31098,3261,1790,1471,26.5,939,2322,89
31201,7492,4071,3421,32.8,1139,6353,952
31204,32285,15340,16945,34.8,7801,24484,4861
31206,25919,11942,13977,32.3,8268,17651,3157
31207,1645,740,905,20.2,0,1645,0
31210,33333,15142,18191,37.3,7956,25377,5797
31211,14530,6860,7670,40.6,3184,11346,2595
31213,0,0,0,-,0,0,0
31216,17190,8682,8508,43.3,3379,13811,3244
31217,16937,7690,9247,40.7,4139,12798,3334
31220,16335,7583,8752,41,3807,12528,3162
31301,4196,2140,2056,35.1,1117,3079,262
31302,8420,4572,3848,48.1,1459,6961,1940
31303,2009,1073,936,59.7,268,1741,748
31305,5085,2430,2655,53.1,751,4334,1564
31307,1566,575,991,32.3,373,1193,67
31308,8550,4384,4166,39.9,1948,6602,1171
31309,640,332,308,51.3,61,579,203
31312,24235,11469,12766,34.9,7476,16759,2199
31313,42281,21787,20494,29.4,11642,30639,3907
31314,1855,1483,372,21.9,0,1855,0
31315,7835,3850,3985,21.4,3540,4295,9
31316,12726,6205,6521,34.7,3771,8955,1121
31318,451,169,282,32.4,174,277,113
31320,9775,4970,4805,36,1958,7817,1558
31321,7669,3780,3889,37,1605,6064,1272
31322,27465,13952,13513,39.5,5870,21595,3678
31323,1478,732,746,48.7,265,1213,444
31324,34004,16934,17070,34.4,10774,23230,3054
31326,23050,11945,11105,35.7,5991,17059,2334
31327,26,26,0,-,0,26,0
31328,3369,1584,1785,61,399,2970,1389
31329,9295,4477,4818,34.7,2267,7028,1033
31331,5974,3020,2954,51.7,918,5056,1638
31333,154,65,89,56.9,0,154,22
31401,20421,9272,11149,28,3031,17390,2944
31404,32516,14820,17696,35.6,6501,26015,5332
31405,37751,18902,18849,37,8154,29597,6253
31406,34090,15080,19010,37,6809,27281,5633
31407,21314,10465,10849,32.2,5625,15689,1624
31408,11465,6893,4572,35.8,2474,8991,910
31409,630,577,53,21.5,0,630,0
31410,23676,10880,12796,42.9,5253,18423,4684
31411,9387,4485,4902,66.3,1109,8278,4837
31415,12126,5568,6558,33.3,3247,8879,1654
31419,58073,28133,29940,35.7,12346,45727,8366
31421,22,11,11,-,0,22,22
31501,13703,6182,7521,38.2,3475,10228,2674
31503,22394,11674,10720,38.2,5197,17197,3287
31510,9113,4756,4357,38.8,2215,6898,1464
31512,2212,1276,936,37.3,431,1781,428
31513,15910,7872,8038,39.5,3863,12047,2727
31516,15495,7588,7907,40,3767,11728,2648
31518,810,379,431,40.7,147,663,129
31519,3460,1771,1689,41.3,752,2708,690
31520,22264,10342,11922,37.8,5303,16961,3939
31522,17453,8151,9302,58.4,2252,15201,6814
31523,14193,7489,6704,44.3,3300,10893,2518
31524,0,0,0,-,0,0,0
31525,29500,13092,16408,36.7,6926,22574,4568
31527,946,296,650,59.7,0,946,393
31532,595,242,353,47.5,145,450,130
31533,17049,8210,8839,33.3,4594,12455,2423
31535,12332,6237,6095,36,3365,8967,1509
31537,10155,5919,4236,39.4,1619,8536,1787
31539,14291,7208,7083,39.6,3741,10550,2085
31542,2906,1516,1390,28.8,1026,1880,331
31543,4483,2131,2352,43.4,1000,3483,1016
31544,423,220,203,46.8,61,362,113
31545,15125,6941,8184,38,3975,11150,2948
31546,8629,4594,4035,40.3,1767,6862,1203
31547,1524,1522,2,21.3,0,1524,0
31548,23541,12058,11483,34.3,5961,17580,2746
31549,1643,712,931,46.8,314,1329,381
31550,816,517,299,54.1,105,711,235
31551,982,416,566,44.1,186,796,278
31552,991,600,391,45.3,273,718,178
31553,4726,2381,2345,39.3,1143,3583,835
31554,7698,4345,3353,34.3,1847,5851,933
31555,3292,1841,1451,45.3,462,2830,465
31556,70,28,42,35.4,23,47,13
31557,3698,2153,1545,41.3,1001,2697,586
31558,22179,11136,11043,32.9,5562,16617,3390
31560,2653,1398,1255,34.7,837,1816,236
31561,210,91,119,69.4,0,210,210
31562,2481,1434,1047,38.6,688,1793,286
31563,1423,823,600,41.9,360,1063,394
31564,0,0,0,-,0,0,0
31565,2230,1271,959,46.3,434,1796,584
31566,3957,2005,1952,38.4,895,3062,506
31567,1164,498,666,48.2,194,970,378
31568,421,227,194,57.1,54,367,93
31569,5110,2511,2599,41.8,1217,3893,1008
31599,0,0,0,-,0,0,0
31601,31587,15186,16401,30.8,7859,23728,3884
31602,36019,17694,18325,29.7,8237,27782,4478
31605,23883,11684,12199,30.6,5729,18154,3272
31606,3652,1746,1906,39.4,835,2817,616
31620,11334,5443,5891,37.1,2805,8529,1893
31622,1805,833,972,45.3,324,1481,353
31623,488,431,57,30.8,19,469,31
31624,1612,796,816,37.6,366,1246,287
31625,895,490,405,40.8,170,725,162
31626,3179,1529,1650,48.3,613,2566,708
31627,263,138,125,42.8,59,204,67
31629,1172,534,638,42.4,181,991,187
31630,442,184,258,42.6,112,330,65
31631,544,287,257,39.8,80,464,82
31632,14707,7148,7559,35,4143,10564,1685
31634,5329,2443,2886,38.1,1521,3808,871
31635,7278,3846,3432,34.9,1720,5558,1032
31636,10296,4673,5623,37.1,2450,7846,1480
31637,3003,1540,1463,35.4,628,2375,564
31638,1136,563,573,49.5,177,959,336
31639,10266,5060,5206,40,2273,7993,2072
31641,1727,767,960,52.4,398,1329,390
31642,4432,2156,2276,31.3,1289,3143,503
31643,9808,4658,5150,41.5,2133,7675,2021
31645,4765,2169,2596,31.1,1663,3102,496
31647,3270,1572,1698,36,1018,2252,341
31648,808,355,453,38,233,575,145
31649,880,364,516,40.6,123,757,130
31650,3369,1753,1616,43.4,531,2838,572
31698,821,238,583,18.9,2,819,0
31699,685,604,81,21.5,0,685,0
31701,16667,7740,8927,40.4,3780,12887,3363
31704,159,129,30,21.3,0,159,0
31705,30130,14840,15290,32.9,7498,22632,3872
31707,25119,10815,14304,35,6530,18589,3831
31709,16442,7377,9065,29.9,4019,12423,2618
31711,822,352,470,42.6,186,636,177
31712,1320,828,492,49.8,289,1031,235
31714,6267,2920,3347,41.2,1474,4793,1217
31716,2810,1298,1512,48.6,610,2200,708
31719,7941,3953,3988,39.9,1417,6524,1251
31720,347,189,158,51,92,255,75
31721,19453,8893,10560,44.4,4106,15347,4213
31722,724,376,348,39.3,170,554,136
31727,0,0,0,-,0,0,0
31730,8351,4103,4248,42.3,1819,6532,1766
31733,1339,643,696,42.9,379,960,290
31735,544,312,232,63.1,52,492,224
31738,2808,1502,1306,37.7,766,2042,467
31743,488,341,147,22.3,174,314,121
31744,2981,1307,1674,39.5,625,2356,445
31747,232,114,118,27.3,93,139,18
31749,2513,1361,1152,39.3,785,1728,341
31750,17957,8453,9504,39,4313,13644,3270
31753,54,29,25,36.9,19,35,0
31756,1460,669,791,52.3,276,1184,260
31757,11577,5471,6106,38.6,2935,8642,1816
31763,28118,14042,14076,35.7,7401,20717,3087
31764,1746,891,855,54,204,1542,388
31765,2585,1079,1506,38.6,727,1858,579
31768,21299,10904,10395,37.1,5660,15639,3609
31771,6890,3323,3567,34.8,1863,5027,764
31772,482,277,205,57.7,15,467,172
31773,4181,2320,1861,48.3,805,3376,844
31774,6150,3309,2841,38.8,1353,4797,1098
31775,3255,1583,1672,38.6,941,2314,401
31778,2603,1306,1297,47.2,451,2152,567
31779,9576,5283,4293,37.1,2229,7347,1329
31780,1887,864,1023,42,644,1243,375
31781,2384,1234,1150,30.6,751,1633,213
31783,1564,752,812,43.4,373,1191,245
31784,874,419,455,32.1,271,603,124
31787,1231,681,550,42.7,284,947,246
31788,10598,5495,5103,37.5,2480,8118,1472
31789,1281,668,613,37.6,231,1050,316
31790,2347,1271,1076,35.3,691,1656,392
31791,11240,5079,6161,40.7,2445,8795,2492
31792,23013,10732,12281,38.5,5530,17483,4353
31793,9370,4200,5170,37.2,1923,7447,1246
31794,27873,13842,14031,36.7,7093,20780,4371
31795,1770,907,863,43,373,1397,367
31796,1038,589,449,44.8,139,899,215
31798,1432,703,729,39.1,335,1097,213
31801,2907,1466,1441,51.7,388,2519,786
31803,4599,2386,2213,41.1,1054,3545,892
31804,6399,3291,3108,44,1272,5127,1242
31805,1961,874,1087,45.2,599,1362,295
31806,4345,2156,2189,39.3,1020,3325,570
31807,2368,1306,1062,42.3,475,1893,414
31808,8573,4146,4427,39.4,2167,6406,1206
31810,177,91,86,50.8,31,146,42
31811,6019,3176,2843,39.8,1412,4607,958
31812,576,287,289,53,75,501,145
31814,0,0,0,-,0,0,0
31815,3064,2325,739,34.9,229,2835,334
31816,5159,2372,2787,41,1301,3858,987
31820,13004,6588,6416,41.5,3463,9541,2057
31821,60,45,15,78.5,0,60,44
31822,5477,2609,2868,44.1,1183,4294,1137
31823,562,305,257,58.2,31,531,79
31824,1233,630,603,44.4,202,1031,239
31825,2670,1527,1143,38,440,2230,460
31826,2098,925,1173,40.1,480,1618,468
31827,1958,858,1100,49.3,299,1659,479
31829,1678,690,988,39.4,411,1267,204
31830,2315,1216,1099,50.6,238,2077,546
31831,3553,1894,1659,44.8,776,2777,693
31832,130,53,77,53.8,28,102,32
31833,6660,3103,3557,40.5,1602,5058,1316
31836,814,393,421,57.9,108,706,270
31901,5793,2813,2980,39,545,5248,828
31903,20404,9844,10560,32,6209,14195,2362
31904,34301,16434,17867,37.9,8456,25845,5969
31905,16419,10447,5972,22.6,5134,11285,16
31906,20227,9719,10508,37.6,5049,15178,3266
31907,62140,30513,31627,35.5,13426,48714,8641
31909,39578,18018,21560,34.2,9798,29780,5772
32003,29810,14623,15187,47,5679,24131,6323
32008,6338,3396,2942,39.7,1527,4811,1572
32009,3582,1757,1825,40.1,724,2858,451
32011,15006,7789,7217,41.6,3062,11944,2942
32013,117,44,73,40,36,81,52
32024,20155,9769,10386,43,4591,15564,4235
32025,23193,12525,10668,38.6,4560,18633,3927
32026,2269,2269,0,46.1,0,2269,431
32033,4704,2430,2274,52.5,469,4235,1649
32034,40026,19112,20914,54.4,6632,33394,12343
32038,10208,4882,5326,51.2,2014,8194,2309
32040,8235,4224,4011,35.6,1959,6276,1259
32043,31705,16271,15434,39.8,7500,24205,5302
32044,2026,1000,1026,35.8,625,1401,348
32046,11042,4996,6046,39.2,2655,8387,1961
32052,8053,5190,2863,41.4,1276,6777,1343
32053,3706,1781,1925,43,1031,2675,776
32054,12598,7577,5021,39.5,2905,9693,2136
32055,16175,8239,7936,38.7,4306,11869,3091
32058,4607,2627,1980,39.4,858,3749,519
32059,2641,1249,1392,49.1,375,2266,703
32060,22505,11568,10937,44.5,4753,17752,4575
32061,59,54,5,55.5,0,59,23
32062,1783,1043,740,39.9,438,1345,421
32063,14289,7511,6778,38,3559,10730,2392
32064,7641,3675,3966,40.2,1638,6003,1889
32065,40035,18661,21374,35.7,10929,29106,4979
32066,6875,4279,2596,40.8,1126,5749,1154
32068,57372,28849,28523,39.4,13824,43548,7923
32071,3219,2052,1167,44.7,624,2595,770
32072,37,22,15,66.7,0,37,37
32073,42135,21306,20829,40.5,8068,34067,7807
32079,439,173,266,81.4,0,439,365
32080,21167,10285,10882,58.5,2229,18938,7346
32081,24368,12218,12150,40.5,6821,17547,5338
32082,28697,13880,14817,51.9,5144,23553,8279
32083,2392,1714,678,40.8,413,1979,351
32084,36129,17079,19050,43.8,5243,30886,8245
32086,33817,16086,17731,49.6,5300,28517,8977
32087,5240,3135,2105,37.2,1057,4183,482
32091,16729,8762,7967,38.4,3466,13263,3214
32092,45098,22407,22691,41.6,10820,34278,7259
32094,3718,2182,1536,36.6,759,2959,684
32095,16419,8345,8074,42.1,4272,12147,2883
32096,2875,1336,1539,40.3,755,2120,681
32097,21778,11595,10183,37.7,4815,16963,3296
32102,2224,1155,1069,55.4,376,1848,637
32110,9424,4582,4842,47,1671,7753,2378
32112,8002,4116,3886,41.3,1815,6187,1687
32113,5386,2868,2518,50.4,1068,4318,1245
32114,35583,17564,18019,34.1,5145,30438,5885
32117,29720,14498,15222,41.4,5702,24018,5963
32118,18141,8795,9346,58.4,1924,16217,6351
32119,22935,11149,11786,47.6,3259,19676,5731
32124,7992,4947,3045,49.9,724,7268,2033
32127,27908,13850,14058,53.6,4136,23772,8598
32128,21829,10517,11312,48.3,3955,17874,5882
32129,23543,10970,12573,45.4,3431,20112,5646
32130,5561,2552,3009,44.1,1312,4249,1150
32131,4381,2594,1787,46.7,675,3706,1259
32132,8012,4278,3734,58,992,7020,2569
32133,732,317,415,51.2,156,576,147
32134,7076,3612,3464,57.6,873,6203,2302
32136,8349,4031,4318,59.7,834,7515,3124
32137,46970,22633,24337,55,7231,39739,15585
32139,791,306,485,60.4,106,685,271
32140,1727,782,945,40.1,380,1347,328
32141,18683,8362,10321,52.2,2888,15795,5690
32145,5553,2656,2897,39.2,1376,4177,783
32147,1427,746,681,40.1,306,1121,161
32148,10923,5595,5328,45.4,2478,8445,2326
32157,876,488,388,38,150,726,130
32159,30111,13843,16268,68.4,2482,27629,17499
32162,52752,24118,28634,73.8,271,52481,46610
32163,27953,13204,14749,69.6,0,27953,19788
32164,50721,24516,26205,47.8,9379,41342,14075
32168,30074,15285,14789,55.3,4153,25921,9246
32169,10383,4944,5439,63,716,9667,4773
32174,52140,24690,27450,54.7,8688,43452,18000
32176,13882,6750,7132,59.6,1534,12348,5126
32177,26290,12623,13667,41.5,6151,20139,5604
32179,8523,4338,4185,48.3,1213,7310,2320
32180,5000,2951,2049,39,1620,3380,557
32181,3163,1504,1659,31.9,869,2294,462
32182,30,15,15,-,0,30,30
32187,1221,618,603,56.3,75,1146,494
32189,5108,2434,2674,55.8,857,4251,1558
32190,1774,790,984,41.7,480,1294,302
32192,0,0,0,-,0,0,0
32193,1122,417,705,64,160,962,553
32195,3183,1606,1577,51.9,369,2814,1003
32202,6393,3882,2511,40.2,426,5967,1134
32203,0,0,0,-,0,0,0
32204,8270,3947,4323,37.5,1020,7250,1734
32205,30913,14489,16424,38,6307,24606,4325
32206,16210,7839,8371,37.2,4067,12143,2244
32207,35392,18279,17113,38.5,7487,27905,5444
32208,31368,14078,17290,41.7,7225,24143,6799
32209,36062,16828,19234,36.5,9100,26962,6442
32210,67110,32028,35082,36,16662,50448,8575
32211,35863,17458,18405,34.5,9130,26733,4549
32212,1872,1263,609,21.8,344,1528,0
32214,0,0,0,-,0,0,0
32216,41010,19662,21348,37.9,8520,32490,6911
32217,20219,9297,10922,37.1,3840,16379,4212
32218,68996,33248,35748,35.6,18602,50394,8605
32219,14145,7650,6495,38.7,3852,10293,2029
32220,12078,5441,6637,44.2,2489,9589,2142
32221,30597,14964,15633,39.1,7521,23076,4804
32222,16869,8707,8162,34.6,3445,13424,1802
32223,25604,12607,12997,48.5,4822,20782,6126
32224,41919,20651,21268,33,7003,34916,6365
32225,54073,26936,27137,38.6,11955,42118,8533
32226,18892,9843,9049,41,4774,14118,2425
32227,3497,2265,1232,21.6,934,2563,35
32228,224,190,34,23.1,0,224,0
32233,24041,11567,12474,42.6,4408,19633,4474
32234,8692,4428,4264,36.4,2512,6180,1161
32244,65499,31167,34332,33.7,16450,49049,7190
32246,58684,27312,31372,35.1,13029,45655,5563
32250,28619,14627,13992,42.9,5197,23422,5749
32254,14338,7311,7027,33.4,4023,10315,1570
32256,51638,25029,26609,32.9,9384,42254,7476
32257,42271,20321,21950,42.1,8564,33707,8054
32258,41595,21239,20356,34.6,10063,31532,4135
32259,66518,33224,33294,38.6,19202,47316,7778
32266,6743,3298,3445,44.4,1058,5685,1316
32277,34880,16179,18701,32.3,8290,26590,4511
32301,33803,15192,18611,29.5,6060,27743,3364
32303,49824,24146,25678,31.4,8890,40934,5912
32304,48568,23499,25069,22.2,3380,45188,1690
32305,20265,9541,10724,36.9,5061,15204,3170
32306,1547,527,1020,19.1,13,1534,0
32307,1713,427,1286,19.6,3,1710,0
32308,23125,10133,12992,43,3901,19224,5135
32309,33675,17002,16673,40.7,8345,25330,7220
32310,14407,6405,8002,32.1,3222,11185,1890
32311,20442,9857,10585,37.5,4279,16163,3030
32312,32244,15501,16743,43.1,8005,24239,6727
32313,0,0,0,-,0,0,0
32317,14515,7408,7107,46.4,2960,11555,3254
32320,3707,1790,1917,53.6,592,3115,1037
32321,5995,3492,2503,38.7,1107,4888,813
32322,4253,2822,1431,38.2,644,3609,854
32323,104,42,62,65.1,0,104,54
32324,4981,2828,2153,47.2,577,4404,1254
32327,30090,16909,13181,41.8,6376,23714,4166
32328,3716,1898,1818,47.1,687,3029,913
32330,757,339,418,37.3,226,531,92
32331,4830,2259,2571,46.9,1033,3797,1310
32332,1097,502,595,51.6,170,927,273
32333,11688,5931,5757,51.1,2164,9524,3060
32334,1611,767,844,40.7,371,1240,216
32336,1370,688,682,49.9,292,1078,424
32337,81,49,32,-,0,81,0
32340,10213,5823,4390,45.1,1743,8470,1971
32343,3517,1468,2049,30.3,1445,2072,96
32344,12335,6385,5950,48.2,2018,10317,3012
32346,2326,1113,1213,53,361,1965,780
32347,7052,3414,3638,44.3,1792,5260,1596
32348,12827,7839,4988,41.8,2357,10470,2000
32350,1563,768,795,41.7,257,1306,438
32351,16563,7324,9239,37.7,3939,12624,2481
32352,5143,2483,2660,41.5,1152,3991,1160
32355,291,144,147,60.1,8,283,125
32356,79,75,4,-,0,79,0
32358,1521,762,759,53.7,213,1308,464
32359,1007,468,539,59.5,76,931,395
32360,98,58,40,64,0,98,37
32361,297,124,173,58.5,32,265,97
32399,0,0,0,-,0,0,0
32401,18120,9015,9105,45.7,3152,14968,3730
32403,746,440,306,22,149,597,0
32404,40969,21555,19414,38.3,9070,31899,6230
32405,29661,13712,15949,37.5,6962,22699,5466
32407,14710,7222,7488,39,2796,11914,2449
32408,18594,9437,9157,46.6,2955,15639,3981
32409,10518,4957,5561,43.3,2418,8100,1997
32410,412,227,185,60.5,18,394,176
32413,14820,7554,7266,52.4,1784,13036,3549
32420,2712,1539,1173,53.1,518,2194,706
32421,3929,2028,1901,43.7,912,3017,729
32423,872,469,403,68.3,52,820,490
32424,7516,4512,3004,41.3,1246,6270,1313
32425,13970,7671,6299,40.8,2797,11173,2805
32426,826,433,393,51.7,143,683,171
32427,1111,597,514,43.6,155,956,243
32428,17801,9826,7975,40.6,3755,14046,2790
32430,732,384,348,48.3,160,572,198
32431,4515,2210,2305,48.2,914,3601,1027
32432,0,0,0,-,0,0,0
32433,18387,10129,8258,39.3,4304,14083,3077
32435,6525,3193,3332,42.3,1340,5185,1340
32437,620,328,292,44.5,91,529,83
32438,4858,2668,2190,41.7,1147,3711,579
32439,14572,7355,7217,39.4,3760,10812,2540
32440,8239,4963,3276,38.1,1150,7089,1554
32442,3795,1717,2078,40.6,885,2910,762
32443,2850,1338,1512,45.8,595,2255,581
32444,21564,10243,11321,36.9,5768,15796,3610
32445,2415,1753,662,39.6,327,2088,256
32446,10676,5521,5155,42.7,2023,8653,2506
32448,7561,3306,4255,42.6,2110,5451,1675
32449,1037,521,516,33,329,708,97
32455,4239,2161,2078,44.6,843,3396,1055
32456,7775,3889,3886,55.9,1267,6508,2446
32459,20558,10139,10419,46.3,3860,16698,3117
32460,5488,3666,1822,44.1,584,4904,941
32461,2589,1207,1382,58.2,378,2211,865
32462,3417,1534,1883,45.8,480,2937,784
32463,158,71,87,37.7,26,132,5
32464,3461,1847,1614,46.7,711,2750,765
32465,7846,5081,2765,40.6,1022,6824,1250
32466,6167,3238,2929,37.9,1617,4550,914
32501,10908,5716,5192,38.7,2221,8687,2084
32502,3887,2270,1617,39.5,590,3297,752
32503,33875,15859,18016,33.8,6171,27704,5865
32504,21710,10465,11245,39.3,4290,17420,4167
32505,28055,14420,13635,35.2,7434,20621,4761
32506,36066,18373,17693,38.2,7594,28472,5553
32507,32766,16499,16267,43.1,6703,26063,5670
32508,5015,3429,1586,20.8,535,4480,4
32509,428,428,0,45.4,0,428,25
32511,1145,945,200,20.4,0,1145,0
32512,0,0,0,-,0,0,0
32514,43940,20258,23682,34.2,8886,35054,8292
32526,41522,19411,22111,42.5,8794,32728,7814
32530,38,20,18,36.2,17,21,0
32531,7235,3653,3582,45.2,1788,5447,1574
32533,29975,14565,15410,41.6,7240,22735,5149
32534,15448,7648,7800,40.8,3120,12328,2880
32535,5510,3264,2246,40.5,864,4646,828
32536,25210,12845,12365,33.5,6737,18473,2743
32539,31392,16400,14992,35.1,7609,23783,4520
32541,18784,9727,9057,42.8,3503,15281,3597
32542,3841,2405,1436,22.6,1064,2777,61
32544,2315,1116,1199,22.6,739,1576,0
32547,34124,17193,16931,36.6,6850,27274,5551
32548,23575,12058,11517,40.3,4751,18824,4457
32550,8722,4008,4714,57.5,922,7800,3076
32561,9495,4389,5106,50.6,2071,7424,2408
32563,28511,14173,14338,44.2,5949,22562,5607
32564,2350,1169,1181,46.6,387,1963,448
32565,5515,2732,2783,40.6,1437,4078,885
32566,42878,21575,21303,38.7,10225,32653,5378
32567,4837,2490,2347,34.2,1536,3301,696
32568,3610,1863,1747,47.6,738,2872,787
32569,12936,6756,6180,36.2,2277,10659,1926
32570,34755,17977,16778,41.3,6558,28197,5924
32571,39756,20001,19755,36,10630,29126,6641
32577,4313,2214,2099,42.4,1081,3232,762
32578,34022,16668,17354,41.3,7888,26134,6406
32579,10596,5205,5391,46,1894,8702,2576
32580,4038,1984,2054,30.5,987,3051,642
32583,30534,17413,13121,40.7,4817,25717,4793
32601,22544,10256,12288,22.8,2138,20406,1305
32603,6855,3547,3308,20.5,212,6643,105
32605,26313,12764,13549,38.7,4846,21467,5183
32606,23317,11078,12239,41.6,4446,18871,5190
32607,30306,14971,15335,27.1,4533,25773,2817
32608,53301,26675,26626,29.8,7816,45485,6567
32609,18983,9722,9261,35.9,3420,15563,3304
32610,25,13,12,40.2,7,18,0
32612,8795,3535,5260,19.2,176,8619,0
32615,15295,6601,8694,40.2,3715,11580,2848
32616,123,50,73,44.6,23,100,50
32617,4525,2166,2359,50,676,3849,732
32618,8111,3577,4534,44.2,1510,6601,1613
32619,5004,2605,2399,44.3,799,4205,773
32621,5332,2631,2701,43.9,991,4341,1280
32622,1712,842,870,42.5,383,1329,271
32625,1628,835,793,55,212,1416,503
32626,8552,3823,4729,47.7,1941,6611,2097
32628,5235,3482,1753,41,931,4304,999
32631,370,201,169,49.5,58,312,23
32634,19,19,0,-,0,19,0
32639,261,120,141,39.8,83,178,124
32640,10360,5047,5313,50.3,1975,8385,2459
32641,16898,7872,9026,34.9,4985,11913,2588
32643,11590,5803,5787,39.1,3020,8570,2270
32648,316,115,201,38.3,114,202,29
32653,15524,7557,7967,43.7,3587,11937,3131
32656,14702,7483,7219,40.1,3537,11165,2508
32658,354,194,160,33.8,9,345,47
32664,285,116,169,60.1,67,218,112
32666,6313,3317,2996,57.5,920,5393,2112
32667,4334,2395,1939,51,507,3827,1314
32668,5115,2475,2640,51.1,810,4305,1424
32669,16100,8015,8085,38.7,4458,11642,2674
32680,10622,5487,5135,48.9,1872,8750,2805
32681,288,205,83,62.5,0,288,19
32683,310,186,124,25,108,202,54
32686,5273,2707,2566,39.4,823,4450,1031
32692,88,25,63,78.2,0,88,67
32693,11426,5830,5596,43.8,2190,9236,2521
32694,1992,1009,983,54,312,1680,473
32696,13915,7015,6900,43.9,3040,10875,3206
32697,185,87,98,25.3,68,117,11
32701,24551,11312,13239,38.6,4194,20357,4147
32702,2490,1196,1294,58.8,332,2158,1053
32703,57046,27819,29227,37.8,13842,43204,8765
32707,38868,18875,19993,38.9,7824,31044,6367
32708,47437,23633,23804,42.8,8379,39058,8965
32709,1545,799,746,44.3,258,1287,255
32712,49738,23750,25988,41.7,10994,38744,8105
32713,22430,11215,11215,46,4095,18335,5133
32714,38306,17935,20371,36.5,7935,30371,5414
32720,33876,16065,17811,42.1,6010,27866,7169
32723,0,0,0,-,0,0,0
32724,42326,19785,22541,42,8621,33705,10086
32725,50825,26122,24703,39.5,11430,39395,9649
32726,23661,11427,12234,38.5,5076,18585,4638
32730,6410,3911,2499,40.7,1241,5169,970
32732,5104,2717,2387,44.8,991,4113,1042
32735,5190,2616,2574,48.7,1002,4188,1493
32736,11925,5858,6067,45.4,2369,9556,2201
32738,47917,23714,24203,36.5,11177,36740,6814
32744,3544,1787,1757,42,800,2744,793
32746,45331,20818,24513,43.8,8711,36620,7976
32750,25176,11896,13280,41.6,5101,20075,4887
32751,22815,11167,11648,40.2,4236,18579,3685
32754,11399,5788,5611,53,1853,9546,3250
32757,31758,15320,16438,47.1,6457,25301,8748
32759,2683,1394,1289,55.4,439,2244,746
32763,24852,12404,12448,44.3,4662,20190,5562
32764,2642,1342,1300,54.5,389,2253,950
32765,63210,31547,31663,34.8,14138,49072,7613
32766,16425,8131,8294,40.6,4402,12023,1609
32767,3040,1600,1440,49.5,591,2449,573
32768,0,0,0,-,0,0,0
32771,59134,28976,30158,38,13235,45899,8785
32773,32342,16570,15772,36.6,7320,25022,4089
32775,0,0,0,-,0,0,0
32776,11681,6525,5156,42.8,2406,9275,2090
32778,24317,11449,12868,53.5,3979,20338,8563
32779,29111,13911,15200,46.3,6062,23049,6347
32780,38552,18235,20317,45.1,6596,31956,9656
32784,10545,5478,5067,45.6,1877,8668,2587
32789,26741,12596,14145,43.8,4223,22518,5636
32792,52120,26624,25496,34.4,9589,42531,8384
32796,20757,9929,10828,50,3774,16983,6047
32798,2437,1224,1213,66.4,135,2302,1293
32801,14778,7875,6903,35.8,992,13786,2838
32803,22067,11464,10603,37.7,2780,19287,2858
32804,20542,10525,10017,37.9,3362,17180,2890
32805,17791,8598,9193,43.7,2839,14952,3504
32806,26927,13692,13235,40.4,4845,22082,3624
32807,35479,18551,16928,36.3,7096,28383,4774
32808,62827,29763,33064,32.1,18408,44419,6339
32809,29207,15684,13523,37.1,6364,22843,4527
32810,37755,17868,19887,34.8,8597,29158,4013
32811,40191,18739,21452,32.3,9603,30588,3616
32812,35822,17229,18593,37.3,7200,28622,5828
32814,9500,4717,4783,34.8,1988,7512,831
32816,13835,6603,7232,19.3,122,13713,0
32817,36808,18283,18525,30.7,5801,31007,5171
32818,62566,29606,32960,34.2,16477,46089,7207
32819,27826,14233,13593,38.7,4594,23232,4894
32820,10927,6153,4774,37.5,2591,8336,1246
32821,20034,9813,10221,32.5,3401,16633,1731
32822,68321,33477,34844,37.5,13395,54926,9457
32824,56484,27894,28590,37.1,13223,43261,7023
32825,63056,31262,31794,34.8,12515,50541,8183
32826,28428,13765,14663,25.8,3048,25380,3023
32827,17918,8797,9121,36.4,5117,12801,1688
32828,69778,34612,35166,36.2,15881,53897,6875
32829,19353,9779,9574,35.8,4909,14444,2344
32830,49,25,24,40.3,1,48,4
32831,2414,2414,0,36.8,0,2414,76
32832,31143,16983,14160,36.1,8196,22947,2384
32833,10995,5286,5709,41.2,2539,8456,1728
32835,49890,24228,25662,34.7,11219,38671,4866
32836,23708,11545,12163,37.2,5289,18419,3240
32837,48762,24296,24466,40.8,9436,39326,6562
32839,49304,24854,24450,33.4,9960,39344,4144
32899,0,0,0,-,0,0,0
32901,27574,13825,13749,43.6,4269,23305,6986
32903,14604,7663,6941,49.1,2721,11883,3678
32904,36556,18239,18317,40.9,7779,28777,7507
32905,24971,12704,12267,44,4709,20262,5850
32907,47823,23989,23834,45.1,9483,38340,10454
32908,14172,6297,7875,37.5,3841,10331,1975
32909,36725,18031,18694,39.1,9169,27556,5549
32920,9961,5200,4761,59,704,9257,3310
32922,15198,7405,7793,38.5,3309,11889,2606
32925,1606,906,700,25.8,442,1164,108
32926,22379,10632,11747,51,2575,19804,5681
32927,27570,14264,13306,43.9,4613,22957,4688
32931,13762,7085,6677,58.8,1234,12528,4726
32934,18030,8890,9140,54,2701,15329,5412
32935,41342,19980,21362,40.9,7314,34028,8182
32937,27611,13694,13917,46.7,5522,22089,6707
32940,47030,22755,24275,47.5,9648,37382,12048
32948,6032,3587,2445,36,1601,4431,714
32949,2609,1286,1323,57,238,2371,982
32950,4666,2242,2424,53.8,587,4079,1075
32951,11516,5669,5847,62,1256,10260,4982
32952,20666,10226,10440,50.5,3730,16936,5221
32953,24924,12463,12461,49.4,4783,20141,6253
32955,39745,19264,20481,46,7050,32695,8744
32958,28729,14104,14625,59,3553,25176,11141
32959,0,0,0,-,0,0,0
32960,23961,11977,11984,44.7,3879,20082,5757
32962,26904,13816,13088,47.2,5029,21875,7718
32963,15117,7112,8005,68.9,817,14300,8934
32966,19419,9056,10363,62.3,2283,17136,8626
32967,25116,11141,13975,53.1,4751,20365,7327
32968,15456,7367,8089,48.2,2755,12701,4355
32970,252,218,34,56,0,252,17
32976,9310,4415,4895,67.1,493,8817,5127
33001,340,183,157,65.9,8,332,186
33004,16449,8092,8357,43.1,2771,13678,3222
33009,43893,20627,23266,46.1,7273,36620,10129
33010,42081,20689,21392,47.6,6290,35791,9990
33012,71088,34633,36455,47.7,11316,59772,16798
33013,29830,15122,14708,47.5,4178,25652,6140
33014,40739,19860,20879,40.9,7866,32873,6216
33015,68517,32760,35757,40.5,14676,53841,9257
33016,45620,21725,23895,43.8,8923,36697,7401
33018,55241,27128,28113,41.7,10981,44260,8233
33019,13503,6773,6730,54.3,1628,11875,4265
33020,44914,23957,20957,39.5,7915,36999,5734
33021,50300,24900,25400,40.5,10874,39426,9883
33022,0,0,0,-,0,0,0
33023,71749,35464,36285,37,16602,55147,9676
33024,73405,35346,38059,36.8,17386,56019,9774
33025,72684,35806,36878,36.8,14740,57944,8173
33026,30868,14362,16506,45.1,6117,24751,6494
33027,63474,29082,34392,48.2,10400,53074,16528
33028,27583,14349,13234,40.9,6440,21143,3255
33029,44876,22770,22106,40.2,11156,33720,4748
33030,36405,19112,17293,30.3,11819,24586,3097
33031,7692,3827,3865,44.3,1402,6290,1157
33032,57327,27249,30078,33.5,15867,41460,5105
33033,68121,33778,34343,32.9,20567,47554,6250
33034,23774,11635,12139,28.9,8201,15573,2648
33035,16788,7659,9129,36.1,4765,12023,1119
33036,3620,1990,1630,55.2,560,3060,1119
33037,13265,6703,6562,53.5,1714,11551,4066
33039,0,0,0,-,0,0,0
33040,36379,19010,17369,41.8,6124,30255,6683
33042,6990,3780,3210,52.5,1008,5982,1880
33043,4547,2298,2249,53,797,3750,1019
33050,10520,5553,4967,49.1,1880,8640,2411
33051,650,290,360,66.7,15,635,364
33054,31590,15795,15795,35.8,6980,24610,4440
33055,37977,18581,19396,44.8,7086,30891,8116
33056,37274,17266,20008,38.8,8592,28682,6238
33060,37522,19435,18087,39.4,8267,29255,5724
33062,24805,12223,12582,59.2,2134,22671,9159
33063,55143,25344,29799,47.2,8810,46333,13240
33064,60009,30563,29446,40.6,11656,48353,8434
33065,60600,28302,32298,35.2,16491,44109,6906
33066,16316,7149,9167,59.4,2117,14199,6411
33067,24696,11816,12880,40.2,6230,18466,3626
33068,52792,25219,27573,37.7,12033,40759,6125
33069,29228,15215,14013,37.2,5580,23648,5631
33070,5717,2859,2858,53.1,756,4961,1560
33071,39677,19397,20280,37.5,9454,30223,4962
33073,33691,17100,16591,37.3,8144,25547,3536
33076,43660,22583,21077,38.4,13517,30143,5050
33101,0,0,0,-,0,0,0
33109,792,424,368,57.6,97,695,363
33122,1873,1033,840,31.5,365,1508,20
33125,54873,28394,26479,42.6,8474,46399,9961
33126,46798,21643,25155,45.4,7131,39667,10102
33127,28306,12939,15367,36,6807,21499,4364
33128,8989,5068,3921,44,1499,7490,2063
33129,15184,7171,8013,40.7,2122,13062,2413
33130,32946,18011,14935,37.9,3790,29156,5195
33131,22540,11939,10601,35.4,2548,19992,1431
33132,17136,10225,6911,34.9,1215,15921,749
33133,34500,16593,17907,40.9,7296,27204,5639
33134,37958,18133,19825,45.9,6572,31386,8645
33135,34742,18337,16405,45,4865,29877,7090
33136,16854,7939,8915,36.9,2577,14277,1906
33137,25283,13189,12094,34.3,4344,20939,2328
33138,28609,14879,13730,41.3,5609,23000,5229
33139,35100,18900,16200,41.7,4256,30844,6196
33140,19785,9775,10010,41.4,4093,15692,4052
33141,35967,17791,18176,44.3,4727,31240,6032
33142,59121,29778,29343,38.5,13555,45566,8805
33143,31688,14495,17193,40.8,6208,25480,6116
33144,26596,13099,13497,45.8,4023,22573,6214
33145,29240,13846,15394,44.3,4753,24487,5924
33146,17962,7855,10107,22.2,2637,15325,2311
33147,47065,23188,23877,38.2,10718,36347,7091
33149,14639,7239,7400,42.5,4582,10057,2290
33150,31807,16245,15562,35.2,8802,23005,4341
33154,14557,6487,8070,41.2,4056,10501,2909
33155,43702,20910,22792,44,7496,36206,8447
33156,32582,16612,15970,42.1,8039,24543,6009
33157,69152,34100,35052,40,15672,53480,10653
33158,6536,3396,3140,44.8,1815,4721,1257
33160,42058,19227,22831,50.3,6719,35339,11518
33161,52824,26254,26570,37.2,11901,40923,7392
33162,48326,23477,24849,36.1,12551,35775,6844
33165,52047,25061,26986,48.8,7492,44555,11824
33166,26364,12295,14069,39.8,4600,21764,4053
33167,22823,11302,11521,37.7,5274,17549,3704
33168,23458,12238,11220,38.4,5058,18400,3632
33169,42156,20503,21653,34.7,10834,31322,5957
33170,14477,6969,7508,39.1,3511,10966,1883
33172,40278,19439,20839,42,6623,33655,6438
33173,33026,15350,17676,44.8,5950,27076,7167
33174,34335,16143,18192,39.4,4726,29609,6487
33175,50233,23949,26284,48,7392,42841,12265
33176,52719,24827,27892,40.6,11050,41669,8923
33177,56791,28874,27917,41.1,11441,45350,9541
33178,64751,33448,31303,37.4,16667,48084,5414
33179,48196,22842,25354,39.7,9327,38869,7794
33180,32881,15241,17640,47.8,6371,26510,8031
33181,20448,10175,10273,36.3,4347,16101,2551
33182,13163,6605,6558,46.1,2125,11038,2300
33183,34057,15950,18107,47.6,5439,28618,7825
33184,20850,9976,10874,46,3162,17688,4517
33185,29530,14004,15526,42.2,6649,22881,4986
33186,68750,33100,35650,41.2,14553,54197,11774
33187,19346,9432,9914,41.7,4053,15293,3435
33189,24575,11812,12763,41.5,5720,18855,4360
33190,16909,8314,8595,34.5,4599,12310,1823
33193,47116,22452,24664,43.2,8051,39065,7697
33194,8617,5056,3561,43.1,1543,7074,875
33196,54187,27792,26395,39.3,12306,41881,7199
33301,17069,10369,6700,41.3,1102,15967,3142
33304,18923,10307,8616,45.9,2386,16537,3536
33305,12633,7274,5359,51.4,1491,11142,2991
33306,2767,1443,1324,56.5,166,2601,945
33308,28406,14951,13455,56.5,2816,25590,9758
33309,37829,18245,19584,38.1,8088,29741,4613
33311,75435,34347,41088,34.2,22235,53200,10788
33312,53409,27608,25801,41,11099,42310,8201
33313,62232,29336,32896,35.2,16314,45918,7996
33314,28978,14297,14681,32.1,5753,23225,2450
33315,13253,6989,6264,39.9,1923,11330,2425
33316,11304,5582,5722,53.3,1246,10058,3101
33317,36322,18905,17417,42.2,7744,28578,5952
33319,52000,25335,26665,42.4,10543,41457,11696
33321,50307,22199,28108,48.7,8680,41627,14215
33322,40738,18668,22070,53.3,6015,34723,13310
33323,22506,11394,11112,41.9,4393,18113,3120
33324,49994,22874,27120,38.3,10154,39840,8550
33325,31546,16454,15092,38.3,7366,24180,3123
33326,31514,15102,16412,41.2,8171,23343,4296
33327,23734,11851,11883,39,8012,15722,1667
33328,29544,14317,15227,38.3,6396,23148,4049
33330,13619,7009,6610,44.2,3101,10518,2149
33331,25418,12450,12968,42.6,5804,19614,3917
33332,11809,5931,5878,44.9,3169,8640,1473
33334,31047,17985,13062,40.7,5739,25308,4928
33351,35082,17132,17950,39.3,7202,27880,5149
33388,0,0,0,-,0,0,0
33401,31625,15295,16330,37.4,5142,26483,6164
33403,13698,6899,6799,37.4,2775,10923,2087
33404,31034,14769,16265,41,6774,24260,6176
33405,20377,10517,9860,43,3711,16666,3454
33406,26093,13217,12876,38.3,5921,20172,3625
33407,32904,16008,16896,38.1,6969,25935,5132
33408,18839,8926,9913,59.2,2095,16744,7465
33409,33372,16131,17241,33,7646,25726,3705
33410,36277,17249,19028,44.9,6647,29630,9631
33411,73919,35505,38414,42.2,15518,58401,14620
33412,15001,7888,7113,49.4,2561,12440,3767
33413,18125,8675,9450,35.3,4613,13512,2068
33414,58842,27758,31084,39.9,15436,43406,9179
33415,51874,26261,25613,39.5,11900,39974,8622
33417,35555,16614,18941,48.6,5643,29912,10863
33418,42997,20726,22271,52,8025,34972,13069
33426,23781,11007,12774,43.7,3251,20530,5393
33428,45694,22600,23094,41,10855,34839,7937
33430,20503,11072,9431,32.3,5897,14606,2735
33431,22488,9827,12661,34.7,4013,18475,4306
33432,21270,10078,11192,54.1,2181,19089,6203
33433,45580,20238,25342,49.9,8780,36800,14662
33434,21214,9370,11844,64.1,2595,18619,10119
33435,37533,18910,18623,41.5,6381,31152,8740
33436,47606,22706,24900,45.4,8707,38899,12933
33437,38178,17444,20734,65.9,3134,35044,19631
33438,609,291,318,40.7,106,503,129
33440,19800,10385,9415,38.9,4536,15264,2798
33441,29576,13969,15607,44.1,5226,24350,6159
33442,32076,14703,17373,51,4933,27143,10958
33444,23569,11304,12265,41.3,4163,19406,4061
33445,31283,14782,16501,54.5,3882,27401,10228
33446,27774,12812,14962,67.2,2862,24912,15619
33449,9301,4685,4616,48.4,1963,7338,2084
33455,20936,10492,10444,57.8,2877,18059,7761
33458,56799,28932,27867,41.5,12412,44387,9103
33460,36578,19886,16692,36.2,8651,27927,4660
33461,48575,25418,23157,36.1,10726,37849,6481
33462,32232,17281,14951,42.2,5372,26860,5957
33463,65766,33174,32592,36.7,15665,50101,8930
33467,55101,26897,28204,49.9,9556,45545,16020
33469,14639,7034,7605,56.8,2131,12508,5461
33470,31165,15989,15176,42.7,6363,24802,4583
33471,6759,4039,2720,45.7,910,5849,1714
33472,18881,8643,10238,61.1,2191,16690,8362
33473,11107,5740,5367,48.7,2407,8700,3536
33476,6999,3405,3594,33.4,1973,5026,971
33477,11524,5246,6278,67.9,504,11020,6541
33478,14845,7735,7110,44.4,3103,11742,2941
33480,10853,4919,5934,70,558,10295,6852
33483,12639,6327,6312,58.2,870,11769,4281
33484,26262,11743,14519,67.4,2158,24104,14456
33486,22991,11142,11849,43.6,5258,17733,4587
33487,21504,10416,11088,54,3018,18486,6645
33493,5035,3788,1247,40.9,703,4332,516
33496,23549,10662,12887,54.5,4034,19515,8826
33498,16866,8446,8420,46.8,4140,12726,3307
33503,401,193,208,59.3,17,384,158
33510,30103,14854,15249,38.6,5872,24231,4703
33511,58987,28093,30894,37.8,13128,45859,8873
33513,12882,7493,5389,45.4,2484,10398,3204
33514,2582,1351,1231,44,537,2045,535
33521,788,407,381,34.7,197,591,111
33523,18867,9023,9844,38.7,3901,14966,3194
33525,19186,9735,9451,46.4,3898,15288,5337
33527,16342,9020,7322,38.4,3607,12735,2149
33530,18,9,9,-,0,18,18
33534,17479,8528,8951,33,5470,12009,1401
33538,5599,2772,2827,46.7,1177,4422,1132
33540,10282,5103,5179,56.3,1427,8855,3733
33541,23224,11444,11780,58.4,3039,20185,9203
33542,24573,10992,13581,51.3,4406,20167,8137
33543,35187,17179,18008,38.2,8942,26245,5007
33544,28472,14025,14447,36.8,7658,20814,3701
33545,25721,12634,13087,35.8,6613,19108,2414
33547,30431,14562,15869,36.6,9572,20859,3197
33548,7639,3716,3923,42.4,1906,5733,1235
33549,18016,9482,8534,46.1,3323,14693,4144
33550,0,0,0,-,0,0,0
33556,30386,15266,15120,41.9,7607,22779,4326
33558,29098,14761,14337,40.9,7358,21740,4301
33559,19226,9461,9765,31.6,3880,15346,2202
33563,26874,13671,13203,36.9,6375,20499,3441
33565,17767,9240,8527,43.1,4097,13670,3449
33566,22842,11636,11206,37.9,5573,17269,3128
33567,12499,5849,6650,41.6,2659,9840,1630
33569,26189,12935,13254,39,6244,19945,3608
33570,32620,16444,16176,36.1,8571,24049,5171
33572,23846,12399,11447,43.9,5168,18678,4689
33573,28491,12357,16134,69.8,2319,26172,17204
33574,1651,926,725,19.9,13,1638,8
33576,6076,2890,3186,62.6,788,5288,2714
33578,55724,25236,30488,34.8,13164,42560,5379
33579,42456,21123,21333,36.2,11502,30954,4049
33584,27863,13570,14293,40.1,6252,21611,3833
33585,1352,584,768,41.3,300,1052,232
33592,11275,6200,5075,42.6,2114,9161,2131
33594,35824,16578,19246,44.1,6782,29042,6555
33596,28558,14102,14456,44.2,6078,22480,4535
33597,8759,4360,4399,47.1,1433,7326,1844
33598,27978,13598,14380,34.9,8601,19377,5228
33602,17631,9365,8266,36.3,2015,15616,2224
33603,19545,10122,9423,36.4,3711,15834,2455
33604,40328,19417,20911,35.9,9060,31268,5291
33605,16166,8399,7767,36.6,3440,12726,2308
33606,22546,10752,11794,27.9,2711,19835,2541
33607,24257,12168,12089,40.7,3371,20886,4036
33609,18411,9140,9271,39,3489,14922,3006
33610,45622,21741,23881,33.3,12449,33173,5398
33611,34877,17496,17381,39.2,6778,28099,5672
33612,50697,25470,25227,33.3,12832,37865,5855
33613,37354,19159,18195,29.2,5834,31520,4346
33614,46844,23833,23011,39.9,7201,39643,7045
33615,48849,23741,25108,38.5,10069,38780,6172
33616,14918,7789,7129,36.5,3244,11674,1748
33617,48987,23963,25024,32.8,9837,39150,6624
33618,28416,13413,15003,43,5383,23033,5964
33619,39272,20081,19191,33.1,9478,29794,4326
33620,6451,2522,3929,19.3,146,6305,0
33621,2309,1356,953,21.5,852,1457,0
33624,41661,20035,21626,40.1,8844,32817,6200
33625,28818,13250,15568,42,5048,23770,4627
33626,30736,15183,15553,39.9,7275,23461,3971
33629,26625,13352,13273,40.4,7442,19183,3568
33634,22927,11679,11248,38,4583,18344,2810
33635,19917,10123,9794,38.2,4170,15747,2600
33637,17507,8845,8662,33.8,3525,13982,2245
33647,72323,36544,35779,36.9,17937,54386,7243
33701,17464,8141,9323,44.5,1895,15569,4267
33702,31119,15089,16030,43.2,4711,26408,6308
33703,25900,12609,13291,43.5,4899,21001,5146
33704,16275,7540,8735,48,2492,13783,3167
33705,27426,13716,13710,44.8,4657,22769,5898
33706,15433,7806,7627,61.9,772,14661,6440
33707,25059,11736,13323,59.2,2190,22869,9461
33708,15222,7782,7440,60.6,1167,14055,5905
33709,24120,11748,12372,53.8,3447,20673,7327
33710,34102,16390,17712,47.5,5770,28332,7642
33711,17984,7908,10076,38.8,2874,15110,3860
33712,25178,11401,13777,38.8,5473,19705,4394
33713,32713,16680,16033,42.2,5342,27371,5317
33714,20370,10146,10224,40.5,3735,16635,3786
33715,7876,3877,3999,62.6,858,7018,3487
33716,18987,9119,9868,33,2493,16494,2181
33744,71,71,0,67,0,71,36
33755,27279,13566,13713,41.1,5268,22011,4656
33756,32615,15513,17102,44.7,5851,26764,8276
33759,17607,8041,9566,45.3,3438,14169,4088
33760,20401,11313,9088,36.7,3089,17312,2788
33761,18558,8597,9961,53,2942,15616,6065
33762,5103,2548,2555,53.7,570,4533,1317
33763,21272,9933,11339,54.1,3158,18114,7672
33764,27681,13713,13968,50.2,4296,23385,7267
33765,14578,7940,6638,47.5,2418,12160,3159
33767,7458,3705,3753,63.6,515,6943,3476
33770,25811,12588,13223,48.8,4023,21788,6632
33771,28412,13160,15252,52.8,4111,24301,8696
33772,23664,11085,12579,48.9,3865,19799,6430
33773,16272,7777,8495,48.6,2320,13952,3899
33774,19629,9262,10367,51.1,3709,15920,5632
33776,13304,6467,6837,50,2624,10680,3819
33777,17860,8810,9050,48.1,3043,14817,3972
33778,15651,7766,7885,51.3,2528,13123,4348
33781,26315,13513,12802,41.8,4479,21836,5182
33782,23723,11625,12098,46.8,4493,19230,5808
33785,4871,2522,2349,58.5,311,4560,1701
33786,1579,790,789,60,174,1405,562
33801,33861,16416,17445,33.3,6935,26926,5015
33803,30230,14593,15637,41.8,5861,24369,6488
33805,26064,13229,12835,38.5,5808,20256,5263
33809,30897,14701,16196,42.6,6330,24567,6778
33810,51427,25714,25713,43.8,10392,41035,11690
33811,25886,13330,12556,37.3,5931,19955,3966
33812,14736,7468,7268,38,3423,11313,2031
33813,37582,18742,18840,40.3,9584,27998,6752
33815,13644,7025,6619,44.2,3198,10446,3161
33823,37082,17811,19271,41,8196,28886,6522
33825,25393,13422,11971,46.5,4473,20920,7550
33827,2513,1284,1229,42.7,360,2153,620
33830,30396,15282,15114,37.1,6870,23526,4624
33834,6371,3970,2401,35.1,1437,4934,863
33835,57,26,31,65.1,12,45,31
33837,39979,20167,19812,38,9808,30171,6797
33838,5226,2803,2423,32.3,1379,3847,713
33839,3649,1907,1742,35,925,2724,443
33840,0,0,0,-,0,0,0
33841,8440,4221,4219,40.7,1842,6598,2107
33843,10790,5545,5245,52.2,1468,9322,3572
33844,45765,22094,23671,39.4,10258,35507,8430
33847,374,210,164,34,98,276,79
33848,549,185,364,46.9,132,417,117
33849,713,454,259,44.1,99,614,157
33850,8876,4096,4780,40.8,1526,7350,2073
33851,988,385,603,41.5,247,741,272
33852,21394,11248,10146,54.2,3861,17533,7536
33853,12241,5688,6553,38.3,3066,9175,2140
33854,446,222,224,71.8,8,438,314
33855,126,79,47,50.9,0,126,48
33856,297,157,140,71.5,0,297,233
33857,1160,575,585,57.8,117,1043,458
33858,573,330,243,4.9,428,145,19
33859,11081,5651,5430,52.6,1688,9393,3510
33860,26658,13393,13265,33.1,7211,19447,3782
33865,866,387,479,36.6,184,682,108
33867,76,40,36,78.2,0,76,76
33868,13404,7545,5859,40.6,2886,10518,2351
33870,25314,12171,13143,51.1,4485,20829,8649
33872,12696,6025,6671,62.9,1518,11178,6064
33873,13678,7176,6502,35.3,3657,10021,2336
33875,11129,5132,5997,49.4,1943,9186,3591
33876,6188,2941,3247,58.1,758,5430,2374
33877,269,61,208,59.5,0,269,107
33880,43732,20935,22797,37.3,11230,32502,7286
33881,38946,18890,20056,40.6,8324,30622,9428
33884,36058,16818,19240,46.2,6836,29222,9741
33890,4821,2631,2190,35,1272,3549,750
33896,20528,9656,10872,31.2,4134,16394,2043
33897,28083,13591,14492,38,6139,21944,4100
33898,17066,8617,8449,49.8,3514,13552,5101
33901,24284,12135,12149,39.6,5490,18794,5340
33903,22430,10801,11629,63.2,2372,20058,10258
33904,32345,16041,16304,58.2,3731,28614,11762
33905,39247,20810,18437,40.3,8124,31123,7942
33907,25828,13391,12437,40.7,4356,21472,6133
33908,38844,17584,21260,63.9,3411,35433,18753
33909,36172,17200,18972,38,8598,27574,5446
33912,19370,9005,10365,59.7,2554,16816,7853
33913,27056,13028,14028,51,4448,22608,8478
33914,43289,22198,21091,54.3,5456,37833,12656
33916,26153,12648,13505,36.1,5618,20535,3570
33917,30512,14955,15557,61,3278,27234,12624
33919,28483,13300,15183,59.5,3258,25225,11387
33920,7250,3677,3573,50.4,1505,5745,1900
33921,726,328,398,67.2,3,723,391
33922,4235,2103,2132,58.9,661,3574,1617
33924,161,74,87,37.5,0,161,58
33928,29948,14552,15396,62.1,3875,26073,13108
33930,993,751,242,29.5,294,699,50
33931,9150,4731,4419,68.7,334,8816,5633
33935,22521,12409,10112,34.5,5871,16650,3295
33936,26537,12413,14124,43.3,5415,21122,5966
33944,186,106,80,65.3,0,186,95
33946,2704,1273,1431,63.4,130,2574,1264
33947,9927,4679,5248,65.5,685,9242,5174
33948,18440,8934,9506,60.1,1926,16514,7126
33950,24702,12099,12603,63.6,2801,21901,11771
33952,34731,17089,17642,52.8,5217,29514,10267
33953,7347,3880,3467,63.9,671,6676,3591
33954,10393,4798,5595,52,1679,8714,2885
33955,10397,5418,4979,65,790,9607,5202
33956,3494,1837,1657,64.7,210,3284,1696
33957,6420,3060,3360,68.6,151,6269,4084
33960,581,302,279,54.8,107,474,136
33965,3793,1698,2095,19.8,10,3783,0
33966,11236,5493,5743,48.1,1754,9482,3238
33967,27887,13946,13941,35.1,5800,22087,4392
33971,28712,14166,14546,33.8,8207,20505,3052
33972,15218,7918,7300,39.3,3877,11341,1984
33973,14585,6728,7857,27,5172,9413,926
33974,19218,9538,9680,32.8,5494,13724,2198
33976,17874,8869,9005,34.2,5467,12407,1859
33980,13071,6244,6827,64.1,1770,11301,6315
33981,14330,7282,7048,60.8,1790,12540,5751
33982,11067,6271,4796,53.1,1444,9623,3475
33983,16637,7958,8679,56.9,2296,14341,6358
33990,34275,17529,16746,48.4,5692,28583,8268
33991,24993,12425,12568,45.7,5255,19738,6032
33993,30572,15335,15237,42.6,6562,24010,6061
34101,0,0,0,-,0,0,0
34102,10767,5115,5652,64.7,1219,9548,5333
34103,11214,5018,6196,61.7,1050,10164,5007
34104,24269,12023,12246,50.8,4726,19543,8447
34105,16462,8167,8295,58.6,2158,14304,6811
34108,16401,7932,8469,67.1,1065,15336,8975
34109,25845,12297,13548,55.2,4499,21346,9738
34110,24584,11154,13430,63.8,2845,21739,12002
34112,26597,13559,13038,62.8,2336,24261,12130
34113,24413,12081,12332,55.2,3950,20463,8484
34114,20716,10560,10156,63,2342,18374,9701
34116,35710,18203,17507,36.3,8382,27328,3646
34117,19218,9812,9406,39.7,3933,15285,2847
34119,33017,15061,17956,54,6537,26480,10968
34120,38191,20031,18160,42.7,7167,31024,7453
34134,15859,7645,8214,69.2,759,15100,10098
34135,45781,22976,22805,57,6122,39659,17201
34137,369,144,225,41.2,175,194,29
34138,1061,598,463,45.5,299,762,113
34139,143,85,58,59.9,16,127,54
34140,155,53,102,26.3,42,113,59
34141,74,69,5,20.5,33,41,9
34142,34411,18030,16381,30.7,9280,25131,3301
34145,15942,7933,8009,67.5,1186,14756,9343
34201,3912,2052,1860,69.1,406,3506,2251
34202,26762,12880,13882,52.7,5173,21589,8565
34203,39757,18626,21131,49.9,6653,33104,10780
34205,30966,14991,15975,46,5579,25387,7150
34207,34437,17113,17324,47.6,5771,28666,9361
34208,41521,20192,21329,38.1,10575,30946,7648
34209,34089,15854,18235,57.6,4808,29281,12935
34210,16461,7697,8764,56.9,1913,14548,6273
34211,16508,8151,8357,52.8,2695,13813,5095
34212,23754,11394,12360,51.3,4572,19182,5873
34215,683,363,320,57.2,0,683,224
34216,924,396,528,69.4,2,922,542
34217,3719,1721,1998,65.6,350,3369,1894
34219,27838,14164,13674,46.3,5196,22642,6975
34221,52882,26256,26626,44.9,9902,42980,12315
34222,13975,6584,7391,55.4,2560,11415,5115
34223,19116,9476,9640,67.1,1358,17758,10478
34224,15263,7117,8146,64,1124,14139,7354
34228,7479,3509,3970,71.9,30,7449,5229
34229,7575,3923,3652,63.7,834,6741,3651
34231,32413,15066,17347,52.6,5262,27151,11097
34232,34324,16550,17774,48.3,5876,28448,8251
34233,19179,9144,10035,52.2,3358,15821,5703
34234,21621,9842,11779,43.1,4038,17583,4990
34235,14760,6916,7844,58.7,1594,13166,6177
34236,13347,6165,7182,67.4,558,12789,7658
34237,17877,8924,8953,39.4,3210,14667,2819
34238,22426,10557,11869,64.1,2428,19998,10646
34239,14812,6928,7884,54,2338,12474,4301
34240,14400,7402,6998,51.1,2854,11546,4015
34241,15608,7352,8256,51.2,3128,12480,4546
34242,7602,3769,3833,66,572,7030,3993
34243,31656,15374,16282,52.8,4244,27412,9950
34250,495,308,187,57.5,63,432,112
34251,7324,3921,3403,44.3,1659,5665,1031
34266,28420,15988,12432,39,5391,23029,5257
34267,56,27,29,-,0,56,29
34268,508,401,107,32.3,121,387,137
34269,5274,2818,2456,59.7,749,4525,2207
34275,20692,10313,10379,63.5,2318,18374,9638
34285,18791,8229,10562,69.3,890,17901,11496
34286,20571,10920,9651,47.6,3971,16600,5449
34287,26721,12694,14027,55.5,4418,22303,10405
34288,14412,7343,7069,46.1,2995,11417,3630
34289,4692,1777,2915,39.6,839,3853,569
34291,8104,3891,4213,51.5,1252,6852,1547
34292,16426,7715,8711,68.8,1267,15159,9377
34293,46782,22388,24394,61.5,5340,41442,20163
34420,18396,9272,9124,38.1,4394,14002,3590
34428,9175,4557,4618,54.4,1179,7996,2873
34429,9448,4546,4902,63.7,1198,8250,4237
34431,8448,4259,4189,57.8,1390,7058,3177
34432,13029,6575,6454,55.9,2190,10839,4606
34433,8128,4000,4128,45.6,1484,6644,1700
34434,9981,4771,5210,45.5,2355,7626,2607
34436,7846,4117,3729,60,1034,6812,2955
34442,16674,8270,8404,65,1887,14787,8348
34445,0,0,0,-,0,0,0
34446,18668,9229,9439,59.7,2353,16315,7640
34448,10607,5691,4916,57,1313,9294,3687
34449,3510,1933,1577,52.2,381,3129,912
34450,10005,4544,5461,61.8,986,9019,4242
34452,13592,6727,6865,46.8,2898,10694,3708
34453,10108,4882,5226,54.1,1509,8599,3518
34461,12424,5921,6503,56,1987,10437,4092
34465,18121,8595,9526,57.2,2668,15453,6718
34470,20903,9875,11028,37.6,4478,16425,4491
34471,26614,12400,14214,43.3,5794,20820,6494
34472,32528,16344,16184,40,7711,24817,6008
34473,22902,10607,12295,41.2,5358,17544,4789
34474,19380,9611,9769,41.1,4140,15240,3847
34475,15084,7832,7252,34.2,3715,11369,1573
34476,25106,10894,14212,57.5,4063,21043,9999
34479,13502,6293,7209,41.3,3245,10257,2858
34480,22956,11460,11496,39.5,5051,17905,3725
34481,24113,11353,12760,69,1497,22616,15519
34482,22755,10746,12009,50.1,3452,19303,5902
34484,5090,1986,3104,51.7,750,4340,1551
34487,0,0,0,-,0,0,0
34488,11687,6127,5560,47,2420,9267,3035
34491,32062,14791,17271,56.2,5423,26639,12384
34498,629,326,303,60.1,115,514,216
34601,23054,10490,12564,52.1,3992,19062,6728
34602,9024,4904,4120,47,1787,7237,2105
34604,13689,6745,6944,42.3,2680,11009,2348
34606,27795,13744,14051,51.4,4254,23541,9167
34607,9061,4198,4863,54.9,1379,7682,2802
34608,36398,17217,19181,42.9,7328,29070,8530
34609,44696,21957,22739,44.5,9352,35344,10546
34610,16620,8634,7986,39.4,3733,12887,2293
34613,18071,8777,9294,60.7,2235,15836,7620
34614,8794,4659,4135,43,1909,6885,1737
34637,10784,5785,4999,36.8,2820,7964,1700
34638,33183,15676,17507,38.3,9098,24085,4234
34639,29953,14766,15187,40.5,6933,23020,5219
34652,25335,11735,13600,51.6,3709,21626,6434
34653,35319,17723,17596,51,5796,29523,9792
34654,23727,12002,11725,46.8,4124,19603,5048
34655,45050,21924,23126,46.3,8777,36273,10828
34661,250,61,189,50.5,34,216,67
34667,29836,13988,15848,60.2,3315,26521,12272
34668,49271,23876,25395,42.4,10352,38919,10960
34669,14563,7210,7353,43.7,3035,11528,3634
34677,22634,10795,11839,46.8,4170,18464,4692
34679,144,81,63,62,0,144,9
34681,994,537,457,44.7,238,756,238
34683,34031,16462,17569,47.5,6199,27832,7144
34684,27607,12445,15162,55.1,4033,23574,9924
34685,17869,8239,9630,49.6,3275,14594,4741
34688,9074,4426,4648,49.2,1594,7480,2245
34689,27076,12979,14097,53.8,3651,23425,8534
34690,11876,5674,6202,46,1887,9989,2369
34691,19868,10313,9555,44,3980,15888,4196
34695,17853,8366,9487,48.6,3485,14368,4331
34698,37838,17779,20059,58,4286,33552,13416
34705,3306,1735,1571,37.2,842,2464,481
34711,66744,31990,34754,43.4,13410,53334,15210
34714,25047,12744,12303,35.1,5705,19342,3484
34715,24484,12517,11967,40,5892,18592,3037
34729,36,18,18,-,0,36,0
34731,11911,5756,6155,47.9,1922,9989,3047
34734,4502,2230,2272,32,1617,2885,270
34736,26040,12468,13572,42.3,6316,19724,5160
34737,3862,2171,1691,54.3,565,3297,899
34739,782,404,378,50.9,106,676,127
34741,54464,27435,27029,33.3,13992,40472,5857
34743,43330,21683,21647,36.9,9193,34137,5609
34744,60995,31768,29227,38.4,13423,47572,8579
34746,53653,25884,27769,38.1,12900,40753,7861
34747,26021,12549,13472,35.7,6011,20010,3810
34748,43915,21004,22911,59.8,6516,37399,18763
34753,6985,3505,3480,31,2173,4812,326
34756,4065,2029,2036,41.7,741,3324,578
34758,44793,22380,22413,33.3,11602,33191,5951
34759,39528,19197,20331,41.4,8245,31283,9521
34760,978,387,591,51,161,817,152
34761,46233,22421,23812,35.7,11699,34534,5051
34762,319,132,187,52,49,270,134
34769,29975,14620,15355,37.1,7745,22230,4124
34771,27537,12978,14559,38.6,6712,20825,3028
34772,32268,16118,16150,38.5,8050,24218,4701
34773,4647,2305,2342,36.8,1512,3135,712
34785,18487,10813,7674,42.1,2604,15883,3677
34786,45914,21340,24574,37.3,12233,33681,5198
34787,86913,42148,44765,37.7,24176,62737,9835
34788,22414,10970,11444,56.7,3554,18860,7816
34797,1304,643,661,68.6,165,1139,697
34945,5608,3006,2602,43.1,1114,4494,1252
34946,5825,3065,2760,40.9,816,5009,1272
34947,12992,6820,6172,32.7,3873,9119,1810
34949,7993,3927,4066,65.6,178,7815,4175
34950,17623,8608,9015,39,3820,13803,3350
34951,16853,8468,8385,55.7,2539,14314,5404
34952,41779,19505,22274,49.4,6916,34863,12218
34953,78558,38354,40204,40,18106,60452,11097
34956,9531,5677,3854,34.9,2318,7213,1651
34957,22523,10662,11861,58.2,3107,19416,8243
34972,19112,10974,8138,39.5,4307,14805,2510
34974,23601,12011,11590,47.9,4531,19070,6437
34981,6703,3224,3479,34.4,1887,4816,933
34982,26727,12861,13866,47.1,5319,21408,7127
34983,45943,23507,22436,41.3,9971,35972,8298
34984,18691,9470,9221,41.9,3995,14696,3948
34986,29319,13957,15362,57.3,5053,24266,10825
34987,14507,7147,7360,59.8,1978,12529,6126
34990,30606,14994,15612,51.4,5404,25202,8934
34994,17958,8877,9081,50.6,3048,14910,5182
34996,10755,5053,5702,64.9,999,9756,5343
34997,45562,22330,23232,53,7026,38536,14610
35004,11737,5762,5975,41.3,2530,9207,2130
35005,8194,3751,4443,46.3,1586,6608,1662
35006,3391,1732,1659,43,617,2774,869
35007,27052,12586,14466,39.7,6485,20567,3771
35010,20406,10164,10242,42.4,4510,15896,4110
35013,97,82,15,30.4,3,94,0
35014,3317,1463,1854,53,398,2919,900
35016,17532,9078,8454,39.4,4179,13353,3352
35019,2233,1019,1214,39.6,501,1732,259
35020,25713,12387,13326,38.9,6210,19503,4674
35022,23237,10280,12957,42,4647,18590,4928
35023,25335,12227,13108,39.2,6101,19234,4245
35031,7274,3747,3527,37.8,1524,5750,962
35032,39,18,21,32.6,13,26,10
35033,3297,1777,1520,43.3,864,2433,737
35034,5327,3307,2020,38.2,1297,4030,822
35035,818,312,506,38.1,188,630,126
35036,110,41,69,54.4,0,110,11
35040,18464,8943,9521,33.8,5042,13422,1819
35042,6127,3005,3122,46.8,902,5225,1484
35043,14564,7265,7299,39.2,4151,10413,2479
35044,8389,4357,4032,43.2,1574,6815,1317
35045,14496,6195,8301,40.3,3333,11163,2768
35046,5172,2413,2759,40.7,1322,3850,792
35049,4001,1877,2124,37.6,969,3032,705
35051,9879,5409,4470,40.5,2124,7755,1385
35052,257,50,207,79.7,0,257,231
35053,3073,1555,1518,50.1,756,2317,839
35054,4649,2265,2384,50.8,1046,3603,989
35055,22521,10777,11744,42.3,4787,17734,4303
35057,15058,7720,7338,39.1,3534,11524,2618
35058,10555,5103,5452,39.4,2196,8359,1817
35060,296,76,220,53.8,49,247,48
35061,1389,408,981,40.8,153,1236,202
35062,8623,4095,4528,47.1,1778,6845,1860
35063,3408,1774,1634,39.1,616,2792,410
35064,9995,4328,5667,30.8,2324,7671,1581
35068,8016,3822,4194,39.6,1860,6156,1145
35070,122,67,55,62.4,9,113,56
35071,17459,7863,9596,40.5,4233,13226,3266
35072,4508,2286,2222,44.3,1127,3381,1073
35073,2898,1467,1431,45.5,455,2443,548
35074,112,53,59,-,0,112,0
35077,13789,6779,7010,46,2632,11157,3102
35078,2089,985,1104,40,472,1617,416
35079,9301,4722,4579,40.1,2047,7254,1529
35080,19561,9337,10224,37,5630,13931,2159
35082,0,0,0,-,0,0,0
35083,3922,2222,1700,38,996,2926,690
35085,9246,5201,4045,40.5,2088,7158,1386
35087,2923,1536,1387,40.5,669,2254,258
35089,1697,785,912,54.8,195,1502,346
35091,3407,1692,1715,41.3,926,2481,440
35094,15406,7905,7501,43,3748,11658,2624
35096,8586,4309,4277,40.1,2053,6533,1399
35097,1930,859,1071,52.2,296,1634,346
35098,1161,595,566,34.2,269,892,296
35111,19418,10049,9369,37.7,4348,15070,2709
35112,0,0,0,-,0,0,0
35114,8548,4371,4177,40.1,2193,6355,1024
35115,16709,7964,8745,32.2,3478,13231,2170
35116,5218,2447,2771,37.4,1283,3935,860
35117,6002,2971,3031,43.5,1320,4682,1107
35118,3052,1659,1393,37.9,774,2278,546
35119,0,0,0,-,0,0,0
35120,17943,8147,9796,34.8,4851,13092,2095
35121,16591,8306,8285,43.5,4083,12508,3904
35124,24408,11746,12662,41.3,5475,18933,4318
35125,10759,5276,5483,36.5,2487,8272,1781
35126,21612,10100,11512,37.4,5309,16303,3190
35127,9549,4532,5017,43.8,1725,7824,1771
35128,10264,5077,5187,41.4,1972,8292,2067
35130,3171,1508,1663,53.1,591,2580,989
35131,3373,1671,1702,46.5,694,2679,746
35133,2922,1434,1488,45.9,616,2306,608
35135,1917,849,1068,39.7,396,1521,381
35136,2009,957,1052,48.4,335,1674,505
35143,3122,1715,1407,52.3,557,2565,820
35146,12908,6920,5988,42.3,2830,10078,2394
35147,6465,3227,3238,37.6,1531,4934,1051
35148,2418,1158,1260,41.6,369,2049,514
35149,77,77,0,-,0,77,0
35150,17283,7820,9463,40,4148,13135,3055
35151,7289,3582,3707,47,1452,5837,1399
35160,26649,13257,13392,43.8,4663,21986,5445
35171,3642,1854,1788,41.3,732,2910,582
35172,2842,1641,1201,38.2,555,2287,393
35173,31103,15567,15536,41.3,7527,23576,4600
35175,4986,2428,2558,47.3,974,4012,1290
35176,798,408,390,45.9,120,678,159
35178,2632,1355,1277,50.8,516,2116,629
35179,8835,4192,4643,43.3,1891,6944,1443
35180,14418,7282,7136,37.8,3692,10726,2345
35181,89,54,35,12.2,54,35,0
35183,1101,592,509,57.4,80,1021,399
35184,6153,3189,2964,33.6,1612,4541,800
35185,0,0,0,-,0,0,0
35186,5189,2622,2567,46.1,1172,4017,1097
35188,2701,1189,1512,38.2,679,2022,514
35203,3157,2033,1124,39.9,252,2905,398
35204,9343,4900,4443,45.4,1684,7659,1891
35205,19047,9077,9970,29.2,1309,17738,2267
35206,16477,7924,8553,42.1,3377,13100,3019
35207,6820,3090,3730,43,1440,5380,1955
35208,14629,6760,7869,41.2,3247,11382,3212
35209,29884,13748,16136,30.9,7514,22370,3492
35210,13230,6605,6625,45.5,1850,11380,2872
35211,24795,11133,13662,36.1,5822,18973,4268
35212,10136,4785,5351,33.1,3169,6967,1167
35213,15551,8235,7316,35.6,3784,11767,2003
35214,17507,8010,9497,46.3,2701,14806,4425
35215,46738,23049,23689,33.9,14240,32498,5250
35216,38352,18011,20341,35.2,9783,28569,5517
35217,12630,5942,6688,40.2,2659,9971,2470
35218,6962,3246,3716,40.1,1669,5293,994
35221,3034,1316,1718,54.7,485,2549,1024
35222,8387,4164,4223,34.3,1623,6764,1098
35223,11226,5138,6088,45.9,2732,8494,2494
35224,5483,2876,2607,36.5,1563,3920,602
35226,38079,18892,19187,36.9,9545,28534,5048
35228,10016,4122,5894,39.7,2456,7560,1376
35229,2514,672,1842,19.9,21,2493,0
35233,2787,1191,1596,27.7,49,2738,68
35234,4195,2130,2065,47.6,562,3633,1039
35235,20043,9591,10452,37.5,4775,15268,3283
35242,56466,27238,29228,43.5,11181,45285,10712
35243,18575,8188,10387,39.7,3585,14990,3655
35244,36783,17882,18901,38.3,8765,28018,5423
35249,42,30,12,43.6,0,42,12
35254,1795,595,1200,19.7,7,1788,0
35401,39168,17716,21452,22.5,5105,34063,4062
35404,23373,11861,11512,28.6,5085,18288,2434
35405,49196,22797,26399,35.1,10021,39175,7367
35406,19062,9804,9258,41.9,4287,14775,3622
35441,907,450,457,43.2,197,710,159
35442,5450,1949,3501,40.4,1046,4404,855
35443,1359,928,431,46,109,1250,266
35444,4012,1909,2103,36.6,733,3279,535
35446,2162,1020,1142,34.1,545,1617,162
35447,3025,1600,1425,47.6,416,2609,738
35452,4018,1953,2065,43.3,765,3253,680
35453,12130,6114,6016,38,2796,9334,1529
35456,4639,2190,2449,33.6,1037,3602,888
35457,51,38,13,-,0,51,0
35458,912,447,465,21,234,678,111
35459,761,343,418,51.8,111,650,280
35460,839,438,401,43.1,156,683,145
35461,2006,1113,893,48.9,350,1656,493
35462,4234,1948,2286,46.4,1016,3218,1276
35463,2130,1003,1127,30.3,413,1717,290
35464,563,241,322,25,207,356,18
35466,5513,3049,2464,42.3,1304,4209,980
35469,271,156,115,57.7,86,185,113
35470,5045,2227,2818,23.2,920,4125,520
35473,19844,9878,9966,34.1,4665,15179,3197
35474,8344,4099,4245,34.7,1807,6537,951
35475,18908,9337,9571,39.1,4503,14405,2646
35476,8240,3698,4542,35.6,1884,6356,1406
35477,114,102,12,8.2,67,47,0
35480,1828,890,938,28,475,1353,196
35481,3171,1538,1633,40.4,667,2504,611
35487,1339,828,511,19,115,1224,0
35490,4947,2705,2242,33,971,3976,640
35491,0,0,0,-,0,0,0
35501,10126,5020,5106,34,2654,7472,1534
35503,10070,5039,5031,41.4,2191,7879,2008
35504,12942,6387,6555,40.6,3242,9700,2732
35540,2228,1139,1089,40.8,629,1599,259
35541,4141,2088,2053,46.2,829,3312,907
35542,819,492,327,50.1,169,650,210
35543,1264,789,475,40.8,293,971,245
35544,991,477,514,49.4,50,941,280
35545,133,72,61,40,33,100,24
35546,4065,1835,2230,36.1,1175,2890,696
35548,1963,981,982,44.9,380,1583,325
35549,3128,1489,1639,50.3,562,2566,715
35550,5288,2616,2672,46.8,1075,4213,1036
35552,1230,523,707,33.9,239,991,172
35553,4831,2574,2257,42.4,1001,3830,1146
35554,1246,550,696,35.6,298,948,312
35555,9953,4992,4961,44.7,1993,7960,2164
35559,85,68,17,42.4,6,79,0
35563,3733,1724,2009,40.5,823,2910,723
35564,2090,969,1121,38.8,515,1575,379
35565,10966,5301,5665,46.6,2308,8658,2530
35570,10775,5540,5235,46.3,2045,8730,2552
35571,772,396,376,36.1,229,543,140
35572,1448,724,724,55.6,155,1293,286
35573,13,6,7,62.9,0,13,2
35574,1346,599,747,49.2,256,1090,260
35575,1090,543,547,44.6,247,843,233
35576,3517,1935,1582,44.6,789,2728,701
35577,4,2,2,-,0,4,0
35578,5029,2510,2519,44.2,1075,3954,1111
35579,3552,1784,1768,47.3,689,2863,856
35580,3748,1924,1824,42.9,770,2978,559
35581,5904,3110,2794,41.2,1569,4335,1030
35582,4518,2230,2288,43.1,953,3565,851
35584,211,125,86,53.4,6,205,47
35585,1838,859,979,35.1,666,1172,242
35586,3703,1782,1921,40.8,1130,2573,706
35587,734,385,349,50,114,620,186
35592,4196,2076,2120,47.5,777,3419,1084
35593,1602,813,789,47.2,223,1379,286
35594,7094,3390,3704,45.6,1371,5723,1520
35601,34817,17714,17103,37.5,8815,26002,5732
35603,32372,16049,16323,43.5,6826,25546,6741
35610,1739,1077,662,45.1,190,1549,412
35611,28375,13910,14465,40.6,5696,22679,5124
35613,22278,10739,11539,42.2,4574,17704,4140
35614,6753,3651,3102,39.7,1870,4883,1319
35615,0,0,0,-,0,0,0
35616,3599,1816,1783,43.9,800,2799,699
35618,1891,933,958,46,303,1588,382
35619,4739,2465,2274,37.1,1071,3668,663
35620,11648,5765,5883,38.9,2563,9085,1371
35621,3242,1649,1593,33.7,1082,2160,340
35622,6650,3452,3198,38.4,1461,5189,1465
35630,33252,14890,18362,35.1,6285,26967,5971
35632,837,304,533,19.8,0,837,0
35633,20720,10299,10421,44.6,4089,16631,4352
35634,10272,5409,4863,49.7,1835,8437,2871
35640,26909,12286,14623,40.8,6000,20909,4574
35643,4008,1798,2210,40.8,832,3176,605
35645,13575,6699,6876,45,3040,10535,2418
35646,4038,2070,1968,54.6,521,3517,1054
35647,989,556,433,32.3,293,696,136
35648,3184,1435,1749,42.3,664,2520,640
35649,93,30,63,56.3,12,81,21
35650,13101,6542,6559,45.9,2544,10557,2948
35651,1384,652,732,45.8,360,1024,186
35652,9268,4671,4597,43.6,1853,7415,1951
35653,10956,5665,5291,35.1,3001,7955,1641
35654,8314,3887,4427,38.8,1775,6539,1757
35660,9433,4744,4689,42.7,1762,7671,1971
35661,18982,9092,9890,42.4,3717,15265,3765
35670,7181,3719,3462,38.4,1802,5379,1134
35671,1526,704,822,53.8,163,1363,307
35672,5387,2776,2611,39.1,1391,3996,938
35673,7698,3911,3787,39.1,1927,5771,1045
35674,20214,9760,10454,37.6,4916,15298,3697
35677,1891,923,968,43.2,364,1527,453
35739,5013,2701,2312,47.5,954,4059,869
35740,3342,1640,1702,47,615,2727,697
35741,4206,2028,2178,52.3,542,3664,1002
35744,2113,1053,1060,44.6,283,1830,349
35745,99,67,32,60.6,0,99,27
35746,747,496,251,55.4,67,680,308
35747,6229,3114,3115,46.5,1294,4935,1259
35748,7170,3491,3679,52.8,1344,5826,1571
35749,28121,15408,12713,40.2,5479,22642,3766
35750,14255,6768,7487,40.1,3335,10920,2057
35751,245,157,88,30.5,45,200,26
35752,2220,1096,1124,41.9,462,1758,391
35754,5555,2785,2770,45.4,886,4669,1126
35755,404,203,201,56.5,24,380,138
35756,23425,11208,12217,34.8,6956,16469,1977
35757,17622,8651,8971,39.3,4406,13216,2316
35758,48043,24147,23896,40,12168,35875,6490
35759,11627,5581,6046,40.3,2615,9012,1456
35760,4847,2309,2538,35.8,1410,3437,602
35761,13032,6359,6673,38.4,3721,9311,1639
35763,19203,9323,9880,40.7,5294,13909,2878
35764,523,296,227,64.2,39,484,229
35765,4582,2269,2313,47.8,1025,3557,1013
35766,245,131,114,49.6,39,206,18
35768,12328,6225,6103,40.6,2538,9790,2354
35769,9832,4568,5264,45.7,1922,7910,2400
35771,3018,1521,1497,39.8,707,2311,533
35772,4855,2119,2736,41.8,1094,3761,922
35773,13784,6795,6989,45.1,2717,11067,2358
35774,118,64,54,55.1,6,112,29
35775,555,201,354,51.2,113,442,98
35776,3651,1511,2140,44.4,729,2922,734
35801,24002,12405,11597,40.7,3901,20101,4213
35802,23508,11463,12045,42.3,4068,19440,5612
35803,28210,13517,14693,45.2,5434,22776,6136
35805,20907,10116,10791,30.9,4989,15918,2265
35806,27549,14432,13117,32,4864,22685,2952
35808,1112,620,492,35.6,197,915,85
35810,31668,14602,17066,37,7500,24168,5729
35811,28841,14191,14650,38.5,5072,23769,4773
35816,15569,7674,7895,27.4,2991,12578,1562
35824,9767,4861,4906,39.7,1546,8221,1139
35896,527,136,391,19.7,0,527,0
35901,18818,9001,9817,41.1,4351,14467,3812
35903,17717,8570,9147,41.6,3000,14717,2934
35904,13482,6746,6736,41.6,2973,10509,2704
35905,6221,2893,3328,41.4,1524,4697,1219
35906,10429,4429,6000,41.7,2304,8125,1970
35907,9235,4599,4636,41.2,2296,6939,1885
35950,21156,10345,10811,32.8,6470,14686,2798
35951,13486,6516,6970,37.7,3398,10088,1868
35952,8948,4720,4228,40.9,1923,7025,1499
35953,6557,3741,2816,49.8,909,5648,1572
35954,12594,6241,6353,45.8,2299,10295,2591
35956,8207,4062,4145,39.8,2008,6199,1843
35957,16269,8123,8146,36.4,4649,11620,2757
35958,3290,1779,1511,38,846,2444,612
35959,4234,2061,2173,53.5,746,3488,1174
35960,9101,4215,4886,49.6,1463,7638,2587
35961,6271,3137,3134,35.5,1648,4623,941
35962,8391,4330,4061,37,1906,6485,925
35963,1608,668,940,41.8,268,1340,289
35966,3360,1708,1652,46.4,627,2733,610
35967,17257,8030,9227,39.6,4317,12940,3218
35968,4870,2334,2536,39.6,1097,3773,847
35971,5043,2591,2452,41.4,995,4048,802
35972,1293,668,625,44.3,378,915,357
35973,3336,1703,1633,37.8,690,2646,397
35974,1695,891,804,35.6,409,1286,284
35975,1400,684,716,43.6,299,1101,305
35976,16769,8503,8266,45.3,3181,13588,3908
35978,5877,2932,2945,37.9,1684,4193,854
35979,744,420,324,43.6,175,569,209
35980,6420,3317,3103,33.8,2020,4400,786
35981,1806,971,835,48.7,338,1468,367
35983,3426,1678,1748,42.4,787,2639,835
35984,1489,833,656,60.5,112,1377,528
35986,8415,4560,3855,42.7,2048,6367,1504
35987,2599,1342,1257,42.7,717,1882,591
35988,2028,902,1126,36.6,518,1510,354
35989,3590,2028,1562,37.8,964,2626,602
35990,0,0,0,-,0,0,0
36003,2420,1187,1233,38.6,542,1878,478
36005,1536,750,786,44.4,277,1259,372
36006,1909,886,1023,51.2,383,1526,490
36008,0,0,0,-,0,0,0
36009,2142,923,1219,46.9,482,1660,411
36010,5209,2584,2625,45.6,1115,4094,1193
36013,391,200,191,50.2,88,303,40
36016,4429,2774,1655,40.3,791,3638,781
36017,3211,2208,1003,44.5,482,2729,439
36020,1080,571,509,39.6,266,814,188
36022,16150,8040,8110,33.9,4648,11502,1731
36024,5305,2500,2805,52.5,758,4547,1202
36025,7120,4716,2404,40.3,1071,6049,836
36026,1294,598,696,54.2,96,1198,447
36027,14887,6925,7962,39.6,3458,11429,3296
36028,1653,870,783,51.8,277,1376,433
36029,813,406,407,58.4,129,684,292
36030,316,134,182,51.3,65,251,112
36031,23,0,23,52.1,0,23,5
36032,2408,1115,1293,34.9,555,1853,468
36033,3513,1656,1857,48.5,661,2852,937
36034,715,363,352,41.6,182,533,112
36035,2019,947,1072,40.9,568,1451,393
36036,1904,904,1000,43.2,227,1677,374
36037,13177,6233,6944,40.1,2960,10217,2504
36038,144,27,117,31.9,1,143,30
36039,261,167,94,48.1,0,261,14
36040,3748,1815,1933,40.8,820,2928,691
36041,1506,734,772,39.8,389,1117,244
36042,1389,764,625,35.5,351,1038,257
36043,3800,1831,1969,42.1,784,3016,714
36046,1358,668,690,37.8,289,1069,256
36047,859,318,541,55.7,28,831,294
36048,1240,600,640,44.5,233,1007,272
36049,5403,2645,2758,41.9,1190,4213,1250
36051,3308,1694,1614,35.4,791,2517,263
36052,674,398,276,61.3,53,621,311
36053,2505,1167,1338,34.9,530,1975,372
36054,15233,6882,8351,34,3600,11633,2236
36057,108,108,0,16.6,108,0,0
36064,13007,6227,6780,35.3,4095,8912,1454
36066,21626,10489,11137,38.8,4657,16969,3111
36067,27436,13484,13952,40.2,6333,21103,4619
36069,1987,987,1000,49.7,377,1610,515
36071,467,198,269,42.6,107,360,86
36075,1642,747,895,55.4,244,1398,559
36078,13398,6160,7238,39.9,2747,10651,2766
36079,8998,4292,4706,38.5,1803,7195,2046
36080,2551,1343,1208,42.3,670,1881,408
36081,16008,7814,8194,24.6,2822,13186,1377
36082,823,283,540,19.4,0,823,0
36083,9385,4444,4941,34.5,1517,7868,1944
36088,3451,1224,2227,22.2,501,2950,447
36089,7740,4150,3590,38.9,1805,5935,1219
36091,3887,1884,2003,44.5,712,3175,745
36092,21053,9847,11206,39.9,4577,16476,3412
36093,11769,5740,6029,40.6,2743,9026,1931
36101,49,49,0,33.4,0,49,0
36104,10132,5358,4774,33.3,1821,8311,1379
36105,9668,4723,4945,47.5,1565,8103,2186
36106,15081,7000,8081,36.2,2769,12312,2547
36107,7464,3455,4009,34,2119,5345,1158
36108,15271,6770,8501,44.4,3201,12070,3449
36109,23935,11772,12163,39.5,4921,19014,4834
36110,11245,5361,5884,33.9,2959,8286,1511
36111,13033,5985,7048,38,3007,10026,2257
36112,239,205,34,29.2,3,236,3
36113,1444,938,506,38.5,285,1159,7
36114,0,0,0,-,0,0,0
36115,1083,697,386,19.5,488,595,0
36116,45445,21236,24209,33.7,12159,33286,5414
36117,53559,24156,29403,36.1,13150,40409,7623
36130,0,0,0,-,0,0,0
36201,16794,8425,8369,41.7,2969,13825,3313
36203,18579,9686,8893,38.3,4238,14341,3047
36205,1108,488,620,38.4,209,899,187
36206,10730,5167,5563,37.8,2647,8083,1424
36207,19750,9665,10085,41.6,4495,15255,4597
36250,4419,1931,2488,40.8,867,3552,752
36251,5291,2547,2744,41.5,1101,4190,947
36255,901,475,426,46.9,156,745,155
36256,1376,626,750,43.6,319,1057,268
36258,1609,806,803,48.7,281,1328,380
36260,4602,2239,2363,38.4,1329,3273,1006
36262,1752,808,944,45,395,1357,326
36263,520,287,233,38.5,109,411,119
36264,8341,4168,4173,42.4,1935,6406,1722
36265,21802,10158,11644,35.8,3469,18333,3429
36266,6276,2934,3342,43.4,1404,4872,1257
36267,222,149,73,11.3,133,89,0
36268,6424,2849,3575,35.9,1826,4598,1073
36269,1350,631,719,33.9,423,927,237
36271,6106,2879,3227,44.3,1383,4723,1197
36272,13048,6277,6771,44,2584,10464,2203
36273,3300,1712,1588,38,708,2592,528
36274,10162,4787,5375,44.4,2021,8141,2449
36276,2841,1316,1525,36.4,659,2182,574
36277,5531,2768,2763,35.5,1292,4239,865
36278,4056,2108,1948,54,666,3390,1014
36279,2932,1256,1676,40.7,876,2056,516
36280,4285,2119,2166,39.6,1019,3266,635
36301,38101,17958,20143,39.4,8966,29135,6765
36303,30390,14593,15797,38.6,7112,23278,5629
36305,17309,8402,8907,41.3,4098,13211,2801
36310,6071,2912,3159,52.2,883,5188,1907
36311,2761,1257,1504,36.5,629,2132,518
36312,6066,2935,3131,43.9,1256,4810,1263
36313,122,42,80,-,0,122,80
36314,560,267,293,36.3,146,414,131
36316,2177,1013,1164,44.1,392,1785,327
36317,703,282,421,56.3,96,607,197
36318,1302,733,569,45.2,302,1000,285
36319,2404,1216,1188,39.5,587,1817,506
36320,3213,1576,1637,47,494,2719,729
36321,2156,1066,1090,39,508,1648,466
36322,8186,3685,4501,43.9,1514,6672,1427
36323,7941,4008,3933,47.8,1426,6515,1867
36330,38461,19153,19308,36.5,9523,28938,5722
36340,5235,2486,2749,46.9,1092,4143,1109
36343,1391,651,740,49.6,211,1180,373
36344,5872,2969,2903,37.5,1462,4410,1158
36345,8977,4375,4602,39.5,2429,6548,1625
36346,1309,588,721,40.6,295,1014,309
36350,7958,4047,3911,37.9,1895,6063,1109
36351,3670,1891,1779,45.1,837,2833,751
36352,5682,2850,2832,41.6,1194,4488,964
36353,1704,804,900,50.3,252,1452,421
36360,19053,9442,9611,43.2,4178,14875,4227
36362,5422,2981,2441,24.2,2025,3397,13
36370,973,496,477,46.1,188,785,152
36371,447,206,241,51.3,52,395,94
36373,435,215,220,46.8,19,416,100
36374,572,326,246,48.7,123,449,115
36375,7242,3591,3651,43.3,1522,5720,1454
36376,2253,1152,1101,45,464,1789,501
36401,7579,3574,4005,42.7,1748,5831,1624
36420,10429,5063,5366,41.4,2441,7988,2160
36421,9717,4880,4837,40.7,2366,7351,1998
36425,719,349,370,44.3,154,565,158
36426,15932,7604,8328,39,3801,12131,2865
36432,1718,721,997,56.3,155,1563,604
36435,433,248,185,62.6,12,421,199
36436,718,320,398,29.4,172,546,66
36439,82,35,47,45.1,20,62,25
36441,3505,1637,1868,38.7,971,2534,569
36442,3456,1730,1726,44.6,760,2696,720
36444,626,323,303,47.8,106,520,150
36445,5115,2549,2566,45.4,750,4365,1177
36446,451,285,166,29.4,136,315,49
36451,4348,2342,2006,44.5,767,3581,971
36453,2583,1332,1251,50.6,426,2157,574
36454,30,28,2,43.8,0,30,5
36455,304,126,178,55.7,52,252,100
36456,1705,830,875,37.4,486,1219,309
36460,9483,4521,4962,43.9,2384,7099,1970
36467,10057,4754,5303,47.9,1949,8108,2477
36470,0,0,0,-,0,0,0
36471,826,476,350,37.8,204,622,122
36473,171,117,54,51.4,11,160,52
36474,2496,1258,1238,43.4,547,1949,478
36475,2173,1147,1026,35.5,409,1764,342
36476,40,9,31,38.9,7,33,4
36477,4276,2030,2246,43.9,980,3296,841
36480,1735,907,828,49.3,321,1414,401
36481,240,113,127,50.2,29,211,72
36482,825,420,405,56.7,51,774,175
36483,588,281,307,50.2,69,519,161
36502,16132,8147,7985,41.1,3670,12462,3214
36503,1294,1275,19,43.4,0,1294,74
36505,1176,504,672,38.7,210,966,118
36507,20603,9964,10639,38.4,4055,16548,3454
36509,1575,709,866,48.7,306,1269,317
36511,620,164,456,53.5,141,479,173
36512,20,10,10,-,0,20,20
36513,409,203,206,35.6,128,281,105
36518,2256,1108,1148,55.2,318,1938,563
36521,5804,2840,2964,35.6,1362,4442,884
36522,7101,3595,3506,35.8,2061,5040,1237
36523,3139,1610,1529,44.7,739,2400,516
36524,1193,558,635,49.5,207,986,357
36525,2035,995,1040,39.6,534,1501,337
36526,34611,16816,17795,36.9,9607,25004,5605
36527,19942,10265,9677,36.8,5759,14183,2425
36528,1793,932,861,60.8,119,1674,643
36529,193,94,99,58.6,24,169,46
36530,6272,3409,2863,50.5,880,5392,1501
36532,35824,17033,18791,47.2,7439,28385,9112
36535,37703,17830,19873,48.4,6590,31113,9716
36538,406,224,182,29.7,56,350,63
36539,451,182,269,38.4,137,314,107
36540,1050,521,529,26.4,343,707,142
36541,15601,8265,7336,41.3,3744,11857,3113
36542,17089,7739,9350,50,2524,14565,4455
36543,8,3,5,-,0,8,5
36544,11726,5750,5976,42.7,2432,9294,2083
36545,8818,4169,4649,44,1737,7081,1985
36547,0,0,0,-,0,0,0
36548,1220,666,554,34.8,444,776,171
36549,6048,3106,2942,56.1,710,5338,2275
36550,368,207,161,54.6,94,274,104
36551,12416,6720,5696,36.5,3076,9340,1465
36553,3498,1779,1719,41.4,827,2671,366
36555,1298,584,714,50,233,1065,294
36556,44,0,44,-,25,19,19
36558,4042,2074,1968,41.5,759,3283,751
36559,375,147,228,76.2,19,356,222
36560,3211,1446,1765,38.8,687,2524,547
36561,8952,4333,4619,54.7,1248,7704,2693
36562,1456,641,815,44.6,364,1092,288
36564,0,0,0,-,0,0,0
36567,14313,7518,6795,41,3042,11271,2930
36568,85,69,16,50.6,0,85,0
36569,706,313,393,50.6,40,666,210
36571,16497,8356,8141,43.2,3996,12501,3334
36572,6770,3806,2964,40.3,1452,5318,1210
36574,1636,765,871,46.7,333,1303,479
36575,21680,10564,11116,37.7,5530,16150,3021
36576,4360,2058,2302,37.4,867,3493,593
36578,1217,622,595,54.4,195,1022,185
36579,1649,883,766,48.1,288,1361,341
36580,6574,3129,3445,35.3,1936,4638,1129
36581,232,130,102,72.3,0,232,167
36582,23964,11250,12714,39.8,5783,18181,4018
36583,505,266,239,48.6,113,392,77
36584,654,288,366,58.3,96,558,236
36585,917,469,448,30,266,651,138
36587,12967,6469,6498,33.9,3215,9752,1753
36602,928,492,436,59.5,18,910,328
36603,8562,4410,4152,38.3,1915,6647,1639
36604,9080,4158,4922,37.1,1944,7136,1325
36605,25732,11659,14073,38.3,6371,19361,3977
36606,19672,8863,10809,33.6,4958,14714,2320
36607,5853,3031,2822,49.5,882,4971,1236
36608,36281,17581,18700,35.4,7769,28512,5469
36609,23552,10795,12757,34.5,4649,18903,3904
36610,10024,4570,5454,40.5,2332,7692,1673
36611,6398,3177,3221,33.3,1805,4593,855
36612,3877,1809,2068,39.7,1190,2687,839
36613,12326,5625,6701,38.9,2998,9328,2391
36615,0,0,0,-,0,0,0
36617,12162,5884,6278,45.6,2244,9918,2884
36618,17386,7920,9466,38.8,4002,13384,2673
36619,14658,7705,6953,40.3,3183,11475,2582
36652,58,20,38,74.5,0,58,58
36663,112,60,52,40.4,2,110,2
36688,1693,844,849,20.4,24,1669,0
36693,18804,8881,9923,43.7,4187,14617,4084
36695,51877,24091,27786,35.8,13586,38291,7716
36701,21940,10574,11366,38.8,5103,16837,3928
36703,10883,4656,6227,46.8,2201,8682,2401
36720,753,386,367,38.4,190,563,49
36722,98,67,31,59.1,16,82,14
36723,455,271,184,19.4,171,284,43
36726,5016,2204,2812,40.8,1228,3788,1163
36727,168,38,130,39.1,15,153,18
36728,604,257,347,28.9,219,385,121
36732,7985,3408,4577,41.7,1754,6231,1686
36736,1436,842,594,20.1,715,721,291
36738,870,362,508,47.5,127,743,151
36740,1220,423,797,44.9,186,1034,183
36741,0,0,0,-,0,0,0
36742,2801,1556,1245,33.5,368,2433,393
36744,5703,2645,3058,40.5,1298,4405,1301
36748,2697,1238,1459,51.2,482,2215,602
36749,608,274,334,52.5,92,516,171
36750,2659,1248,1411,38,862,1797,477
36751,416,176,240,23.1,43,373,20
36752,1081,544,537,50.7,196,885,295
36753,0,0,0,-,0,0,0
36754,284,102,182,18.9,134,150,38
36756,5570,2556,3014,34.9,1165,4405,1126
36758,1805,799,1006,37.4,708,1097,288
36759,1683,850,833,44.7,348,1335,310
36761,754,348,406,54.8,208,546,222
36763,186,79,107,70.1,4,182,95
36764,0,0,0,-,0,0,0
36765,1128,513,615,55.6,249,879,410
36766,19,11,8,60.5,0,19,3
36767,1434,659,775,30.3,555,879,189
36768,1029,504,525,49.7,96,933,202
36769,1927,953,974,45.7,496,1431,441
36773,283,137,146,35,65,218,42
36775,1117,442,675,53.6,254,863,429
36776,1992,854,1138,29.2,641,1351,240
36782,2004,1040,964,38.8,555,1449,311
36783,627,308,319,49.7,71,556,168
36784,6112,2644,3468,36.7,1803,4309,1081
36785,742,374,368,52.8,136,606,147
36786,2055,964,1091,43.4,489,1566,342
36790,534,315,219,51.8,82,452,36
36792,800,489,311,35.8,152,648,152
36793,859,515,344,36,164,695,68
36801,23479,11278,12201,40.1,5009,18470,4556
36804,19917,10228,9689,38.7,4790,15127,2412
36830,47050,22862,24188,33.5,9291,37759,5557
36832,28917,15283,13634,23.7,5117,23800,2133
36849,5397,1443,3954,19.6,22,5375,0
36850,2731,1278,1453,47.8,600,2131,658
36851,0,0,0,-,0,0,0
36852,2281,1186,1095,31.6,713,1568,224
36853,8579,4284,4295,50.7,1183,7396,2308
36854,15643,7817,7826,37,3278,12365,2641
36855,1331,554,777,50.3,153,1178,320
36856,8769,3910,4859,31.4,2968,5801,789
36858,405,211,194,57.1,103,302,132
36860,1710,834,876,53.9,174,1536,421
36861,2703,1390,1313,55.4,310,2393,721
36862,5986,3035,2951,52,1114,4872,1553
36863,12370,5580,6790,43.9,2690,9680,2413
36865,46,24,22,26.8,0,46,12
36866,4188,1933,2255,38.2,976,3212,741
36867,21700,10351,11349,36.1,5062,16638,3161
36869,23052,11166,11886,37.1,5433,17619,3192
36870,18812,9603,9209,38.7,4186,14626,2626
36871,1027,519,508,52.4,215,812,244
36874,10373,5035,5338,44.6,2382,7991,2195
36875,3679,1800,1879,49.6,723,2956,730
36877,12933,6610,6323,34.9,3576,9357,1668
36879,3000,1821,1179,46.1,684,2316,407
36901,49,0,49,67.6,0,49,39
36904,4196,2041,2155,45.6,871,3325,1078
36907,1572,635,937,58.2,223,1349,552
36908,1885,961,924,42.5,447,1438,320
36910,14,6,8,-,0,14,0
36912,1558,585,973,53.7,234,1324,435
36913,54,25,29,62.2,0,54,11
36915,574,242,332,44.8,100,474,151
36916,689,279,410,42.4,199,490,105
36919,1764,891,873,49.1,282,1482,381
36921,919,419,500,54.2,126,793,360
36922,805,368,437,36.1,256,549,176
36925,2961,1465,1496,44.2,593,2368,602
37010,5429,2672,2757,37.4,1492,3937,632
37012,2340,1288,1052,38.3,589,1751,323
37013,99800,48921,50879,32.4,27738,72062,7574
37014,3316,1813,1503,50.5,624,2692,869
37015,19104,9866,9238,40.9,4232,14872,3148
37016,935,442,493,53.1,129,806,231
37018,2608,1307,1301,39.6,692,1916,377
37019,844,537,307,40.6,155,689,137
37020,4993,2378,2615,38.9,1105,3888,637
37022,6163,3107,3056,41.9,1606,4557,1050
37023,1569,882,687,42.8,501,1068,126
37025,6178,3093,3085,41.2,1359,4819,871
37026,2397,1217,1180,39.2,611,1786,517
37027,62116,31115,31001,43.2,15132,46984,9808
37028,421,199,222,53.2,90,331,160
37029,7042,3634,3408,39.5,1489,5553,1049
37030,7595,3630,3965,44.9,1480,6115,1396
37031,4089,2094,1995,48,558,3531,731
37032,5822,2960,2862,35.7,1524,4298,746
37033,8136,3930,4206,46.4,1608,6528,1646
37034,7546,3585,3961,39.5,1783,5763,1074
37035,3718,1781,1937,39.7,718,3000,479
37036,6507,3052,3455,40.4,1678,4829,1022
37037,9284,4966,4318,36.5,2515,6769,1107
37040,60377,30136,30241,30.8,15858,44519,5160
37042,83409,41307,42102,29.7,22981,60428,5798
37043,55127,27442,27685,35.6,14144,40983,7473
37046,6674,3435,3239,43.6,1642,5032,769
37047,2619,1455,1164,38.7,566,2053,445
37048,6613,3326,3287,42.9,1591,5022,1224
37049,3886,1931,1955,37.5,914,2972,457
37050,1667,827,840,44.3,391,1276,294
37051,3948,2129,1819,43.4,845,3103,703
37052,2183,1271,912,48,390,1793,627
37055,28161,13830,14331,37,6645,21516,4752
37057,573,288,285,56.4,22,551,66
37058,7800,3735,4065,45.1,1652,6148,1784
37059,1588,759,829,35.8,441,1147,248
37060,2714,1372,1342,41.4,731,1983,420
37061,5205,2673,2532,42.5,1073,4132,1008
37062,13194,6753,6441,39.9,2905,10289,2163
37064,63374,30548,32826,41.2,15043,48331,9582
37066,59554,29856,29698,39.9,13158,46396,10979
37067,31953,15801,16152,37.3,7598,24355,4724
37069,19571,9603,9968,44.5,5100,14471,3190
37072,32364,15187,17177,40.4,6921,25443,6074
37073,14500,7024,7476,40.3,3672,10828,2149
37074,11006,6818,4188,34,2046,8960,1370
37075,72102,34532,37570,39.9,16537,55565,10858
37076,38095,18158,19937,37.5,7733,30362,5481
37078,596,350,246,49.2,112,484,142
37079,2711,1284,1427,37.9,640,2071,463
37080,7106,3423,3683,49.5,1145,5961,1558
37082,5606,2890,2716,41.9,1191,4415,906
37083,15790,7887,7903,39.4,3830,11960,2604
37085,5304,2858,2446,40.8,1208,4096,596
37086,36772,18320,18452,32.7,10557,26215,2853
37087,53068,25448,27620,37.5,11713,41355,8238
37090,16982,8236,8746,39.5,3829,13153,2850
37091,23650,11431,12219,38.9,5709,17941,4001
37095,2279,1164,1115,42,458,1821,384
37096,6055,2977,3078,42.5,1310,4745,1284
37097,1895,991,904,50.1,354,1541,485
37098,5961,2798,3163,32.8,1705,4256,925
37101,6669,3367,3302,41.5,1752,4917,1137
37110,33384,16248,17136,40.3,7505,25879,6225
37115,41926,20639,21287,37.2,9486,32440,5971
37118,1274,638,636,53.2,124,1150,394
37122,65251,32985,32266,40.6,15840,49411,10159
37127,20734,10784,9950,33.4,5785,14949,2220
37128,73657,36319,37338,32,20055,53602,6348
37129,60448,29865,30583,37.4,13812,46636,7599
37130,58119,28056,30063,32.7,10893,47226,7387
37132,2757,1394,1363,19.3,20,2737,0
37134,2993,1474,1519,37.6,943,2050,436
37135,22693,10892,11801,36.7,6403,16290,1802
37137,2477,1332,1145,55,384,2093,589
37138,23297,11766,11531,44.9,4860,18437,4092
37140,1501,1412,89,38.2,42,1459,39
37141,1517,886,631,44.7,343,1174,331
37142,1516,794,722,54.6,124,1392,362
37143,4069,2152,1917,40.7,886,3183,642
37144,3222,1700,1522,48,555,2667,567
37145,2556,1390,1166,44.5,586,1970,543
37146,7537,3842,3695,41.2,1631,5906,1106
37148,25029,12306,12723,36.3,6558,18471,3286
37149,2130,1053,1077,53,286,1844,514
37150,4183,2080,2103,40.2,1077,3106,742
37151,443,230,213,49.9,31,412,60
37153,5425,2432,2993,40.8,1434,3991,1164
37160,36057,18032,18025,36.2,9715,26342,5021
37165,38,14,24,61.6,8,30,13
37166,14051,7021,7030,43.2,2986,11065,2491
37167,62284,30452,31832,34.8,15766,46518,6403
37171,1555,825,730,40.9,374,1181,253
37172,31173,15637,15536,39.2,7451,23722,4894
37174,47859,24296,23563,36.9,12982,34877,6137
37175,850,386,464,44.5,218,632,220
37178,2009,974,1035,46.9,343,1666,442
37179,17454,8515,8939,36,5469,11985,1680
37180,4189,2232,1957,42.5,701,3488,665
37181,1481,761,720,53.5,229,1252,325
37183,3183,1699,1484,49.7,551,2632,685
37184,6992,3545,3447,40.6,1408,5584,927
37185,9125,4544,4581,45.8,1596,7529,2181
37186,11091,5115,5976,37.5,2836,8255,1507
37187,7888,3705,4183,38.9,1673,6215,1174
37188,16774,8396,8378,37.2,3716,13058,2304
37189,4139,2028,2111,42.4,864,3275,747
37190,8766,4404,4362,38.6,1831,6935,1379
37191,4317,2215,2102,37.3,1010,3307,635
37201,1566,1073,493,36.9,123,1443,81
37203,18903,9270,9633,31,1343,17560,1163
37204,17234,7947,9287,29.9,3282,13952,1497
37205,25711,12001,13710,48.8,4579,21132,7181
37206,29389,14799,14590,33.3,6368,23021,2223
37207,40144,19073,21071,34.8,9908,30236,4319
37208,20410,9131,11279,30.2,3145,17265,2110
37209,38126,18089,20037,32.2,5522,32604,3879
37210,16509,8033,8476,31.6,3097,13412,1932
37211,74389,37903,36486,32.8,16179,58210,8272
37212,20759,9305,11454,24.9,2037,18722,1721
37213,32,29,3,17.7,19,13,0
37214,31752,15716,16036,37.5,5850,25902,4428
37215,22363,9879,12484,43.8,4096,18267,5401
37216,19164,9634,9530,34.6,3309,15855,2471
37217,30450,15473,14977,34.3,6793,23657,3044
37218,15115,6947,8168,40.6,3430,11685,2914
37219,1609,1038,571,31.2,0,1609,37
37220,6153,3049,3104,45.2,1361,4792,1394
37221,43400,20886,22514,40,9256,34144,7599
37228,2296,946,1350,29,115,2181,318
37232,0,0,0,-,0,0,0
37238,0,0,0,-,0,0,0
37301,1098,556,542,49.6,241,857,251
37302,5239,2438,2801,44.5,1101,4138,624
37303,25101,12444,12657,42.1,4659,20442,5009
37305,782,383,399,46.5,109,673,155
37306,2230,1166,1064,50.3,347,1883,670
37307,5073,2409,2664,44,1073,4000,885
37308,2663,1368,1295,38.4,631,2032,365
37309,2312,1145,1167,48,373,1939,643
37310,4009,2077,1932,50.2,744,3265,810
37311,28995,13894,15101,34.3,5762,23233,3899
37312,37452,17881,19571,40,8535,28917,7623
37313,1385,678,707,53.1,232,1153,451
37315,1765,1075,690,19.6,17,1748,0
37316,0,0,0,-,0,0,0
37317,2779,1377,1402,44.7,625,2154,439
37318,2323,1146,1177,34.4,723,1600,419
37321,20672,10307,10365,37.3,4889,15783,3498
37322,8658,4306,4352,44.2,1844,6814,1913
37323,31188,15792,15396,42.8,7067,24121,5058
37324,4907,2399,2508,42.1,880,4027,865
37325,1685,817,868,51.4,273,1412,307
37326,467,159,308,57.9,35,432,138
37327,12165,6358,5807,42.7,2486,9679,2575
37328,1719,956,763,34.3,646,1073,206
37329,6460,3131,3329,39.9,1684,4776,1140
37330,6899,3522,3377,42.6,1376,5523,1191
37331,7495,3610,3885,46.1,1605,5890,1781
37332,1977,1040,937,39.9,320,1657,522
37333,463,223,240,49.2,99,364,163
37334,24051,11320,12731,41.4,5571,18480,4646
37335,2692,1394,1298,46.4,549,2143,584
37336,4858,2337,2521,47.1,945,3913,870
37337,828,382,446,59,44,784,259
37338,3169,1686,1483,47,596,2573,489
37339,1670,845,825,34.8,519,1151,201
37340,207,120,87,63.8,0,207,98
37341,14178,6991,7187,43.8,2914,11264,2964
37342,3968,1930,2038,39.6,1087,2881,695
37343,44039,21430,22609,41.7,8882,35157,9053
37345,2541,1284,1257,42.4,566,1975,536
37347,8452,3903,4549,40.1,2087,6365,1768
37348,790,484,306,46.4,161,629,134
37350,2128,951,1177,49.3,530,1598,532
37351,408,154,254,41.3,61,347,70
37352,3452,1821,1631,41.9,790,2662,666
37353,4926,2318,2608,49,907,4019,955
37354,17273,8293,8980,43.1,3763,13510,3756
37355,29152,14492,14660,37.7,7100,22052,4725
37356,2403,1170,1233,46.6,479,1924,678
37357,5552,2935,2617,34.4,1624,3928,716
37359,1075,547,528,53,170,905,203
37360,1741,862,879,49.1,268,1473,235
37361,1966,941,1025,51.6,301,1665,576
37362,3618,1932,1686,43.5,828,2790,799
37363,40195,20022,20173,42.9,8706,31489,8029
37365,1902,969,933,46.2,384,1518,324
37366,1026,508,518,39.7,287,739,241
37367,11565,7003,4562,44.5,1817,9748,2359
37369,451,258,193,56.9,32,419,175
37370,5204,2441,2763,40.5,1386,3818,749
37373,3332,1724,1608,47.5,726,2606,782
37374,1971,1011,960,30.1,449,1522,171
37375,3898,1916,1982,26.5,346,3552,873
37376,294,117,177,57,35,259,31
37377,16508,7969,8539,43.7,4300,12208,3853
37379,28593,14218,14375,45.6,6290,22303,5539
37380,6270,3097,3173,44.6,1255,5015,1242
37381,10167,5252,4915,47.9,1915,8252,2102
37383,326,141,185,21.1,0,326,0
37385,8495,4571,3924,42,2117,6378,1687
37387,4040,1992,2048,39.9,788,3252,797
37388,27036,13327,13709,41.7,5961,21075,5672
37391,1792,1086,706,39.8,379,1413,344
37394,79,35,44,70.7,1,78,66
37396,192,80,112,70.3,0,192,162
37397,10180,5526,4654,45.1,1934,8246,1921
37398,15207,7453,7754,43.8,3265,11942,3185
37402,4167,2398,1769,39.3,594,3573,793
37403,6494,3141,3353,20.9,161,6333,427
37404,13848,6957,6891,36.5,2991,10857,2037
37405,18456,8630,9826,35,3242,15214,2748
37406,12986,6028,6958,35.2,3495,9491,2300
37407,9827,5177,4650,28.4,3724,6103,723
37408,2727,1317,1410,32.4,478,2249,339
37409,3494,1833,1661,36.1,739,2755,413
37410,3440,1343,2097,29.2,1182,2258,359
37411,18710,8416,10294,40.4,4173,14537,3563
37412,21840,10610,11230,39.4,4233,17607,4083
37415,22928,10775,12153,37.7,3827,19101,3916
37416,13823,6699,7124,40.5,2222,11601,2358
37419,6092,3019,3073,42.8,1285,4807,1516
37421,52507,25094,27413,40.9,10421,42086,9576
37450,0,0,0,-,0,0,0
37601,38223,18347,19876,38.4,7638,30585,6236
37604,37090,17811,19279,35.5,6110,30980,6308
37614,2632,1151,1481,19.5,0,2632,0
37615,22268,11082,11186,43,4088,18180,4449
37616,5344,2632,2712,45.7,1200,4144,1152
37617,14519,7303,7216,46.5,2504,12015,3050
37618,12792,6337,6455,45.8,2637,10155,2916
37620,38245,18734,19511,43.6,7484,30761,7632
37640,3517,1819,1698,52.8,532,2985,873
37641,9139,4579,4560,45.1,1696,7443,2114
37642,15138,7104,8034,43.3,3029,12109,3158
37643,33773,16374,17399,46,6635,27138,7336
37645,5486,2714,2772,42.2,1074,4412,1051
37650,12980,6633,6347,44.3,2647,10333,2821
37656,3652,1905,1747,52,497,3155,781
37657,1057,510,547,41.3,361,696,244
37658,3714,1958,1756,48.8,671,3043,993
37659,28040,13923,14117,46.5,5612,22428,6355
37660,39481,18656,20825,44.7,7496,31985,9248
37663,13658,6764,6894,48.7,2248,11410,3424
37664,28804,14009,14795,46,5774,23030,7015
37665,5540,2855,2685,39.1,1231,4309,971
37680,454,217,237,42.5,41,413,155
37681,6122,3082,3040,47.9,1180,4942,1868
37682,520,216,304,20.5,47,473,0
37683,13686,7714,5972,44.6,2388,11298,2987
37686,8848,4552,4296,45.3,1548,7300,1711
37687,4159,2259,1900,48.9,622,3537,1027
37688,945,444,501,56,61,884,347
37690,4966,2720,2246,45.2,838,4128,754
37691,555,246,309,52.8,122,433,95
37692,4769,2455,2314,50.9,676,4093,1209
37694,2069,1077,992,48.7,335,1734,422
37701,9073,4562,4511,36.5,2184,6889,1831
37705,5540,2607,2933,35.2,1614,3926,819
37708,6365,3180,3185,47.9,1106,5259,1489
37709,3746,2080,1666,41.9,845,2901,668
37710,1041,484,557,47.3,209,832,121
37711,5115,2470,2645,47.7,971,4144,1035
37713,1378,769,609,46.3,204,1174,290
37714,4259,2211,2048,47.2,1022,3237,1210
37715,744,420,324,58.1,84,660,176
37716,26391,13103,13288,46,4809,21582,6007
37719,10,10,0,-,0,10,10
37721,14522,7480,7042,41.9,3040,11482,2756
37722,7417,3660,3757,49.3,1420,5997,2099
37723,1273,653,620,43.7,252,1021,348
37724,2673,1246,1427,33.1,342,2331,478
37725,18023,9017,9006,48.2,2995,15028,4152
37726,2258,1239,1019,35.7,695,1563,456
37727,1994,991,1003,50.6,292,1702,609
37729,1547,828,719,45.2,369,1178,280
37730,29,6,23,47.8,0,29,4
37731,630,349,281,33.8,197,433,90
37732,32,17,15,-,0,32,15
37733,0,0,0,-,0,0,0
37737,6458,3271,3187,47.8,1215,5243,1330
37738,5197,2768,2429,44.1,1174,4023,1043
37742,6600,3410,3190,41.6,1344,5256,1199
37743,23822,11772,12050,46.4,4384,19438,5704
37745,20852,10291,10561,43,3849,17003,4199
37748,16700,8296,8404,46.9,3015,13685,3336
37752,6102,2941,3161,40.7,899,5203,1199
37753,985,622,363,46.7,221,764,95
37754,3513,1811,1702,48.3,623,2890,641
37755,2920,1445,1475,38.5,629,2291,397
37756,3109,1569,1540,43,620,2489,540
37757,10313,5000,5313,39.9,2372,7941,1749
37760,13887,6782,7105,36.6,3076,10811,2136
37762,2431,1257,1174,52.3,372,2059,664
37763,16377,7783,8594,47.9,2911,13466,3955
37764,10901,5302,5599,43.5,2472,8429,1807
37765,734,372,362,47.1,177,557,160
37766,17786,8667,9119,44.6,3552,14234,3552
37769,5469,2800,2669,43.8,845,4624,992
37770,2855,1451,1404,49.4,302,2553,559
37771,17802,8705,9097,39.3,4052,13750,3122
37772,13597,6542,7055,48.6,2707,10890,3283
37774,19713,10007,9706,58.5,2788,16925,7439
37777,13252,6807,6445,40,2294,10958,2339
37779,3376,1629,1747,42.9,646,2730,652
37801,27006,12354,14652,44.3,5767,21239,5478
37803,33061,15835,17226,47.4,6341,26720,7406
37804,27224,13636,13588,39.5,5810,21414,5337
37806,2884,1502,1382,48.3,376,2508,625
37807,11008,5560,5448,42.3,2443,8565,1910
37809,2288,1218,1070,46.9,442,1846,350
37810,2051,997,1054,40,575,1476,411
37811,4184,2158,2026,45.8,834,3350,703
37813,17188,8341,8847,39.9,4440,12748,2654
37814,34894,17381,17513,40.5,7934,26960,6340
37818,5218,2605,2613,48.2,972,4246,1054
37819,516,284,232,38.1,90,426,126
37820,7269,3543,3726,46.7,1383,5886,1586
37821,21751,10150,11601,43.8,4814,16937,4377
37825,8916,4414,4502,42,1700,7216,1801
37826,3960,2043,1917,50.4,733,3227,1022
37828,1447,680,767,58.7,155,1292,586
37829,1782,912,870,44.1,254,1528,238
37830,32164,15538,16626,40,7805,24359,6038
37840,10451,5354,5097,42.5,2469,7982,2350
37841,9658,4733,4925,40.2,2275,7383,1728
37843,4549,2384,2165,43,817,3732,915
37845,428,161,267,62.3,177,251,145
37846,4374,2032,2342,42.6,884,3490,868
37847,2903,1479,1424,40.8,535,2368,499
37848,135,64,71,47.2,8,127,11
37849,29022,13714,15308,39.4,6144,22878,5510
37851,0,0,0,-,0,0,0
37852,3049,1549,1500,38.4,865,2184,551
37853,3401,1760,1641,43.9,496,2905,713
37854,12168,5972,6196,48,2419,9749,2902
37857,20759,10720,10039,46.5,3645,17114,4931
37860,3966,2095,1871,46.6,572,3394,599
37861,8256,4107,4149,45.4,1658,6598,1828
37862,22148,11124,11024,44,4062,18086,5152
37863,6525,3579,2946,40.1,1719,4806,1189
37865,24924,12453,12471,40.9,5546,19378,4059
37866,2090,1118,972,44.4,402,1688,463
37869,4877,2366,2511,39.6,1082,3795,898
37870,3633,1934,1699,52,556,3077,866
37871,9487,4405,5082,42.9,1714,7773,1802
37872,2122,987,1135,43.9,573,1549,370
37873,4207,2011,2196,46.7,865,3342,782
37874,15961,7846,8115,41,3329,12632,2907
37876,32489,15591,16898,45.9,6187,26302,6815
37877,8857,4077,4780,45.2,1771,7086,2002
37878,722,358,364,43.6,90,632,123
37879,11459,5644,5815,41.1,2722,8737,2169
37880,3717,1781,1936,51.6,707,3010,1007
37881,1829,916,913,53.5,301,1528,589
37882,2729,1354,1375,62.4,281,2448,1189
37885,5855,2963,2892,54.9,723,5132,1638
37886,4401,2223,2178,40.4,1024,3377,793
37887,6783,4376,2407,40.5,867,5916,1130
37888,3623,1798,1825,47.8,750,2873,611
37890,7427,3807,3620,45.8,1460,5967,1849
37891,3741,2098,1643,38.7,1096,2645,608
37892,1980,935,1045,40.3,502,1478,329
37902,2384,1554,830,35.8,91,2293,262
37909,16868,7806,9062,35.7,2861,14007,2901
37912,22051,10660,11391,35.4,4895,17156,2953
37914,20579,9797,10782,41.3,4210,16369,4046
37915,5318,2414,2904,35.1,908,4410,768
37916,14864,7583,7281,20.7,286,14578,117
37917,25418,12471,12947,39.1,4667,20751,3945
37918,45741,22923,22818,39,9381,36360,7712
37919,30956,15015,15941,38.6,6579,24377,5807
37920,42537,21208,21329,36,7066,35471,7017
37921,28571,13855,14716,34.8,7036,21535,3809
37922,39373,19302,20071,40.5,10398,28975,6044
37923,31364,15259,16105,35.6,6987,24377,4815
37924,14092,6976,7116,36.8,3262,10830,1947
37929,0,0,0,-,0,0,0
37931,30463,15084,15379,37.9,7042,23421,4602
37932,21117,10372,10745,37.7,5152,15965,3075
37934,27675,13361,14314,44.7,6305,21370,5663
37938,17366,8575,8791,47.2,3394,13972,3498
38001,4225,2084,2141,38.6,958,3267,869
38002,42797,21675,21122,41,11905,30892,6322
38004,11604,5906,5698,38.4,2948,8656,1366
38006,5589,2947,2642,36.9,1468,4121,936
38007,0,0,0,-,0,0,0
38008,8567,4344,4223,42.2,1576,6991,1811
38011,10337,5382,4955,37.2,2483,7854,1422
38012,13095,6215,6880,43.2,2810,10285,2532
38015,2250,980,1270,48.4,389,1861,412
38016,46394,21947,24447,34.2,10481,35913,6036
38017,55570,26775,28795,41,14367,41203,8021
38018,38338,18734,19604,36.8,9653,28685,4754
38019,15466,7218,8248,37.3,3796,11670,2514
38021,10,5,5,-,0,10,0
38023,5365,2718,2647,40.1,1157,4208,1088
38024,25767,12325,13442,42.1,5744,20023,4859
38028,7576,3959,3617,49.6,1127,6449,1832
38029,37,19,18,-,0,37,37
38030,219,109,110,36.8,71,148,20
38034,3343,1684,1659,43.7,690,2653,520
38036,208,58,150,72.2,0,208,155
38037,1582,779,803,41.3,440,1142,295
38039,1600,767,833,42.4,331,1269,357
38040,4848,2418,2430,39.7,1183,3665,1164
38041,4525,2693,1832,36.4,625,3900,527
38042,655,303,352,53.8,50,605,178
38044,528,289,239,42.4,117,411,152
38046,10,3,7,59.5,0,10,4
38047,206,104,102,28,103,103,0
38049,4123,2281,1842,43.1,635,3488,687
38050,521,279,242,50.4,102,419,156
38052,3838,1727,2111,40.5,857,2981,885
38053,25556,12039,13517,40.2,6025,19531,4311
38054,159,152,7,24.1,0,159,0
38057,3488,1512,1976,49.4,497,2991,852
38058,10067,5111,4956,37.6,2635,7432,1282
38059,8595,4150,4445,35.6,2372,6223,1254
38060,11713,5894,5819,42.2,2322,9391,2214
38061,995,442,553,43,229,766,165
38063,15569,7850,7719,39.2,3762,11807,2378
38066,3570,1692,1878,50.7,534,3036,884
38067,1660,720,940,53.3,323,1337,410
38068,10801,5449,5352,41.7,2483,8318,2136
38069,2791,1141,1650,51.8,512,2279,666
38070,67,60,7,64.5,0,67,10
38075,7103,5271,1832,39.4,917,6186,806
38076,779,404,375,45.9,167,612,153
38077,0,0,0,-,0,0,0
38079,4599,3268,1331,44.7,358,4241,625
38080,2591,1289,1302,34.5,629,1962,580
38103,13981,8853,5128,34,972,13009,1189
38104,23408,11602,11806,37.1,3035,20373,3316
38105,5215,2287,2928,43.1,679,4536,698
38106,23140,11267,11873,41.9,5305,17835,4338
38107,14509,7320,7189,37.1,3099,11410,2279
38108,17629,8699,8930,35.4,4687,12942,2442
38109,45204,20490,24714,39.5,10937,34267,8916
38111,42322,19081,23241,33.3,8345,33977,5832
38112,16334,7961,8373,33,3494,12840,2347
38113,0,0,0,-,0,0,0
38114,22112,10492,11620,41.4,4469,17643,4330
38115,36574,17474,19100,28.9,10484,26090,3103
38116,40212,19088,21124,34.9,11044,29168,6260
38117,26430,12753,13677,40.5,5472,20958,5249
38118,39373,18766,20607,28.8,13413,25960,3303
38119,22990,10866,12124,41.8,4569,18421,4654
38120,13554,6577,6977,46.7,2358,11196,3388
38122,24014,11480,12534,32.4,7424,16590,2921
38125,43305,19893,23412,33.2,11123,32182,4064
38126,6034,2216,3818,27.4,1812,4222,689
38127,40565,17879,22686,31.4,13481,27084,4783
38128,44400,19969,24431,30.3,13399,31001,4994
38131,0,0,0,-,0,0,0
38132,57,57,0,61.1,0,57,0
38133,21383,10193,11190,35.9,5687,15696,2738
38134,42789,21612,21177,34.4,10251,32538,5152
38135,30917,14996,15921,40.4,6985,23932,4723
38138,25465,12013,13452,43,6549,18916,6493
38139,16627,8569,8058,44.8,4720,11907,3330
38141,23123,9798,13325,33.4,6083,17040,1887
38152,719,185,534,19.6,0,719,0
38201,10267,5150,5117,40.1,2310,7957,1996
38220,1969,888,1081,36.1,530,1439,397
38221,3042,1423,1619,53.6,469,2573,882
38222,2355,1170,1185,32.5,579,1776,407
38224,860,466,394,47.7,160,700,181
38225,5711,2769,2942,42.5,1151,4560,1269
38226,199,109,90,61.9,12,187,99
38229,2517,1175,1342,42.9,532,1985,370
38230,3897,2021,1876,41.5,752,3145,850
38231,1827,926,901,46.2,453,1374,365
38232,2182,1243,939,48.8,391,1791,490
38233,2685,1441,1244,43.1,508,2177,522
38235,208,92,116,40.7,56,152,38
38236,774,390,384,56.9,142,632,311
38237,15517,7727,7790,29.9,2586,12931,2409
38240,1816,982,834,48.3,327,1489,389
38241,901,430,471,44.8,246,655,137
38242,19575,9136,10439,44.2,3937,15638,4529
38251,3432,1739,1693,46.7,740,2692,800
38253,991,457,534,39.4,234,757,144
38254,0,0,0,-,0,0,0
38255,2449,1198,1251,46.4,438,2011,541
38256,3055,1564,1491,56.9,362,2693,906
38257,4344,2036,2308,46.4,875,3469,964
38258,1468,626,842,37.3,425,1043,135
38259,723,288,435,43.2,162,561,125
38260,3684,1858,1826,41.8,758,2926,746
38261,16325,7654,8671,41,3854,12471,3217
38301,33459,16322,17137,36.1,7219,26240,5348
38305,52527,24784,27743,37,12503,40024,8757
38310,6527,3412,3115,36.8,1806,4721,1298
38311,815,352,463,56.1,85,730,182
38313,3710,1790,1920,41.7,819,2891,680
38315,4091,1777,2314,44,1026,3065,847
38316,2994,1569,1425,49.2,549,2445,559
38317,2401,1154,1247,50.7,399,2002,731
38318,482,224,258,43.3,81,401,34
38320,10773,5311,5462,43.7,2226,8547,2240
38321,2953,1549,1404,41.8,852,2101,603
38326,2688,1220,1468,57.8,242,2446,996
38327,564,232,332,54.4,57,507,130
38328,1054,466,588,42.3,173,881,199
38329,3177,1556,1621,45.1,740,2437,857
38330,4055,1810,2245,37.7,1118,2937,671
38332,1047,473,574,62.8,158,889,435
38333,176,93,83,69.4,19,157,103
38334,1788,896,892,45.1,298,1490,365
38337,1315,563,752,40,332,983,214
38338,79,25,54,29.5,21,58,7
38339,437,195,242,51.2,78,359,114
38340,12256,5806,6450,34.8,2684,9572,1870
38341,2316,1224,1092,53.2,431,1885,625
38342,1328,670,658,39,323,1005,243
38343,15763,7224,8539,43.5,3252,12511,3504
38344,8453,4277,4176,39.7,1798,6655,1595
38345,1497,737,760,40.7,308,1189,230
38347,544,256,288,36.4,118,426,94
38348,673,302,371,58.9,117,556,286
38351,18210,8960,9250,39.6,4387,13823,3158
38352,712,370,342,46.1,55,657,134
38355,7946,3729,4217,39.9,1853,6093,1083
38356,2867,1465,1402,43.6,675,2192,640
38357,3399,1640,1759,41.4,776,2623,692
38358,12466,6019,6447,36.9,3942,8524,1773
38359,316,162,154,42.7,75,241,41
38361,1185,550,635,54,215,970,493
38362,1002,450,552,37.1,181,821,31
38363,5509,2772,2737,42.8,1087,4422,1160
38365,0,0,0,-,0,0,0
38366,2444,1254,1190,49.5,530,1914,611
38367,2702,1380,1322,46.2,499,2203,544
38368,2049,1032,1017,39.2,454,1595,395
38369,1700,877,823,42.2,374,1326,445
38370,959,445,514,49.4,230,729,212
38371,967,471,496,44,248,719,220
38372,17468,8371,9097,41,3725,13743,3599
38374,1979,951,1028,50.4,367,1612,398
38375,8260,4166,4094,44.1,1485,6775,1733
38376,253,145,108,55.4,10,243,41
38379,1596,772,824,43.3,319,1277,323
38380,370,182,188,59,73,297,157
38381,1649,789,860,36.7,555,1094,307
38382,8190,4305,3885,44.7,1487,6703,1574
38387,361,159,202,51.9,29,332,103
38388,1307,678,629,42.8,258,1049,320
38389,58,32,26,59.2,18,40,12
38390,1258,730,528,49.6,211,1047,398
38391,1647,767,880,49.2,334,1313,335
38392,783,414,369,43.8,123,660,125
38401,65393,31019,34374,39.8,15285,50108,10914
38425,3545,2672,873,45.2,443,3102,527
38449,3259,1696,1563,46.6,522,2737,581
38450,2817,1319,1498,47.5,480,2337,720
38451,4320,2360,1960,40.4,906,3414,777
38452,815,461,354,49.2,42,773,86
38453,347,182,165,46.8,70,277,27
38454,953,455,498,46.7,193,760,246
38455,157,43,114,47.5,21,136,2
38456,4732,2552,2180,33.2,1420,3312,737
38457,616,298,318,37.4,178,438,82
38459,460,239,221,33.9,160,300,78
38460,1715,1002,713,48.5,182,1533,374
38461,1221,541,680,50.4,229,992,327
38462,10145,4999,5146,43.8,1905,8240,2084
38463,2802,1527,1275,36,530,2272,545
38464,23178,11214,11964,39.9,5249,17929,4162
38468,5748,2860,2888,36.6,1550,4198,904
38469,4347,2092,2255,42.4,1017,3330,881
38471,244,103,141,29.7,54,190,58
38472,2463,1248,1215,47.5,616,1847,550
38473,1061,507,554,29,323,738,114
38474,8931,4482,4449,39.4,2270,6661,1387
38475,746,445,301,45.3,222,524,114
38476,1146,637,509,41.9,278,868,213
38477,2962,1408,1554,52,519,2443,718
38478,18545,8814,9731,41.4,3888,14657,3796
38481,883,472,411,42.4,166,717,162
38482,1696,865,831,42,429,1267,242
38483,6733,3363,3370,34,2150,4583,1021
38485,6361,3157,3204,44.8,1401,4960,1361
38486,1195,614,581,44.7,294,901,363
38487,779,394,385,56.3,107,672,190
38488,1887,1018,869,53.3,254,1633,458
38501,41930,20725,21205,31.5,8080,33850,5723
38503,0,0,0,-,0,0,0
38504,590,395,195,51.7,71,519,111
38505,887,527,360,19.2,3,884,0
38506,29243,14610,14633,42.7,5836,23407,5838
38541,1714,897,817,54.3,334,1380,528
38542,0,0,0,-,0,0,0
38543,412,205,207,48.3,35,377,66
38544,7283,3446,3837,39.7,1936,5347,1166
38545,1391,693,698,33.8,249,1142,329
38547,1718,869,849,46,322,1396,403
38548,1156,579,577,50.3,265,891,252
38549,4115,2012,2103,47.7,872,3243,1112
38550,0,0,0,-,0,0,0
38551,4141,1930,2211,43.7,963,3178,966
38552,242,161,81,35.1,42,200,30
38553,2694,1481,1213,41.2,543,2151,558
38554,777,449,328,50.8,66,711,127
38555,21627,10558,11069,41.3,4477,17150,4494
38556,11684,5556,6128,50.3,1906,9778,3092
38558,9470,4438,5032,69.7,453,9017,6238
38559,1410,720,690,41.2,454,956,264
38560,1531,812,719,38.2,429,1102,179
38562,6681,3405,3276,46.5,1234,5447,1344
38563,2520,1326,1194,33.7,766,1754,331
38564,413,194,219,58.4,10,403,161
38565,1034,500,534,36.8,284,750,214
38567,1057,664,393,47.6,180,877,160
38568,1867,1010,857,53.2,176,1691,501
38569,309,180,129,42.7,72,237,59
38570,10113,4637,5476,43.8,2086,8027,2276
38571,14217,6999,7218,48.5,2616,11601,3745
38572,11514,5942,5572,53,2244,9270,3267
38573,1958,896,1062,46.7,427,1531,465
38574,8602,4727,3875,40.7,2163,6439,1750
38575,916,403,513,47.7,243,673,154
38577,1579,795,784,29.9,602,977,140
38578,190,61,129,73.2,6,184,141
38579,1491,619,872,36.3,369,1122,149
38580,1543,727,816,38.3,421,1122,280
38581,3816,2023,1793,46.8,775,3041,788
38582,1936,1154,782,42,543,1393,468
38583,25269,12539,12730,43.6,5245,20024,5466
38585,4643,2323,2320,42,1169,3474,937
38587,1113,539,574,46.8,264,849,359
38588,1098,618,480,45.9,156,942,204
38589,248,178,70,52.6,27,221,88
38601,2303,1134,1169,36.9,485,1818,380
38603,2742,1377,1365,51.6,545,2197,696
38606,15509,7104,8405,37.7,4202,11307,2455
38610,2905,1314,1591,41,595,2310,576
38611,17023,8879,8144,39.8,4093,12930,2900
38614,16530,8111,8419,35,4358,12172,2710
38617,803,307,496,35.4,253,550,70
38618,11221,5546,5675,45.3,2244,8977,2214
38619,6037,3333,2704,44.6,1221,4816,1159
38620,3671,1683,1988,29.2,950,2721,276
38621,1869,942,927,32.4,575,1294,331
38622,704,323,381,29.9,213,491,129
38623,157,63,94,25.6,17,140,37
38625,1781,833,948,34.9,303,1478,359
38626,966,543,423,59.4,116,850,377
38627,1439,601,838,46.3,276,1163,348
38629,1884,868,1016,31.3,620,1264,223
38631,1275,488,787,32.3,422,853,127
38632,29491,14539,14952,39,7364,22127,4988
38633,2624,1201,1423,39.4,638,1986,359
38635,15608,7736,7872,39.6,3193,12415,2074
38637,26652,12353,14299,35.5,6524,20128,2956
38639,611,221,390,35.5,195,416,84
38641,2030,916,1114,41.6,512,1518,291
38642,2047,1029,1018,36.1,342,1705,254
38643,1338,685,653,48.2,156,1182,259
38644,74,50,24,30.8,3,71,4
38645,946,383,563,45.7,214,732,199
38646,2720,1327,1393,40.1,669,2051,490
38647,767,411,356,50,124,643,176
38650,4757,2715,2042,39.2,1303,3454,860
38651,8536,4022,4514,36.3,1908,6628,1121
38652,15071,7339,7732,39.6,3490,11581,2582
38654,56449,27234,29215,38.8,14110,42339,7728
38655,45290,21870,23420,32.2,8807,36483,6324
38658,2049,911,1138,48,398,1651,423
38659,2012,811,1201,33.5,753,1259,396
38661,1492,701,791,70.5,145,1347,800
38663,11868,5798,6070,41.4,2862,9006,2007
38664,3292,1815,1477,28,1233,2059,188
38665,3071,1443,1628,34.1,983,2088,433
38666,5716,2985,2731,42.3,1212,4504,1026
38668,14076,6723,7353,34,3228,10848,2042
38670,994,347,647,49.1,211,783,144
38671,37288,18057,19231,33.2,9940,27348,4572
38672,15602,7732,7870,38.7,3837,11765,1851
38673,1142,607,535,48.2,253,889,165
38674,1404,741,663,38.5,328,1076,124
38676,5608,2591,3017,37.2,1481,4127,789
38677,4589,1934,2655,19.2,28,4561,0
38680,6389,3203,3186,41,1525,4864,640
38683,3564,1870,1694,46.4,790,2774,616
38685,1120,594,526,64,7,1113,459
38701,21738,10322,11416,39.4,5828,15910,3693
38703,11835,5341,6494,36.8,2775,9060,2091
38720,656,293,363,33.3,148,508,75
38721,851,467,384,43.2,161,690,151
38722,257,110,147,41.2,73,184,79
38723,41,20,21,-,0,41,21
38725,1164,518,646,38.7,330,834,163
38726,364,133,231,42.7,37,327,102
38730,1568,705,863,40.1,409,1159,359
38731,20,11,9,-,0,20,0
38732,16741,7935,8806,34.8,4222,12519,2335
38733,35,0,35,20.6,0,35,0
38736,485,273,212,30.6,111,374,108
38737,3025,1443,1582,35.9,704,2321,472
38738,3057,3018,39,43.1,29,3028,188
38740,386,245,141,48.4,34,352,85
38744,478,201,277,21,200,278,81
38745,229,113,116,42.5,16,213,32
38746,437,180,257,38.5,109,328,68
38748,3037,1542,1495,35.6,828,2209,453
38751,10455,4872,5583,33.9,2819,7636,1690
38753,1341,597,744,38.6,383,958,183
38754,1143,530,613,52.3,185,958,275
38756,6317,3087,3230,36.5,1434,4883,1105
38759,1319,746,573,40.6,190,1129,298
38760,982,432,550,23.6,175,807,112
38761,2001,771,1230,27.5,480,1521,249
38762,2198,1012,1186,40.1,606,1592,320
38764,270,181,89,50.5,40,230,54
38765,69,16,53,55.3,6,63,16
38767,124,68,56,28.3,44,80,0
38768,59,33,26,44.5,0,59,17
38769,2035,986,1049,33.2,567,1468,417
38771,2693,1304,1389,31.3,526,2167,376
38772,100,22,78,64.1,18,82,40
38773,2918,1341,1577,45.5,634,2284,742
38774,1809,810,999,42,338,1471,321
38776,0,0,0,-,0,0,0
38778,1435,796,639,37.6,334,1101,108
38781,135,71,64,57.8,16,119,23
38801,29680,13369,16311,35.9,7277,22403,4456
38804,16824,7940,8884,39.2,4065,12759,2794
38821,12222,5818,6404,42.3,2781,9441,2528
38824,8250,4009,4241,40.6,2113,6137,1421
38826,5332,2545,2787,36,1455,3877,757
38827,3534,1573,1961,35.1,989,2545,436
38828,4890,2337,2553,34.2,1402,3488,636
38829,17749,8596,9153,38.1,3777,13972,3415
38833,2293,1182,1111,34.9,619,1674,458
38834,27521,13376,14145,40.2,6090,21431,5292
38838,1225,539,686,48.6,286,939,446
38839,22,6,16,61,0,22,4
38841,3864,2028,1836,32,1060,2804,530
38843,11463,5603,5860,40.5,2104,9359,2156
38844,242,146,96,41.7,29,213,49
38846,1855,973,882,45.3,443,1412,311
38847,3997,2036,1961,40.5,989,3008,698
38848,939,434,505,41.1,212,727,152
38849,5195,2616,2579,38.1,1352,3843,850
38850,2800,1344,1456,41.6,669,2131,559
38851,9475,4847,4628,40.3,2312,7163,1878
38852,8459,4248,4211,49.2,1714,6745,2090
38855,5205,2492,2713,40.8,1211,3994,879
38856,1577,798,779,38.8,336,1241,248
38857,4536,2377,2159,34.6,1498,3038,309
38858,6315,3317,2998,36,1703,4612,706
38859,702,406,296,36.1,178,524,185
38860,6056,2792,3264,33.9,1838,4218,918
38862,2444,1425,1019,47.3,451,1993,501
38863,18465,8648,9817,36.6,4875,13590,2818
38864,2147,932,1215,25.4,626,1521,182
38865,5466,2684,2782,36.3,1320,4146,772
38866,11961,5997,5964,37.2,2731,9230,1787
38868,4958,2255,2703,36,1292,3666,833
38869,295,140,155,51.5,45,250,77
38870,2509,1358,1151,44.2,493,2016,637
38871,2316,1147,1169,35.8,603,1713,294
38873,2691,1365,1326,44.5,366,2325,283
38876,1237,658,579,38.6,224,1013,173
38878,2563,1302,1261,40,631,1932,458
38879,56,42,14,71.5,0,56,44
38901,18263,9100,9163,38.4,4132,14131,3097
38913,493,217,276,46.4,121,372,79
38914,679,349,330,47.8,162,517,117
38915,3410,1662,1748,43.6,695,2715,688
38916,4479,2244,2235,41.2,1016,3463,841
38917,3644,1840,1804,42.4,849,2795,730
38920,553,289,264,53.5,108,445,106
38921,4923,2638,2285,35.9,1038,3885,710
38922,3092,1456,1636,40.3,833,2259,609
38923,910,591,319,54,76,834,175
38924,366,143,223,36.5,81,285,95
38925,1812,910,902,53,143,1669,555
38927,1290,701,589,37.6,261,1029,152
38928,284,124,160,38,72,212,41
38929,2154,736,1418,43.9,541,1613,488
38930,23682,10933,12749,35.2,6747,16935,3637
38940,1662,851,811,37.5,505,1157,354
38941,3538,1837,1701,28.7,761,2777,454
38943,480,180,300,39,111,369,160
38944,241,111,130,34.5,77,164,26
38946,186,92,94,34.8,46,140,12
38947,22,1,21,64.7,0,22,10
38948,2194,1153,1041,45.8,317,1877,383
38949,298,135,163,59.5,35,263,90
38950,765,378,387,29.4,200,565,124
38951,867,420,447,54,145,722,258
38952,406,255,151,39.3,96,310,86
38953,239,158,81,62.7,0,239,109
38954,904,462,442,46.1,200,704,162
38957,552,329,223,36.3,99,453,58
38961,560,261,299,47.4,60,500,182
38962,0,0,0,-,0,0,0
38963,3334,1771,1563,40.2,589,2745,582
38964,46,22,24,26.3,4,42,0
38965,8807,4065,4742,40.7,2043,6764,1886
38966,560,285,275,34.6,195,365,73
38967,6875,3321,3554,38.5,1865,5010,1456
39038,5474,2401,3073,36.5,1439,4035,828
39039,2351,1442,909,38.7,487,1864,326
39040,3325,1533,1792,34.3,884,2441,700
39041,3535,1851,1684,46.1,708,2827,724
39042,38379,18661,19718,41.7,8856,29523,6442
39044,2828,1409,1419,39.2,591,2237,543
39045,1387,711,676,44.2,218,1169,220
39046,28460,13207,15253,38.2,7089,21371,4752
39047,40490,18976,21514,38.2,9327,31163,5862
39051,15238,7558,7680,41.4,3256,11982,2816
39054,414,229,185,26,103,311,50
39056,27760,12546,15214,37.1,7266,20494,4554
39057,2315,1315,1000,37.3,585,1730,532
39058,427,270,157,20.6,0,427,0
39059,12185,6247,5938,43.8,2829,9356,2452
39061,0,0,0,-,0,0,0
39062,535,288,247,38.4,141,394,88
39063,2935,1615,1320,41.1,858,2077,529
39066,4949,2760,2189,41.6,1387,3562,963
39067,1076,526,550,46.1,274,802,194
39069,4875,2293,2582,36,1245,3630,686
39071,6654,3548,3106,39.7,1733,4921,1160
39073,21215,10812,10403,40.3,5043,16172,4435
39074,13684,6958,6726,37,3311,10373,2557
39078,935,408,527,36.9,234,701,251
39079,1544,718,826,20.7,283,1261,214
39082,893,393,500,57.2,143,750,167
39083,8745,3495,5250,40.2,1939,6806,1549
39086,1728,959,769,35.6,385,1343,302
39088,19,11,8,82.1,0,19,14
39090,12510,6042,6468,38.6,3134,9376,2501
39092,3748,1732,2016,35.4,1156,2592,313
39094,3752,1801,1951,45,755,2997,779
39095,6423,3195,3228,39.4,1424,4999,1028
39096,2373,1207,1166,23,125,2248,257
39097,302,208,94,50.6,32,270,52
39108,1821,857,964,49.2,308,1513,416
39110,46642,23340,23302,40,12532,34110,6266
39111,8889,4479,4410,39.6,2105,6784,1486
39113,242,115,127,43.5,42,200,38
39114,9799,4540,5259,41.5,2420,7379,2091
39115,111,66,45,47.1,53,58,15
39116,2660,1372,1288,43.9,733,1927,501
39117,9832,4898,4934,37.3,2827,7005,1593
39119,6050,2586,3464,37.6,1750,4300,835
39120,29526,13901,15625,42.1,6366,23160,6089
39140,2560,1360,1200,36.3,727,1833,415
39144,840,407,433,30.5,336,504,218
39145,5506,2675,2831,44.1,1181,4325,1058
39146,3126,1364,1762,37.1,685,2441,611
39148,15,0,15,22.6,0,15,0
39149,1244,532,712,40,288,956,220
39150,5240,2392,2848,38.9,1248,3992,1030
39152,1120,683,437,35.9,349,771,197
39153,2528,1101,1427,41,488,2040,524
39154,9418,5051,4367,39.8,1504,7914,1959
39156,669,350,319,41.9,12,657,37
39157,24624,11307,13317,35.4,5031,19593,3183
39159,3160,1724,1436,37.3,723,2437,553
39160,2684,1216,1468,42.1,699,1985,528
39162,191,62,129,39.4,54,137,38
39166,716,328,388,36.6,246,470,73
39167,0,0,0,-,0,0,0
39168,5831,2922,2909,39.7,1289,4542,1018
39169,3109,1437,1672,31.8,916,2193,289
39170,9147,4589,4558,50,1713,7434,1736
39173,0,0,0,-,0,0,0
39174,689,194,495,20.5,49,640,0
39175,3777,1803,1974,46.7,528,3249,853
39176,2575,1588,987,42.3,405,2170,540
39177,79,24,55,67,0,79,65
39179,995,582,413,40.7,165,830,182
39180,29769,14662,15107,39.2,6968,22801,5036
39183,13903,6308,7595,40.2,3539,10364,2745
39189,3953,1786,2167,38.1,1207,2746,418
39191,7700,3850,3850,35.1,1661,6039,1202
39192,1830,896,934,27.9,624,1206,313
39193,800,420,380,54.8,9,791,244
39194,20525,12405,8120,37.2,4267,16258,2433
39201,693,247,446,27.8,0,693,25
39202,6695,2981,3714,33.9,834,5861,1048
39203,4972,2295,2677,32.6,996,3976,665
39204,14149,6634,7515,31,4176,9973,1643
39206,22637,9778,12859,37.9,4977,17660,3717
39208,33371,16453,16918,36.4,6695,26676,4819
39209,26332,12553,13779,35.9,6432,19900,3927
39210,669,447,222,20.3,0,669,0
39211,23160,10496,12664,33.8,5553,17607,3196
39212,29687,14793,14894,34.6,8606,21081,3032
39213,19897,9210,10687,38.1,5052,14845,3853
39216,3236,1270,1966,36,640,2596,948
39217,2363,858,1505,20,0,2363,0
39218,6882,3538,3344,36.1,1585,5297,1082
39232,9429,4127,5302,34.9,2476,6953,962
39269,0,0,0,-,0,0,0
39272,13731,6105,7626,36.9,3234,10497,1707
39301,22937,11486,11451,38.2,5671,17266,4119
39305,21368,10226,11142,37.1,4969,16399,3960
39307,15763,7521,8242,37.7,3681,12082,2407
39309,297,237,60,20.4,0,297,0
39320,1539,730,809,50.7,337,1202,196
39322,1784,837,947,38.5,670,1114,305
39323,1394,729,665,51.6,148,1246,302
39324,0,0,0,-,0,0,0
39325,5688,2792,2896,43.7,1290,4398,992
39326,274,62,212,37.4,66,208,0
39327,4548,2282,2266,28.7,1080,3468,543
39328,4688,2558,2130,45.8,786,3902,1184
39330,3127,1508,1619,41,727,2400,626
39332,1972,956,1016,39.2,706,1266,129
39335,2175,1150,1025,46.6,404,1771,636
39336,952,450,502,45.5,134,818,191
39337,1554,727,827,45.6,273,1281,438
39338,3224,1790,1434,40.6,706,2518,738
39339,14341,7029,7312,42.5,3150,11191,3093
39341,6746,3135,3611,37.9,1737,5009,1114
39342,2135,914,1221,27.2,809,1326,247
39345,5464,2432,3032,41.9,1042,4422,1151
39346,2056,960,1096,52.1,312,1744,543
39347,1112,503,609,64.2,130,982,509
39348,333,171,162,40.7,4,329,29
39350,23804,11249,12555,36.6,6678,17126,3629
39352,461,251,210,31.9,176,285,133
39354,2168,1061,1107,33,437,1731,359
39355,5954,2852,3102,53.6,1019,4935,1584
39356,439,223,216,58.3,91,348,129
39358,1204,601,603,22,189,1015,116
39359,260,146,114,36,86,174,61
39360,3838,1556,2282,30.1,1165,2673,447
39361,1428,586,842,49,291,1137,305
39362,3333,1655,1678,35.5,755,2578,454
39363,1306,657,649,45.6,148,1158,280
39364,2795,1289,1506,50.4,491,2304,834
39365,8654,4033,4621,37,2372,6282,1614
39366,1130,313,817,28.9,396,734,227
39367,14332,7110,7222,38,3300,11032,2343
39401,41755,20266,21489,30,9388,32367,5341
39402,44020,19643,24377,35.9,10134,33886,7180
39406,2124,626,1498,20.3,4,2120,0
39421,2682,1264,1418,49.3,464,2218,653
39422,4969,2298,2671,46,1089,3880,1316
39423,2542,1296,1246,44.6,404,2138,440
39425,2539,1425,1114,47.1,723,1816,296
39426,17393,8990,8403,42.7,3783,13610,3640
39427,1218,602,616,40.2,304,914,251
39428,9101,4638,4463,38.4,2004,7097,1691
39429,15815,7677,8138,41.7,3672,12143,3026
39437,12869,6282,6587,39.2,2867,10002,2153
39439,4530,2401,2129,37.8,1207,3323,684
39440,20459,9862,10597,35.3,5117,15342,3445
39443,22307,10794,11513,40,5355,16952,4356
39451,7728,5459,2269,41.4,1240,6488,1034
39452,28368,14437,13931,36.7,7417,20951,4451
39455,8827,4642,4185,44.2,1982,6845,1754
39456,632,214,418,38.6,195,437,140
39459,3897,2028,1869,36.2,1109,2788,467
39461,560,259,301,35,117,443,78
39462,1202,666,536,38.8,448,754,158
39464,3336,1527,1809,38.6,708,2628,661
39465,23008,10889,12119,37.4,5619,17389,3481
39466,28433,13732,14701,38.4,6752,21681,4782
39470,12422,6016,6406,41.7,2422,10000,2481
39474,5955,2708,3247,44.9,1099,4856,1450
39475,14311,7312,6999,37,3882,10429,1880
39476,6452,3089,3363,44,1500,4952,1383
39477,556,303,253,40.3,122,434,92
39478,2461,1206,1255,43.1,542,1919,718
39479,5676,2876,2800,37.1,1579,4097,969
39480,2124,1034,1090,39.5,542,1582,427
39481,1510,650,860,43.7,241,1269,302
39482,10998,5416,5582,40.9,2694,8304,1028
39483,5717,2713,3004,36.8,1302,4415,879
39501,24091,10684,13407,34,6195,17896,3268
39503,53049,26516,26533,36.6,12943,40106,7984
39507,18151,8847,9304,37.6,3688,14463,2994
39520,15281,7065,8216,47.8,2925,12356,3409
39525,9360,4640,4720,50.8,1511,7849,2478
39529,0,0,0,-,0,0,0
39530,8170,3898,4272,39.3,1838,6332,1372
39531,18766,9186,9580,35.5,4766,14000,3137
39532,36004,17258,18746,39.6,8178,27826,4871
39534,1898,1492,406,20.9,5,1893,0
39540,12922,6018,6904,38.4,3114,9808,2092
39553,17768,8758,9010,39.7,4169,13599,2799
39556,7907,3711,4196,38,1830,6077,1625
39560,18289,8616,9673,41.7,4292,13997,4050
39561,1770,1014,756,34.3,581,1189,265
39562,16574,8588,7986,47.9,2876,13698,3438
39563,12099,5843,6256,41.6,2581,9518,2431
39564,41748,20346,21402,39.4,9687,32061,6983
39565,20954,10995,9959,37.7,5192,15762,2799
39567,10191,5013,5178,36,2640,7551,1781
39571,14010,6765,7245,42.4,3230,10780,2733
39572,1049,601,448,52.6,62,987,384
39573,9196,4598,4598,42.9,1984,7212,1733
39574,13937,7922,6015,38.5,3595,10342,2066
39576,6228,3016,3212,43.8,1359,4869,961
39577,11133,5889,5244,37.2,2518,8615,1871
39581,11755,5574,6181,32.8,3038,8717,1534
39595,32,12,20,27.4,0,32,0
39601,23520,11173,12347,40.1,5804,17716,3986
39629,6777,3170,3607,40.8,1381,5396,1408
39630,1025,464,561,33.6,300,725,177
39631,4437,2073,2364,37.9,1366,3071,641
39633,744,354,390,50.6,134,610,172
39635,101,56,45,-,0,101,0
39638,3383,1543,1840,41,913,2470,686
39641,5914,2826,3088,32.5,1623,4291,816
39643,1450,675,775,25.8,583,867,223
39645,4294,2155,2139,51.8,770,3524,1307
39647,697,267,430,40.3,141,556,104
39648,20071,8711,11360,38.3,5196,14875,3375
39652,8647,4569,4078,38,1870,6777,1650
39653,2594,1318,1276,48,520,2074,703
39654,5221,2325,2896,38.4,1293,3928,1005
39656,790,511,279,35,177,613,171
39657,1464,683,781,51.2,279,1185,390
39661,2814,1600,1214,43.2,591,2223,464
39662,1403,689,714,48.7,274,1129,322
39663,2245,1145,1100,45.3,522,1723,256
39664,2021,871,1150,45.5,624,1397,509
39665,1000,472,528,48.2,198,802,265
39666,11264,5638,5626,38.4,2700,8564,1846
39667,10435,5475,4960,44.3,2334,8101,2071
39668,1437,591,846,38.3,335,1102,289
39669,4531,2682,1849,44,488,4043,892
39701,12593,6274,6319,44.5,2382,10211,2723
39702,23524,10616,12908,36.7,6212,17312,3630
39705,12285,6299,5986,36.3,2637,9648,1926
39730,11081,5346,5735,40.5,2439,8642,2067
39735,3785,1922,1863,39.8,924,2861,662
39736,351,154,197,34.7,84,267,78
39737,317,119,198,54,99,218,71
39739,2121,1034,1087,42.8,534,1587,336
39740,5829,2739,3090,35.8,1582,4247,750
39741,1366,644,722,44.1,324,1042,339
39743,1852,933,919,43.2,471,1381,454
39744,5692,2776,2916,41,1192,4500,1306
39745,819,385,434,41.9,120,699,157
39746,2897,1444,1453,45.4,578,2319,649
39747,1522,744,778,51.1,261,1261,547
39750,3481,1555,1926,37,977,2504,541
39751,1422,624,798,48,311,1111,214
39752,2440,1189,1251,40.1,583,1857,468
39753,0,0,0,-,0,0,0
39755,621,359,262,51.8,124,497,119
39756,1924,811,1113,30.2,448,1476,212
39759,43243,22484,20759,26.9,7834,35409,5080
39762,4421,1429,2992,19.4,62,4359,0
39766,3210,1528,1682,36.4,744,2466,483
39767,660,299,361,53.1,91,569,221
39769,1450,764,686,35.5,338,1112,298
39771,134,85,49,39.5,36,98,47
39772,1956,1035,921,45.9,381,1575,481
39773,14799,6907,7892,39,3505,11294,2959
39776,1176,661,515,50.4,156,1020,204
39813,2004,852,1152,38.3,461,1543,444
39815,1638,908,730,45.8,240,1398,274
39817,10831,5087,5744,35.5,2999,7832,1480
39819,12106,5792,6314,38.4,2798,9308,2286
39823,8626,4106,4520,40.4,2110,6516,1596
39824,588,342,246,37.6,200,388,112
39825,2026,1060,966,46.2,432,1594,423
39826,624,304,320,52.8,153,471,197
39827,4888,2167,2721,36.5,1172,3716,790
39828,14929,7435,7494,35.9,4029,10900,2644
39832,3,0,3,-,0,3,0
39834,2251,1133,1118,40.2,593,1658,382
39836,539,284,255,27.6,62,477,102
39837,6172,2968,3204,43.8,1368,4804,1330
39840,4543,2052,2491,37.9,1220,3323,951
39841,831,417,414,47.9,157,674,237
39842,7737,3915,3822,39.6,1845,5892,1413
39845,8260,4010,4250,45.2,1631,6629,1993
39846,1714,780,934,37.9,441,1273,353
39851,1872,803,1069,42.5,447,1425,460
39854,2372,1251,1121,57.6,252,2120,844
39859,865,383,482,40.7,210,655,150
39861,997,417,580,38,248,749,156
39862,856,402,454,62.1,122,734,307
39866,1959,1762,197,38.9,31,1928,166
39867,327,133,194,58.4,0,327,100
39870,1865,1001,864,45.1,446,1419,398
39877,422,213,209,51.5,29,393,120
39885,19,9,10,79.3,0,19,14
39886,1300,719,581,39.3,327,973,195
39897,3358,1592,1766,50,623,2735,847
40003,2035,1041,994,49.8,385,1650,406
40004,30528,14980,15548,40.1,6910,23618,5331
40006,5092,2525,2567,44.2,1011,4081,1050
40007,18,10,8,-,0,18,8
40008,3636,1943,1693,49.2,610,3026,906
40009,1628,643,985,38,508,1120,201
40010,521,293,228,35.5,163,358,19
40011,2422,1192,1230,35.5,716,1706,279
40012,824,401,423,34.6,316,508,63
40013,6161,3314,2847,37.3,1623,4538,815
40014,23009,11358,11651,39.2,6279,16730,2996
40019,3962,1928,2034,35.5,1140,2822,558
40020,204,83,121,59.8,7,197,60
40022,833,390,443,50.6,152,681,146
40023,6293,3183,3110,42.8,1692,4601,1062
40025,560,300,260,50,143,417,105
40026,6345,3101,3244,36.2,1955,4390,787
40031,25091,14091,11000,39.6,5078,20013,3785
40033,12107,5767,6340,37.8,3078,9029,2107
40036,225,90,135,58.2,31,194,90
40037,2771,1382,1389,37.7,701,2070,440
40040,705,294,411,35.7,234,471,124
40041,495,145,350,82.9,0,495,477
40045,3173,1635,1538,43.6,703,2470,641
40046,1398,781,617,43.5,279,1119,242
40047,22752,11604,11148,38.5,5522,17230,3545
40049,114,15,99,85.2,0,114,94
40050,1877,828,1049,42,448,1429,348
40051,4611,2357,2254,35.6,1215,3396,512
40052,611,354,257,30.9,203,408,60
40055,2310,1142,1168,43.8,482,1828,319
40056,3406,1716,1690,41.6,828,2578,605
40057,3940,1929,2011,37.5,1017,2923,659
40058,40,22,18,50.6,0,40,9
40059,20769,10222,10547,47.1,4859,15910,4503
40060,1374,701,673,38.5,380,994,214
40061,258,111,147,31.5,0,258,91
40062,103,48,55,24.6,33,70,0
40063,601,601,0,39.8,0,601,28
40065,31439,15505,15934,40.4,6995,24444,5149
40067,6391,3460,2931,37.6,1404,4987,1030
40068,2537,1446,1091,43.9,468,2069,433
40069,7525,3941,3584,44.3,1656,5869,1492
40070,373,187,186,40.8,99,274,48
40071,16264,8107,8157,42.5,3835,12429,2255
40075,1104,557,547,53,174,930,209
40076,2973,1511,1462,35.7,847,2126,497
40077,547,266,281,42.6,95,452,89
40078,3021,1455,1566,34.6,835,2186,373
40104,1034,503,531,50.8,198,836,151
40107,2046,1006,1040,48.4,365,1681,349
40108,12309,6134,6175,45.2,2362,9947,2369
40109,2190,1095,1095,47.5,353,1837,356
40110,458,276,182,35.7,17,441,135
40111,1982,946,1036,38.6,515,1467,386
40115,797,432,365,39.5,133,664,116
40117,2261,1144,1117,38.9,526,1735,380
40118,10141,5435,4706,36.9,2112,8029,1589
40119,1887,1115,772,49.5,271,1616,420
40121,8655,4794,3861,24.7,2690,5965,125
40140,699,383,316,38.3,161,538,119
40142,2375,1016,1359,37,507,1868,374
40143,6350,3081,3269,37.9,1554,4796,1123
40144,1049,506,543,52.3,111,938,372
40145,868,522,346,29.6,298,570,121
40146,3672,1821,1851,45.6,749,2923,644
40150,4750,2502,2248,47.1,847,3903,1004
40152,921,498,423,56.6,105,816,262
40155,1221,679,542,39.6,164,1057,141
40157,1015,587,428,38.8,298,717,139
40160,23539,11350,12189,35.8,6007,17532,3425
40161,172,54,118,43.5,43,129,27
40162,5666,2927,2739,43.2,1378,4288,781
40165,38074,19118,18956,42.1,8404,29670,6367
40170,951,627,324,11.9,527,424,226
40171,190,144,46,66.3,0,190,112
40175,15626,8050,7576,37.3,4282,11344,1850
40176,763,336,427,51.4,59,704,137
40177,1510,849,661,40.2,324,1186,317
40178,522,236,286,52.2,51,471,58
40202,7340,4517,2823,42.2,271,7069,787
40203,17964,9122,8842,38.1,2964,15000,2271
40204,14362,7298,7064,36.8,1689,12673,2275
40205,24890,12384,12506,42,4827,20063,4847
40206,20315,10086,10229,38.5,2974,17341,3399
40207,29014,13805,15209,42.6,5293,23721,6530
40208,15126,7568,7558,22.1,2622,12504,1046
40209,515,209,306,39,93,422,23
40210,14980,6045,8935,31.3,4610,10370,1987
40211,21135,8721,12414,37.9,5798,15337,2907
40212,15412,7035,8377,38.5,3577,11835,2558
40213,15779,7989,7790,38.7,3236,12543,2538
40214,46033,22984,23049,36.8,10699,35334,6225
40215,19494,10139,9355,36.2,5179,14315,2191
40216,43167,20340,22827,39.1,10707,32460,7221
40217,12439,6630,5809,35.1,1423,11016,1859
40218,33479,16518,16961,34.7,8646,24833,4115
40219,38245,19137,19108,37.4,8511,29734,5769
40220,34649,16341,18308,39.5,6648,28001,7023
40221,0,0,0,-,0,0,0
40222,21359,10373,10986,40.9,3782,17577,4747
40223,23477,11636,11841,43.9,5090,18387,5178
40228,17808,8920,8888,40.6,3959,13849,2793
40229,39621,19487,20134,35.9,9550,30071,5396
40231,0,0,0,-,0,0,0
40241,30986,14969,16017,40.7,6604,24382,6561
40242,11544,5246,6298,35.9,3004,8540,1982
40243,11943,5679,6264,48.1,2244,9699,3107
40245,38861,18815,20046,40.2,9159,29702,6121
40258,27487,13780,13707,37.6,6782,20705,4021
40272,38114,18684,19430,38.6,8696,29418,6436
40280,218,149,69,19.9,0,218,0
40291,40888,18917,21971,39.7,9906,30982,7295
40299,40816,19355,21461,39.8,9317,31499,7154
40310,554,258,296,44.9,101,453,58
40311,7684,3830,3854,39,1898,5786,1263
40312,6267,3391,2876,39.9,1618,4649,869
40313,2593,1134,1459,38.8,529,2064,454
40316,434,183,251,50.5,99,335,123
40322,3304,1668,1636,38.8,714,2590,691
40324,51072,25026,26046,35.1,12940,38132,6130
40328,1097,646,451,44.9,263,834,172
40330,20437,10258,10179,43,4302,16135,3998
40334,50,29,21,-,0,50,0
40336,12597,6334,6263,43.2,2851,9746,2406
40337,5518,2613,2905,36,1593,3925,691
40339,247,141,106,48.4,4,243,43
40342,23430,11849,11581,41.8,5465,17965,3757
40346,815,461,354,34.6,352,463,108
40347,3828,1886,1942,43,737,3091,634
40348,571,319,252,55.2,83,488,104
40350,79,25,54,58.7,0,79,33
40351,22738,11144,11594,29.8,4531,18207,3001
40353,22425,10907,11518,41.3,4880,17545,4034
40355,209,118,91,63.3,0,209,72
40356,44299,21679,22620,39.6,10685,33614,7007
40357,110,80,30,39.6,0,110,15
40358,891,490,401,53.6,161,730,166
40359,7125,3512,3613,41.8,1600,5525,1348
40360,7080,3474,3606,40,1623,5457,1248
40361,18286,8907,9379,39.6,4224,14062,3402
40363,19,19,0,61.3,3,16,0
40370,2768,1359,1409,46.5,623,2145,227
40371,2919,1491,1428,38.1,769,2150,468
40372,2350,1164,1186,43.1,599,1751,390
40374,2459,1331,1128,36,817,1642,402
40376,41,23,18,-,0,41,41
40379,3790,1936,1854,46,833,2957,762
40380,6872,3324,3548,39.3,1538,5334,1167
40383,24258,11660,12598,42.7,5349,18909,4758
40385,2240,1099,1141,46,526,1714,455
40387,1841,1088,753,46.7,258,1583,357
40390,7896,3601,4295,29.3,1662,6234,1159
40391,36584,17929,18655,40.8,8188,28396,6586
40402,2555,1362,1193,43.1,537,2018,531
40403,26104,12959,13145,37.1,6306,19798,3752
40404,919,251,668,19.6,4,915,0
40409,3667,1853,1814,40.7,854,2813,568
40419,4604,2480,2124,37.3,1256,3348,701
40422,25623,13123,12500,38.4,5219,20404,4919
40434,0,0,0,-,0,0,0
40437,4814,2404,2410,44.2,1035,3779,946
40440,2349,1121,1228,44.1,489,1860,324
40442,727,382,345,45,111,616,90
40444,14183,6791,7392,43.2,3087,11096,2684
40445,926,407,519,40.5,223,703,169
40447,7901,3884,4017,42.2,1876,6025,1427
40448,0,0,0,-,0,0,0
40456,8574,4316,4258,46,1752,6822,1882
40460,1162,572,590,42.8,265,897,119
40461,2417,1325,1092,44.4,497,1920,514
40464,970,451,519,49.1,159,811,244
40468,2026,917,1109,42.5,505,1521,338
40472,1458,744,714,49.7,221,1237,310
40475,64678,31575,33103,33.6,12661,52017,9116
40481,222,123,99,28.8,58,164,23
40484,12220,5951,6269,44.5,2447,9773,2256
40486,2438,1162,1276,35.6,553,1885,343
40489,4251,2061,2190,38.8,1259,2992,914
40502,27118,13458,13660,38.5,4532,22586,5844
40503,28186,13346,14840,37.7,5148,23038,4995
40504,26408,13509,12899,30.2,4923,21485,3568
40505,25969,13244,12725,40.5,5342,20627,4169
40507,2057,1153,904,38.9,150,1907,404
40508,25518,11777,13741,23.5,2483,23035,2142
40509,45181,22044,23137,36.2,11472,33709,5870
40510,2059,1384,675,36,162,1897,280
40511,34873,17589,17284,36.4,8248,26625,4163
40513,10697,5256,5441,45.5,2466,8231,2019
40514,17238,8806,8432,38,4451,12787,1974
40515,36163,17632,18531,37.2,8237,27926,4894
40516,2758,1375,1383,41.4,788,1970,469
40517,36263,17524,18739,31.6,8035,28228,4948
40526,1778,801,977,19.1,16,1762,0
40536,0,0,0,-,0,0,0
40601,51579,24902,26677,40.2,10760,40819,9535
40701,29988,14633,15355,40.6,7284,22704,5833
40729,6148,3213,2935,41.8,1439,4709,828
40734,3207,1935,1272,43.8,640,2567,365
40737,1730,834,896,30.3,269,1461,253
40740,4017,1969,2048,39.2,1130,2887,305
40741,24282,11936,12346,38.1,5660,18622,4429
40744,18626,9391,9235,39.4,4210,14416,3156
40759,2552,1251,1301,43.2,575,1977,668
40763,438,181,257,55.6,73,365,109
40769,18167,8809,9358,34.4,4544,13623,2127
40771,1765,911,854,26.2,634,1131,243
40801,0,0,0,-,0,0,0
40803,95,22,73,44,0,95,22
40806,1664,811,853,49.6,287,1377,290
40807,523,266,257,44.7,86,437,175
40808,27,23,4,26,3,24,0
40810,1286,719,567,36.8,347,939,205
40813,297,164,133,58.1,4,293,80
40815,699,446,253,43.8,94,605,144
40816,0,0,0,-,0,0,0
40818,155,113,42,55.1,9,146,34
40819,948,475,473,53,254,694,222
40820,313,160,153,54.5,45,268,94
40823,3846,1784,2062,35.2,1202,2644,750
40824,825,449,376,25.8,258,567,59
40826,482,264,218,46.6,65,417,120
40827,777,469,308,48.3,182,595,92
40828,4478,2068,2410,40.1,1023,3455,734
40829,24,24,0,-,0,24,11
40830,259,172,87,64.1,29,230,119
40831,5100,2309,2791,41.1,1240,3860,952
40840,458,223,235,52,29,429,134
40843,64,32,32,64.4,0,64,24
40844,88,64,24,74.1,0,88,49
40845,688,283,405,51.8,79,609,155
40847,74,45,29,23.7,0,74,0
40849,17,6,11,62.6,0,17,7
40854,1001,484,517,37.6,192,809,173
40855,738,346,392,58.6,74,664,194
40856,874,365,509,35,282,592,121
40858,171,76,95,37.4,75,96,0
40862,606,265,341,38.4,221,385,93
40863,476,266,210,52.2,28,448,109
40865,314,165,149,49.6,35,279,72
40868,1026,477,549,38.7,332,694,135
40870,627,295,332,47.4,135,492,203
40873,2402,984,1418,36.3,727,1675,361
40874,115,40,75,30.7,14,101,26
40902,548,344,204,56.5,91,457,65
40903,781,503,278,53.6,57,724,171
40906,11665,5247,6418,38.8,2509,9156,2228
40913,447,205,242,31.6,28,419,93
40914,703,378,325,37.2,207,496,118
40915,905,417,488,29,279,626,54
40921,155,55,100,53.8,30,125,33
40923,625,218,407,42.4,201,424,134
40927,767,403,364,38.7,195,572,107
40935,2132,1087,1045,35.6,560,1572,172
40939,137,92,45,37.1,66,71,28
40940,338,170,168,52.2,56,282,32
40941,145,100,45,27.6,35,110,0
40943,750,403,347,38.4,208,542,91
40946,55,49,6,74.7,0,55,55
40949,483,274,209,30.7,145,338,39
40953,334,163,171,33.9,85,249,92
40958,584,284,300,43.7,90,494,12
40962,17490,9257,8233,41.1,3549,13941,2735
40964,23,14,9,67.1,0,23,12
40965,11635,5724,5911,41.5,2571,9064,2322
40972,1520,729,791,39.4,351,1169,286
40977,8818,4615,4203,39.9,2014,6804,1658
40979,0,0,0,-,0,0,0
40981,0,0,0,-,0,0,0
40982,408,229,179,30.4,138,270,22
40983,298,147,151,28.8,65,233,39
40988,375,153,222,37,73,302,54
40995,40,22,18,-,0,40,0
40997,347,211,136,27.5,150,197,15
41001,19060,9513,9547,39,4703,14357,2692
41002,2629,1310,1319,45.1,498,2131,457
41003,2756,1367,1389,42.4,575,2181,518
41004,3781,1789,1992,40.2,956,2825,571
41005,24650,12305,12345,37.6,5640,19010,3509
41006,3525,1720,1805,49.2,672,2853,884
41007,4647,2356,2291,44.1,946,3701,722
41008,7646,3939,3707,36.6,2192,5454,1052
41010,3202,1778,1424,45.6,608,2594,682
41011,27044,13653,13391,36.9,5404,21640,4462
41014,7135,3548,3587,33,1703,5432,942
41015,20925,10558,10367,39,5048,15877,3108
41016,5948,2904,3044,37.4,1369,4579,957
41017,41040,20560,20480,40,9214,31826,7090
41018,28472,13877,14595,34.9,6789,21683,3969
41030,6247,3412,2835,31.6,1889,4358,670
41031,16416,7924,8492,42.8,3744,12672,3177
41033,2161,1119,1042,38.5,688,1473,284
41034,1065,579,486,43.4,226,839,157
41035,11522,5715,5807,34.7,2995,8527,1417
41039,2969,1599,1370,40.9,757,2212,419
41040,7312,3906,3406,40.9,1600,5712,1156
41041,7617,3970,3647,39.2,1875,5742,1414
41042,55347,26959,28388,39.1,12595,42752,9044
41043,1491,845,646,47.3,266,1225,296
41044,1522,918,604,30.8,540,982,220
41045,1363,757,606,38.6,365,998,133
41046,1790,793,997,33.2,482,1308,202
41048,16074,7988,8086,37.9,4396,11678,1301
41049,2077,906,1171,54.9,321,1756,534
41051,31799,15873,15926,35.9,8430,23369,3513
41052,190,147,43,62.3,25,165,29
41055,1758,904,854,40.5,444,1314,324
41056,13714,6524,7190,42.7,3038,10676,2710
41059,3183,1594,1589,44.3,709,2474,656
41063,2668,1305,1363,44.5,525,2143,531
41064,2071,895,1176,39.4,534,1537,422
41071,19626,10276,9350,38.1,3086,16540,3125
41073,5596,2848,2748,36.6,967,4629,768
41074,5674,2891,2783,39.6,1106,4568,1043
41075,17409,8807,8602,38,4697,12712,2727
41076,17104,7474,9630,37.2,2928,14176,3548
41080,1550,768,782,41.7,346,1204,161
41083,1722,856,866,43.2,493,1229,477
41085,917,496,421,42.2,238,679,67
41086,1982,975,1007,42.7,483,1499,295
41091,24842,12919,11923,37.1,8103,16739,3746
41092,3195,1637,1558,42.8,736,2459,520
41093,2741,1279,1462,35.7,794,1947,461
41094,14546,7392,7154,36.5,4278,10268,1857
41095,3948,2127,1821,35.3,817,3131,554
41097,7072,3338,3734,41.6,1687,5385,1290
41098,1214,703,511,44.1,235,979,208
41101,18686,8849,9837,41,4198,14488,3451
41102,21026,10864,10162,41.9,4641,16385,4504
41121,1854,987,867,38.3,564,1290,263
41124,1202,643,559,35.7,414,788,213
41129,8879,4431,4448,48.9,1389,7490,1978
41132,510,265,245,23.9,200,310,127
41135,284,111,173,56.1,22,262,66
41139,8184,4041,4143,45.4,1741,6443,1830
41141,2382,1261,1121,41.4,612,1770,457
41142,123,87,36,83.8,0,123,92
41143,13614,6920,6694,40.6,3071,10543,2515
41144,9486,4983,4503,46.8,1827,7659,1995
41146,382,195,187,58.8,0,382,152
41149,445,219,226,38.2,110,335,114
41159,544,346,198,43.8,159,385,75
41164,12301,5909,6392,43.7,2617,9684,2430
41166,1063,537,526,31.2,363,700,117
41168,3891,2225,1666,34.3,1093,2798,471
41169,5353,2507,2846,42.9,1188,4165,1217
41171,4879,2950,1929,41.1,845,4034,961
41174,843,371,472,48.9,138,705,177
41175,5515,2506,3009,41.7,1112,4403,1328
41179,6927,3247,3680,43.9,1454,5473,1453
41180,755,448,307,58.4,82,673,229
41181,93,7,86,33.4,35,58,42
41183,1722,851,871,37.1,398,1324,330
41189,2168,1225,943,42.9,412,1756,337
41201,254,143,111,39.2,8,246,37
41203,680,381,299,39.4,106,574,88
41204,737,399,338,38.4,185,552,126
41214,1623,1398,225,34.9,144,1479,83
41216,1412,796,616,32.7,491,921,203
41219,1921,882,1039,39.8,471,1450,265
41222,2845,1521,1324,48,455,2390,483
41224,3375,1652,1723,50.9,623,2752,683
41226,322,157,165,36.5,106,216,37
41230,12346,6186,6160,42.4,2978,9368,2334
41231,1062,578,484,47.3,166,896,133
41232,641,241,400,45.8,54,587,34
41234,521,228,293,44.9,121,400,143
41238,781,474,307,41.1,197,584,175
41240,6520,3111,3409,46,1344,5176,1407
41250,901,461,440,59.1,142,759,381
41254,701,408,293,23.5,299,402,86
41255,622,364,258,49,127,495,81
41256,2189,900,1289,41.5,403,1786,681
41257,708,409,299,44.9,120,588,114
41260,847,480,367,51.3,98,749,222
41262,1417,753,664,22.9,394,1023,306
41263,326,169,157,37.4,119,207,45
41264,705,284,421,44.1,221,484,93
41265,1024,591,433,42.7,243,781,127
41267,1681,836,845,26.8,571,1110,145
41268,1058,544,514,29.3,275,783,96
41271,219,101,118,28.9,73,146,22
41274,500,158,342,38.8,123,377,0
41301,5721,2965,2756,41.3,1329,4392,1163
41310,0,0,0,-,0,0,0
41311,6446,3711,2735,40.1,1418,5028,1120
41314,4495,2189,2306,48.6,894,3601,1025
41317,467,213,254,51.6,86,381,130
41332,1056,561,495,50.1,220,836,203
41339,10684,5470,5214,41.4,2222,8462,1758
41348,1171,559,612,40.4,212,959,204
41351,10,10,0,-,0,10,0
41352,485,282,203,56.7,75,410,101
41360,446,223,223,37.8,116,330,36
41364,76,60,16,56.9,0,76,35
41365,555,285,270,46.1,89,466,68
41366,38,24,14,52.1,4,34,0
41367,312,190,122,45.4,56,256,39
41385,591,310,281,47.3,88,503,143
41386,7,7,0,-,0,7,0
41390,85,49,36,59.1,9,76,9
41397,146,75,71,57.5,0,146,32
41408,441,208,233,42.7,113,328,78
41421,288,166,122,48.8,58,230,0
41425,1243,629,614,43.5,235,1008,288
41464,363,176,187,47.7,65,298,91
41465,10823,5463,5360,40.5,2494,8329,1889
41472,10572,6340,4232,42.1,1863,8709,1862
41501,23114,11337,11777,39.6,4294,18820,3818
41503,367,202,165,61.1,21,346,80
41512,550,313,237,51.4,66,484,132
41513,379,199,180,36.6,55,324,91
41514,2588,1284,1304,47.2,465,2123,564
41517,66,25,41,34.1,13,53,20
41519,680,296,384,35.9,167,513,65
41522,5081,2634,2447,45.4,841,4240,1433
41524,354,183,171,36.4,85,269,29
41526,50,25,25,-,0,50,50
41527,658,335,323,45.8,188,470,76
41528,364,143,221,25.9,123,241,25
41531,893,371,522,38.1,244,649,142
41534,169,68,101,62.7,10,159,41
41535,738,346,392,36.9,213,525,62
41537,3580,1855,1725,47,713,2867,733
41538,340,226,114,62.1,44,296,131
41539,1387,680,707,50.4,209,1178,309
41540,342,142,200,23.5,135,207,37
41543,529,276,253,50.7,64,465,130
41544,482,259,223,47.7,121,361,101
41547,576,376,200,52.7,92,484,150
41548,1068,557,511,42.7,206,862,161
41553,2336,1190,1146,39.7,746,1590,507
41554,968,412,556,36.2,354,614,197
41555,1249,750,499,29.3,361,888,127
41557,2146,999,1147,43.2,628,1518,480
41558,871,335,536,43.3,127,744,167
41559,245,172,73,62.5,27,218,105
41560,240,116,124,33.8,52,188,59
41562,2065,1050,1015,38.9,465,1600,259
41563,348,192,156,31.6,108,240,60
41564,623,346,277,52.4,105,518,170
41566,464,234,230,33.9,159,305,101
41567,67,42,25,46.1,13,54,0
41568,727,263,464,51.2,28,699,193
41571,557,276,281,49,106,451,120
41572,3163,1417,1746,50.4,606,2557,687
41601,550,265,285,41.4,152,398,137
41602,909,400,509,47.1,168,741,167
41603,1718,758,960,36.6,178,1540,298
41604,389,239,150,50.4,92,297,48
41605,714,337,377,54.4,135,579,291
41606,472,224,248,51,50,422,151
41607,348,184,164,26.9,125,223,54
41612,187,71,116,52.4,25,162,54
41615,583,294,289,31.8,213,370,98
41616,585,279,306,41.2,135,450,44
41619,345,205,140,52.9,36,309,32
41621,165,98,67,20.9,31,134,77
41622,93,27,66,61.7,0,93,41
41630,1017,410,607,41.5,302,715,198
41631,849,452,397,35.7,218,631,187
41632,423,234,189,54.7,48,375,127
41635,3156,1564,1592,42.5,715,2441,577
41636,728,299,429,48.6,77,651,228
41640,1069,499,570,48.9,261,808,247
41642,960,386,574,37.1,257,703,69
41643,129,69,60,59.8,18,111,56
41645,1114,611,503,45.3,409,705,192
41647,1093,567,526,52.9,152,941,233
41649,2263,1133,1130,48.1,392,1871,497
41650,453,317,136,38.9,102,351,98
41651,181,71,110,19.2,89,92,19
41653,10972,5404,5568,41.3,2300,8672,2131
41655,1087,520,567,44.9,146,941,138
41659,856,392,464,50.1,300,556,161
41660,314,188,126,26.3,98,216,46
41663,292,88,204,15.9,147,145,0
41666,873,457,416,31.1,238,635,49
41667,467,235,232,36.3,158,309,0
41669,897,478,419,40.9,158,739,135
41701,16470,7971,8499,39.5,4249,12221,2552
41712,515,269,246,34.9,61,454,0
41713,0,0,0,-,0,0,0
41714,651,344,307,42.9,159,492,57
41719,1367,691,676,49.6,161,1206,303
41721,555,285,270,49.3,56,499,180
41722,1324,637,687,43.1,307,1017,190
41723,1215,629,586,31.7,461,754,123
41725,482,275,207,46.1,142,340,79
41727,1584,947,637,31.6,462,1122,169
41729,34,34,0,52.5,0,34,0
41731,821,418,403,53.1,97,724,241
41735,125,68,57,54.6,0,125,30
41739,21,8,13,-,0,21,8
41740,943,473,470,40.2,245,698,126
41745,554,203,351,29.7,239,315,80
41746,647,391,256,43.3,179,468,196
41749,2225,914,1311,53.8,218,2007,641
41751,245,139,106,57.8,59,186,97
41754,476,301,175,56.6,17,459,106
41759,522,282,240,47.1,104,418,99
41760,349,186,163,53.7,69,280,101
41762,88,78,10,-,0,88,0
41763,592,287,305,36.5,188,404,62
41764,409,204,205,52.9,27,382,132
41766,450,201,249,50.5,97,353,148
41772,342,189,153,45.9,84,258,91
41773,1294,630,664,43.2,344,950,273
41774,2291,1093,1198,48.8,353,1938,445
41775,232,107,125,53.1,0,232,38
41776,1940,1135,805,31.9,449,1491,230
41777,1205,612,593,36.3,383,822,184
41778,95,0,95,-,0,95,0
41804,1066,605,461,21.6,470,596,74
41810,281,204,77,50.1,3,278,76
41812,201,109,92,56,17,184,61
41815,776,436,340,37.9,147,629,73
41817,455,182,273,35.8,111,344,122
41819,244,93,151,60,46,198,41
41821,180,102,78,49,0,180,23
41822,1928,878,1050,41.6,499,1429,511
41824,912,549,363,44.1,199,713,222
41825,225,77,148,62.4,0,225,98
41826,701,275,426,45.8,148,553,113
41828,629,302,327,40.7,95,534,88
41831,997,568,429,50.5,119,878,180
41832,322,105,217,47.4,0,322,63
41833,140,52,88,49.1,0,140,15
41834,349,158,191,30.7,32,317,0
41835,728,415,313,41.4,173,555,84
41836,979,487,492,51.8,107,872,281
41837,1014,581,433,38.7,141,873,157
41838,1031,524,507,51.3,123,908,215
41839,561,295,266,44.2,110,451,28
41840,1187,648,539,33.7,344,843,149
41843,306,145,161,48.8,51,255,72
41844,1391,673,718,27.1,178,1213,188
41845,362,121,241,57.3,118,244,85
41847,184,78,106,70.6,4,180,106
41848,0,0,0,-,0,0,0
41849,119,44,75,62.4,27,92,39
41855,794,375,419,54,143,651,289
41858,7473,3466,4007,41.3,1734,5739,1726
41859,231,121,110,60.2,17,214,77
41861,362,209,153,52.5,39,323,114
41862,947,412,535,37.5,236,711,186
42001,30634,14946,15688,42.5,6430,24204,6206
42003,29313,14228,15085,41.3,6570,22743,5756
42020,2171,983,1188,35.1,631,1540,353
42021,1326,666,660,44.2,353,973,253
42022,161,84,77,9.8,88,73,0
42023,2398,1184,1214,40.9,560,1838,527
42024,1110,508,602,53.3,152,958,307
42025,18836,9225,9611,47.6,3588,15248,4408
42027,1931,923,1008,46.8,425,1506,546
42028,707,282,425,44.7,151,556,92
42029,6092,3007,3085,41.8,1243,4849,1186
42031,3512,1704,1808,45.3,754,2758,837
42032,222,90,132,60.1,19,203,43
42035,802,374,428,41.1,166,636,191
42036,1031,653,378,51.4,125,906,141
42037,14,0,14,-,0,14,0
42038,6091,3725,2366,45,812,5279,1223
42039,1358,665,693,44.4,246,1112,254
42040,845,435,410,37.1,235,610,133
42041,4908,2300,2608,36,1347,3561,949
42044,3953,2115,1838,38.6,1032,2921,820
42045,1866,966,900,56,281,1585,422
42047,205,78,127,16.7,125,80,0
42048,2314,1146,1168,39.1,526,1788,391
42049,1671,803,868,37.5,483,1188,241
42050,2934,1677,1257,44.6,401,2533,630
42051,2280,1120,1160,47.8,404,1876,400
42053,4897,2393,2504,46.3,890,4007,1216
42054,1064,407,657,36.9,191,873,172
42055,2312,1046,1266,60.6,298,2014,892
42056,1735,757,978,43.2,440,1295,441
42058,2164,1024,1140,37.2,491,1673,394
42060,8,8,0,-,0,8,8
42061,96,32,64,61.9,10,86,47
42064,8111,4108,4003,41.8,1845,6266,1599
42066,23902,11670,12232,38.4,6097,17805,4379
42069,970,585,385,41,210,760,111
42071,30254,14819,15435,33.4,5183,25071,5159
42076,838,385,453,62.5,52,786,272
42078,1764,917,847,46.9,345,1419,509
42079,1588,719,869,38.5,323,1265,213
42081,2018,1059,959,47.4,426,1592,445
42082,1897,1052,845,40.3,294,1603,295
42083,561,291,270,31.8,123,438,139
42085,658,393,265,47.7,40,618,147
42086,4275,2150,2125,42.3,1130,3145,682
42087,2438,1316,1122,47.3,392,2046,465
42088,2398,1218,1180,42,590,1808,552
42101,62041,30442,31599,28.1,14264,47777,6271
42103,22130,11163,10967,37.9,4764,17366,3370
42104,40285,19631,20654,36.3,9136,31149,6062
42120,2746,1369,1377,38,783,1963,358
42122,5385,2687,2698,42.9,1536,3849,1102
42123,1279,649,630,29.8,372,907,182
42124,89,55,34,29.6,37,52,11
42127,6915,3467,3448,43.4,1453,5462,1021
42129,7320,3599,3721,41.7,1798,5522,1365
42130,157,86,71,61.2,13,144,48
42131,116,52,64,55.3,0,116,9
42133,1180,593,587,48.2,137,1043,229
42134,19185,9741,9444,39.2,4588,14597,3023
42140,1197,627,570,44.7,330,867,243
42141,31732,15258,16474,40.4,7320,24412,6004
42151,183,71,112,46.5,22,161,52
42153,88,66,22,49.5,0,88,28
42154,482,295,187,53.2,108,374,153
42156,270,154,116,60.3,5,265,60
42157,584,325,259,36.1,139,445,59
42159,1384,778,606,43.8,223,1161,301
42160,2192,1152,1040,31.8,719,1473,306
42163,45,22,23,34.4,5,40,0
42164,16843,8367,8476,41.5,3797,13046,3092
42166,2323,1055,1268,38.5,574,1749,427
42167,8442,4197,4245,40.9,1960,6482,1595
42170,1378,665,713,45.6,322,1056,249
42171,7073,3741,3332,39.7,1811,5262,937
42202,1756,808,948,51.5,187,1569,500
42204,625,339,286,44.3,110,515,205
42206,5531,2971,2560,38.4,1340,4191,956
42207,1043,427,616,44.4,208,835,211
42210,4473,2084,2389,47.7,847,3626,1204
42211,13081,6480,6601,45.8,2777,10304,3051
42214,542,265,277,51.5,40,502,64
42215,1618,871,747,45,250,1368,270
42217,3389,1608,1781,41.9,766,2623,719
42220,6131,3230,2901,38.9,1325,4806,1116
42223,19617,11874,7743,22,6368,13249,34
42232,786,428,358,24.8,253,533,57
42234,2514,1273,1241,33.2,779,1735,426
42236,752,426,326,43.2,253,499,130
42240,41788,20770,21018,35.4,10146,31642,7190
42252,131,75,56,59.2,0,131,21
42254,196,82,114,42.5,34,162,25
42256,4611,2251,2360,48.9,955,3656,1083
42259,1179,628,551,55.4,113,1066,355
42261,9850,5010,4840,40.4,2248,7602,1791
42262,9441,4989,4452,24.3,3623,5818,321
42265,982,405,577,41.9,321,661,107
42266,3251,1751,1500,30.7,1153,2098,428
42273,561,333,228,54.8,74,487,216
42274,2593,1290,1303,43.6,474,2119,499
42275,859,478,381,41.2,214,645,84
42276,15942,7662,8280,38.8,4013,11929,2780
42280,439,243,196,38.7,175,264,9
42285,535,271,264,32.7,144,391,56
42286,1884,866,1018,23,770,1114,160
42301,45851,22235,23616,36.7,11614,34237,7298
42303,41608,20648,20960,39.8,9424,32184,7927
42320,8913,4851,4062,39.6,2258,6655,1421
42321,415,227,188,38.2,104,311,115
42322,0,0,0,-,0,0,0
42323,810,470,340,22.4,325,485,97
42324,1080,517,563,50.2,136,944,313
42325,1565,837,728,38.4,347,1218,223
42326,305,174,131,30.8,124,181,79
42327,4703,2318,2385,40,1216,3487,755
42328,1173,583,590,41.1,265,908,231
42330,10184,5124,5060,38.9,2450,7734,1690
42332,102,61,41,50.2,16,86,17
42333,760,419,341,29.2,297,463,140
42337,1743,758,985,44.4,380,1363,310
42338,27,0,27,48.6,5,22,0
42339,915,487,428,44,269,646,152
42343,1658,800,858,35.5,387,1271,386
42344,1064,465,599,45.3,250,814,228
42345,11091,5781,5310,46.5,1705,9386,2420
42347,5419,2588,2831,41.4,1182,4237,1067
42348,4986,2705,2281,40.8,1158,3828,895
42349,1933,825,1108,40.7,447,1486,356
42350,1269,613,656,44.7,233,1036,327
42351,4639,2247,2392,39.2,1184,3455,819
42352,1652,785,867,44.9,420,1232,388
42354,205,107,98,48.9,23,182,31
42355,1479,721,758,41.8,292,1187,216
42356,231,0,231,79.6,0,231,202
42361,696,335,361,41.8,166,530,169
42366,5190,2658,2532,44.5,1199,3991,907
42367,886,432,454,50.1,230,656,254
42368,1223,597,626,31.9,297,926,106
42369,246,127,119,39.7,54,192,70
42370,83,49,34,39.2,15,68,0
42371,331,174,157,60.8,19,312,143
42372,1535,830,705,46.6,329,1206,294
42374,109,46,63,59.9,13,96,40
42376,6520,3305,3215,40.3,1727,4793,943
42378,3490,1631,1859,37,975,2515,469
42404,2342,1087,1255,35.6,611,1731,410
42406,2419,1238,1181,45.8,443,1976,496
42408,6307,3056,3251,46.3,1340,4967,1183
42409,2397,1258,1139,42.3,442,1955,374
42410,1219,527,692,35.3,331,888,113
42411,2082,1021,1061,38,557,1525,379
42413,2406,1252,1154,54,345,2061,826
42420,38528,18486,20042,40.1,8954,29574,6874
42431,26666,13169,13497,38.2,6560,20106,4990
42436,1426,693,733,39.9,298,1128,121
42437,7419,4003,3416,38.7,1399,6020,1330
42440,936,441,495,43.8,161,775,157
42441,1853,1046,807,45.6,381,1472,409
42442,3147,1437,1710,42.8,827,2320,420
42444,0,0,0,-,0,0,0
42445,10242,5036,5206,44.9,2203,8039,2277
42450,3766,2042,1724,46.2,596,3170,750
42451,582,324,258,27.2,245,337,38
42452,2276,1152,1124,52.5,345,1931,427
42453,527,292,235,42.4,118,409,51
42455,3475,1638,1837,27.6,1183,2292,411
42456,1293,599,694,49.7,192,1101,358
42458,930,417,513,55.6,78,852,402
42459,3935,1833,2102,48.4,644,3291,928
42461,1050,559,491,44.1,173,877,183
42462,1512,735,777,34.3,410,1102,173
42463,137,60,77,47.6,14,123,30
42464,1714,751,963,45.6,331,1383,366
42501,17080,8250,8830,40.9,3802,13278,3072
42503,25381,12480,12901,41.7,5501,19880,4900
42516,504,293,211,54.4,9,495,153
42518,3068,1448,1620,42,606,2462,699
42519,3109,1424,1685,42.5,712,2397,616
42528,2156,1118,1038,31.9,688,1468,379
42533,917,560,357,45.3,207,710,179
42539,9896,4698,5198,41.9,2082,7814,2094
42541,279,159,120,54.9,41,238,72
42544,5486,2811,2675,51.3,986,4500,1419
42553,6249,3177,3072,34.3,1648,4601,978
42565,872,462,410,44,229,643,207
42566,360,184,176,39.9,106,254,73
42567,5241,2594,2647,44.1,1183,4058,788
42602,9141,4620,4521,43,1960,7181,1885
42603,628,271,357,39,150,478,58
42629,5683,2753,2930,45.9,1350,4333,1291
42631,0,0,0,-,0,0,0
42633,18483,9087,9396,43.2,3790,14693,3866
42634,1920,941,979,33.7,365,1555,319
42635,4906,3125,1781,44.7,564,4342,780
42638,196,90,106,22,53,143,32
42642,12382,6236,6146,40.4,2862,9520,2384
42647,3905,1986,1919,38.3,1064,2841,698
42649,1471,666,805,46.7,362,1109,329
42653,4113,2214,1899,37.2,1109,3004,540
42701,52618,25492,27126,39.5,12241,40377,8616
42712,1681,870,811,45.2,173,1508,324
42713,1730,908,822,41.1,425,1305,304
42715,338,226,112,37.3,156,182,65
42716,1401,833,568,42.7,295,1106,240
42717,5916,2909,3007,45.6,1271,4645,1306
42718,25984,12879,13105,38.1,5935,20049,4871
42721,3954,1959,1995,38.7,1197,2757,594
42722,338,204,134,53.2,61,277,69
42724,5406,2630,2776,40.1,1301,4105,817
42726,4960,2462,2498,40.4,1266,3694,813
42728,15789,7924,7865,41.2,2892,12897,3145
42729,1518,770,748,47,431,1087,427
42732,2411,1485,926,32.4,622,1789,232
42733,1615,682,933,29.6,452,1163,214
42740,2157,1206,951,45.7,355,1802,387
42741,513,232,281,41.9,116,397,67
42742,99,74,25,21,21,78,0
42743,9043,4479,4564,45.5,1878,7165,1917
42746,2512,1152,1360,32.1,730,1782,216
42748,9280,4336,4944,41,2248,7032,1591
42749,5095,2342,2753,44.4,879,4216,845
42753,801,445,356,50.6,107,694,197
42754,15918,7811,8107,41.2,3604,12314,3076
42757,2995,1559,1436,42.5,538,2457,474
42758,55,29,26,34.7,18,37,0
42759,43,7,36,30.4,11,32,0
42762,257,68,189,23.3,46,211,10
42764,430,208,222,44.7,121,309,106
42765,6767,3407,3360,36.1,1934,4833,1070
42776,2025,1124,901,37.2,615,1410,348
42782,933,483,450,48.9,143,790,161
42784,3050,1636,1414,35.9,805,2245,522
42788,227,121,106,47.3,9,218,54
43001,2537,1209,1328,52.9,340,2197,550
43002,776,444,332,34.8,57,719,172
43003,3139,1540,1599,46.1,614,2525,458
43004,31002,15845,15157,34.7,8366,22636,3188
43005,445,64,381,17.6,236,209,63
43006,471,249,222,64.7,39,432,233
43007,43,33,10,76.3,0,43,27
43008,2365,1025,1340,49.5,295,2070,507
43009,2140,1024,1116,41.6,598,1542,283
43010,255,132,123,51.8,35,220,96
43011,6859,3569,3290,38.9,1604,5255,1168
43013,1404,675,729,42.4,421,983,300
43014,3867,1910,1957,26.9,1494,2373,461
43015,57745,28982,28763,38.9,13279,44466,9020
43016,44092,21816,22276,38.5,10450,33642,6101
43017,41837,21175,20662,38.8,11446,30391,5483
43018,83,60,23,40.3,24,59,0
43019,9905,4985,4920,39,2572,7333,1704
43021,14295,7347,6948,41.3,3873,10422,1775
43022,3630,1700,1930,21.8,463,3167,398
43023,15256,7671,7585,38.6,3117,12139,2466
43025,5230,2690,2540,44.4,966,4264,1144
43026,64633,32302,32331,34.9,16804,47829,6355
43027,200,80,120,11.5,122,78,0
43028,7482,3732,3750,45.2,1681,5801,1574
43029,532,344,188,37.1,95,437,111
43030,195,103,92,57,19,176,32
43031,14029,7098,6931,41.9,3345,10684,2214
43032,0,0,0,-,0,0,0
43033,430,205,225,53.7,65,365,137
43035,34661,17101,17560,35.2,10611,24050,2046
43036,306,167,139,38.7,59,247,30
43037,132,64,68,46.4,10,122,19
43040,36678,16829,19849,39,7429,29249,4841
43044,5254,2660,2594,41.3,931,4323,730
43045,1775,953,822,34.1,496,1279,273
43046,3165,1659,1506,50,405,2760,715
43047,11,0,11,-,0,11,0
43050,31064,15407,15657,41.8,6261,24803,6385
43054,28552,14139,14413,36.3,7785,20767,3421
43055,62460,30385,32075,38.9,13969,48491,10816
43056,17504,8195,9309,42.4,4108,13396,3359
43060,2669,1292,1377,39.4,710,1959,550
43061,5045,2582,2463,36,1370,3675,656
43062,31566,15790,15776,38.3,8218,23348,4531
43064,17188,8869,8319,36.5,5285,11903,2105
43065,45067,22804,22263,41.9,12094,32973,7376
43066,1173,621,552,44.8,275,898,300
43067,1360,680,680,42.1,317,1043,305
43068,58916,29397,29519,35.7,14590,44326,7933
43070,53,20,33,22.4,20,33,0
43071,2269,1200,1069,48.4,338,1931,369
43072,5380,2716,2664,46.1,1242,4138,1085
43074,15597,7505,8092,39.3,3716,11881,2232
43076,8909,4500,4409,47.4,1908,7001,2104
43077,277,137,140,23.6,77,200,11
43078,20269,10123,10146,41.1,4428,15841,4226
43080,5123,2378,2745,38.5,1423,3700,853
43081,64746,30696,34050,35.9,14279,50467,9412
43082,33195,16278,16917,42.5,8619,24576,6176
43084,811,447,364,33.9,222,589,100
43085,26653,12807,13846,38,7055,19598,4571
43101,365,208,157,38.1,95,270,59
43102,4038,1956,2082,45.1,777,3261,502
43103,12532,6343,6189,36.3,2992,9540,1631
43105,9129,4672,4457,39.6,2208,6921,1756
43106,1653,908,745,36.6,364,1289,265
43107,3305,1615,1690,38.9,773,2532,502
43109,147,80,67,39.5,41,106,36
43110,38235,18263,19972,35.7,9362,28873,4917
43111,117,63,54,52.5,23,94,10
43112,4879,2453,2426,43.4,1115,3764,947
43113,24365,12172,12193,41.2,4949,19416,4987
43115,1943,951,992,37.4,603,1340,178
43116,2716,1332,1384,33.1,919,1797,184
43117,8,0,8,-,0,8,8
43119,29409,14175,15234,35,7787,21622,2953
43123,66365,33504,32861,40.3,15516,50849,11168
43125,14212,7378,6834,41.6,3577,10635,1964
43126,404,193,211,46.3,86,318,104
43127,273,107,166,48.6,49,224,64
43128,2053,961,1092,41.3,482,1571,378
43130,62187,31351,30836,40.5,12758,49429,11866
43135,4035,1991,2044,47.7,702,3333,754
43136,2316,1084,1232,33,737,1579,237
43137,2267,1005,1262,47,372,1895,369
43138,19164,9724,9440,38.9,4416,14748,3364
43140,23812,14303,9509,41.8,4080,19732,3469
43142,82,58,24,45.8,8,74,17
43143,5931,2852,3079,38.9,1550,4381,885
43144,425,233,192,39.9,92,333,88
43145,1926,913,1013,43.3,444,1482,343
43146,12832,8144,4688,40,2326,10506,2013
43147,46058,22933,23125,37.2,13535,32523,5277
43148,1871,1003,868,42.7,408,1463,344
43149,2321,1174,1147,49.6,493,1828,531
43150,2544,1316,1228,34.6,767,1777,478
43151,257,125,132,34.7,73,184,52
43152,836,366,470,46.1,143,693,235
43153,1113,505,608,51.8,212,901,166
43154,3482,1478,2004,40.3,836,2646,709
43155,2391,1102,1289,51.5,366,2025,590
43156,198,107,91,44,36,162,29
43157,508,259,249,39.6,138,370,89
43158,402,250,152,22.2,161,241,37
43160,21847,10857,10990,43,4749,17098,4215
43162,6837,3256,3581,47.2,1184,5653,1423
43164,2134,1090,1044,36.7,544,1590,293
43201,34651,18452,16199,23.3,1875,32776,1019
43202,20778,11031,9747,29.1,2308,18470,1107
43203,8762,4142,4620,32.5,2271,6491,1011
43204,43990,21654,22336,34.2,10262,33728,5059
43205,12600,6341,6259,34,2562,10038,1257
43206,22667,10721,11946,34,3661,19006,2727
43207,46010,22463,23547,39.4,9696,36314,6524
43209,28600,13651,14949,38.5,6117,22483,4787
43210,11584,5365,6219,19.4,139,11445,0
43211,21976,10261,11715,32.3,6562,15414,2059
43212,22619,11073,11546,31.1,3110,19509,2437
43213,36724,17917,18807,37.3,8804,27920,5395
43214,26200,13248,12952,41.6,3752,22448,5403
43215,15754,7913,7841,30.4,276,15478,1492
43217,2031,961,1070,25.2,819,1212,64
43218,0,0,0,-,0,0,0
43219,32136,14949,17187,30.9,9649,22487,4058
43220,29355,15781,13574,36.1,6340,23015,4034
43221,35164,16861,18303,37.5,8581,26583,5149
43222,4151,1928,2223,40.3,956,3195,706
43223,27211,14005,13206,33.4,6516,20695,2934
43224,43391,21586,21805,35.5,11003,32388,4944
43227,25031,12030,13001,37.2,6664,18367,3718
43228,57406,28208,29198,33.4,15073,42333,5837
43229,55168,27041,28127,33,14707,40461,6252
43230,58079,27684,30395,37,13572,44507,7989
43231,23110,10532,12578,32.5,6258,16852,2530
43232,46881,23554,23327,33.9,13128,33753,5224
43235,45462,22230,23232,36.2,9896,35566,7285
43240,6968,3828,3140,33.3,881,6087,556
43302,55090,29539,25551,39.8,12018,43072,9659
43310,2734,1404,1330,43,545,2189,595
43311,19969,9643,10326,38.5,4768,15201,3446
43314,2555,1423,1132,43.4,563,1992,383
43315,7013,3630,3383,45.7,1321,5692,1151
43316,6209,3147,3062,40.4,1368,4841,1026
43317,179,74,105,42.9,34,145,42
43318,4185,2309,1876,42.7,1026,3159,503
43319,1046,498,548,47.5,160,886,199
43320,1370,732,638,48.5,259,1111,495
43321,374,179,195,38.4,66,308,69
43322,447,264,183,43.4,103,344,63
43323,626,329,297,48,123,503,175
43324,2688,1373,1315,50.1,402,2286,784
43325,80,33,47,6.8,43,37,10
43326,12990,6462,6528,40.6,3166,9824,2522
43330,48,30,18,45,5,43,5
43331,4247,2214,2033,52.1,646,3601,1044
43332,1585,869,716,43.6,247,1338,304
43333,884,314,570,39.1,269,615,190
43334,6229,3228,3001,42.2,1482,4747,1166
43336,0,0,0,-,0,0,0
43337,769,353,416,56,115,654,267
43338,10033,5017,5016,44.1,2213,7820,1963
43340,2001,1198,803,30.5,657,1344,269
43341,835,487,348,54.4,57,778,210
43342,3699,1992,1707,39.8,671,3028,770
43343,1124,688,436,51.5,139,985,188
43344,6119,3037,3082,38.2,1693,4426,836
43345,851,450,401,38.1,279,572,90
43346,201,81,120,7.7,117,84,0
43347,1206,624,582,38.1,351,855,164
43348,1840,941,899,46,460,1380,451
43350,184,74,110,42.4,33,151,26
43351,10591,5037,5554,40.6,2493,8098,2161
43356,1111,536,575,47.8,186,925,317
43357,4469,2204,2265,41.7,1113,3356,992
43358,2608,1347,1261,37.3,695,1913,392
43359,618,303,315,41.8,136,482,73
43360,1790,1058,732,33.9,487,1303,160
43402,31472,15877,15595,27,5230,26242,3946
43403,4344,1808,2536,19.5,5,4339,0
43406,1620,872,748,35.7,450,1170,305
43407,521,276,245,51.4,88,433,173
43408,355,188,167,32.4,60,295,49
43410,9838,5139,4699,49.1,1725,8113,2080
43412,4166,2260,1906,47,853,3313,727
43413,951,462,489,40.8,247,704,159
43414,177,64,113,36.2,0,177,20
43416,2900,1428,1472,41.8,650,2250,535
43420,29304,14528,14776,40.3,6764,22540,5247
43430,4953,2268,2685,38,1158,3795,851
43431,4871,2282,2589,39.9,1092,3779,853
43432,1137,708,429,52.2,182,955,316
43433,43,0,43,-,20,23,0
43434,124,81,43,26.5,18,106,13
43435,1084,596,488,40.6,227,857,192
43436,0,0,0,-,0,0,0
43437,535,309,226,27.9,186,349,58
43438,221,122,99,65.3,4,217,112
43439,39,33,6,72.3,0,39,33
43440,4099,2149,1950,61.1,359,3740,1781
43442,841,452,389,40.5,186,655,214
43443,1609,695,914,35.8,411,1198,162
43445,983,514,469,49.2,150,833,140
43446,59,28,31,67.4,1,58,35
43447,3140,1479,1661,38.8,686,2454,530
43449,8281,4063,4218,45.8,1626,6655,2060
43450,3681,1789,1892,47.6,664,3017,902
43451,1125,607,518,43.2,166,959,233
43452,14048,6900,7148,53.6,2160,11888,4175
43456,549,303,246,50.8,74,475,106
43457,1281,693,588,44.8,329,952,354
43458,323,158,165,38.1,63,260,36
43460,6225,3196,3029,40.3,1107,5118,950
43462,985,569,416,45.9,189,796,171
43463,536,306,230,55.9,89,447,163
43464,2041,980,1061,37.5,458,1583,294
43465,5600,2625,2975,38.2,1128,4472,1184
43466,2735,1479,1256,32.3,835,1900,308
43467,110,58,52,39.7,19,91,16
43468,629,291,338,56.2,150,479,132
43469,2857,1344,1513,43.8,677,2180,571
43501,941,489,452,30.7,326,615,169
43502,6895,3336,3559,41.1,1897,4998,1393
43504,1076,588,488,50,217,859,250
43505,96,55,41,26.5,25,71,9
43506,14584,7273,7311,44.9,2748,11836,3509
43510,89,48,41,45.8,23,66,33
43511,1114,580,534,38,298,816,166
43512,28435,14323,14112,43.1,5987,22448,5869
43515,7925,3871,4054,41.1,1948,5977,1222
43516,2892,1403,1489,36.7,759,2133,396
43517,3561,1719,1842,41.4,779,2782,634
43518,2999,1573,1426,37.3,932,2067,405
43519,378,192,186,31.9,119,259,0
43520,17,9,8,-,0,17,0
43521,2683,1225,1458,42.9,528,2155,549
43522,3986,1948,2038,39.3,936,3050,631
43523,59,30,29,57.4,0,59,16
43524,1059,579,480,47.5,218,841,272
43525,1176,567,609,36.9,326,850,111
43526,5559,2778,2781,35.6,1578,3981,864
43527,2155,1029,1126,47.6,388,1767,541
43528,16683,8451,8232,43.8,3550,13133,3151
43529,368,160,208,28.4,98,270,23
43530,0,0,0,-,0,0,0
43531,192,78,114,24.5,55,137,0
43532,3452,1737,1715,42.4,646,2806,485
43533,1469,753,716,38.7,401,1068,295
43534,1474,764,710,36.1,330,1144,256
43535,721,357,364,39.8,197,524,181
43536,216,134,82,23.7,46,170,34
43537,29859,14218,15641,40.9,6768,23091,5666
43540,1479,705,774,35.6,287,1192,219
43541,188,67,121,35,64,124,18
43542,4734,2115,2619,41,1489,3245,711
43543,7579,3634,3945,43.4,1642,5937,1407
43545,14573,7248,7325,42,3699,10874,2846
43547,482,237,245,49.3,11,471,139
43548,898,525,373,40.9,215,683,107
43549,1353,730,623,42.9,270,1083,228
43551,42914,21629,21285,40.7,9569,33345,7790
43553,467,217,250,42.1,132,335,93
43554,2129,1014,1115,38,430,1699,356
43555,284,152,132,36.9,22,262,28
43556,1682,827,855,36.2,504,1178,355
43557,3246,1784,1462,36.9,718,2528,409
43558,13319,6848,6471,44.8,2165,11154,2830
43560,32717,16062,16655,42.9,8001,24716,6503
43565,380,173,207,40.8,86,294,83
43566,7947,4019,3928,45.8,1834,6113,1906
43567,12987,6709,6278,39.9,3331,9656,2312
43569,2823,1406,1417,35.5,777,2046,379
43570,3069,1534,1535,36.6,882,2187,490
43571,7169,3457,3712,42.4,1823,5346,1228
43604,9626,4978,4648,34.8,2187,7439,1007
43605,24937,11547,13390,32.2,7008,17929,2329
43606,24536,12186,12350,33.6,4661,19875,3526
43607,21112,10431,10681,32.4,4087,17025,3259
43608,14378,7485,6893,33,4537,9841,1682
43609,19889,10421,9468,37.9,4516,15373,2919
43610,3955,1727,2228,41.3,880,3075,579
43611,19110,9297,9813,36.7,4787,14323,3257
43612,28565,14014,14551,34.6,7544,21021,3159
43613,32231,16270,15961,33.9,8617,23614,4303
43614,28885,14189,14696,38.2,5545,23340,5716
43615,39405,17805,21600,38.8,7588,31817,7864
43616,20215,9615,10600,44.1,3893,16322,4441
43617,8508,3747,4761,41.4,2196,6312,1377
43619,7316,3496,3820,42,1563,5753,1167
43620,5341,2426,2915,33.5,1297,4044,834
43623,19995,9942,10053,40.3,3695,16300,4235
43701,55531,26818,28713,40.8,12174,43357,10165
43711,62,46,16,41.5,17,45,6
43713,6544,3212,3332,45.3,1545,4999,1234
43716,1954,1151,803,54.4,324,1630,605
43717,121,77,44,62.6,20,101,48
43718,2704,1309,1395,45.5,481,2223,501
43719,2593,1273,1320,40.6,614,1979,514
43720,1164,588,576,54.6,154,1010,400
43721,359,154,205,44.4,81,278,99
43722,782,419,363,17.8,407,375,107
43723,4412,2213,2199,41,991,3421,685
43724,9183,5596,3587,47.8,1447,7736,2242
43725,19662,9577,10085,41.2,4457,15205,3795
43727,1070,554,516,47.5,160,910,307
43728,1323,711,612,45.7,313,1010,323
43730,2856,1547,1309,42.6,464,2392,407
43731,4959,2170,2789,40.4,1333,3626,724
43732,1701,924,777,37.1,581,1120,381
43733,68,56,12,-,0,68,12
43734,1911,945,966,38.7,468,1443,367
43735,394,279,115,29.1,180,214,15
43736,12,8,4,51,4,8,2
43738,95,52,43,52.4,14,81,6
43739,2650,1549,1101,36.1,614,2036,352
43740,228,102,126,37.1,34,194,43
43746,762,339,423,41.9,130,632,214
43747,1492,693,799,37.4,466,1026,328
43748,3023,1533,1490,34.4,998,2025,320
43749,2153,1183,970,49.7,361,1792,592
43750,141,64,77,28.4,46,95,31
43754,1634,909,725,35.6,579,1055,126
43755,1417,738,679,52.7,275,1142,405
43756,5369,2782,2587,45.3,1047,4322,1252
43758,2901,1395,1506,41.5,620,2281,570
43759,269,128,141,41.3,61,208,34
43760,1194,691,503,42.8,232,962,136
43761,46,28,18,-,0,46,46
43762,5208,2631,2577,34.4,865,4343,658
43764,8149,4159,3990,40.1,1870,6279,1430
43766,1146,612,534,43.8,215,931,210
43767,1195,743,452,44.7,193,1002,201
43768,469,156,313,35.2,122,347,58
43771,2274,1021,1253,43.6,481,1793,515
43772,1748,846,902,40.4,416,1332,411
43773,2772,1343,1429,41,628,2144,665
43777,4917,2531,2386,45,1006,3911,789
43778,1511,886,625,43.5,295,1216,388
43779,531,264,267,48.6,89,442,90
43780,2165,1181,984,50.2,411,1754,646
43782,458,244,214,50,112,346,110
43783,4992,2414,2578,37,1338,3654,922
43786,67,34,33,56.8,14,53,25
43787,3024,1501,1523,41.2,727,2297,531
43788,624,385,239,62.8,74,550,255
43791,50,39,11,54.8,0,50,23
43793,4647,2242,2405,46,879,3768,1088
43802,1240,574,666,28,488,752,124
43804,3688,1837,1851,29.7,1142,2546,425
43805,179,37,142,64.8,0,179,83
43811,584,314,270,52.7,54,530,197
43812,18834,9009,9825,41.9,4367,14467,3833
43821,4350,2149,2201,42.9,1013,3337,775
43822,5052,2611,2441,40.3,1227,3825,1055
43824,3922,1925,1997,33.4,1118,2804,571
43830,6676,3185,3491,37.3,2150,4526,786
43832,7124,3449,3675,49.3,1373,5751,1536
43836,116,55,61,54.8,13,103,44
43837,1749,1045,704,46.8,380,1369,432
43840,1259,508,751,29.5,425,834,197
43842,220,171,49,43.7,42,178,49
43843,877,391,486,46.7,180,697,245
43844,3842,1994,1848,45.8,717,3125,788
43845,4870,2331,2539,39.1,1232,3638,846
43901,1907,923,984,49.3,297,1610,497
43902,118,29,89,39.1,57,61,18
43903,2127,1066,1061,46.7,388,1739,476
43905,607,348,259,46.2,101,506,144
43906,7987,4135,3852,46.6,1478,6509,1733
43907,4978,2338,2640,48.6,1050,3928,1292
43908,1038,582,456,49,199,839,279
43909,61,36,25,48.6,0,61,0
43910,3283,1691,1592,51.1,594,2689,936
43912,6011,3089,2922,42.5,997,5014,1241
43913,1068,591,477,45.8,201,867,178
43914,17,9,8,-,0,17,0
43915,1180,621,559,53.1,159,1021,269
43917,2850,1353,1497,50.9,518,2332,762
43920,21462,10849,10613,44.2,4432,17030,4513
43925,86,33,53,64.6,0,86,36
43926,237,118,119,44.4,42,195,46
43928,112,69,43,31.7,41,71,0
43930,1250,570,680,44.5,258,992,287
43931,166,66,100,63.6,0,166,73
43932,920,454,466,34.5,243,677,104
43933,2052,1007,1045,49.4,312,1740,604
43934,78,55,23,59.5,0,78,27
43935,7998,3980,4018,39.9,1570,6428,1560
43938,5868,2936,2932,41.4,1231,4637,1024
43939,291,157,134,58.9,28,263,84
43940,388,177,211,34.5,144,244,63
43942,2281,1071,1210,42.1,390,1891,401
43943,3180,1541,1639,51,677,2503,791
43944,2538,1333,1205,49.8,437,2101,812
43945,3095,1544,1551,46.2,667,2428,646
43946,1788,889,899,46.8,430,1358,459
43947,4869,2449,2420,49,865,4004,1053
43948,682,309,373,47.3,77,605,132
43950,16472,9527,6945,45.3,2385,14087,3938
43951,55,46,9,62.5,0,55,13
43952,17412,8551,8861,36.4,2919,14493,3055
43953,12047,5893,6154,47.2,2657,9390,3105
43961,239,122,117,41.1,34,205,47
43962,82,30,52,34.3,20,62,9
43963,1309,617,692,47.3,214,1095,255
43964,9199,4390,4809,45.1,1921,7278,1916
43967,240,145,95,38.5,0,240,29
43968,5903,2698,3205,47.5,1065,4838,1136
43971,970,462,508,47.6,206,764,236
43972,119,85,34,83.1,0,119,68
43973,2415,1245,1170,38,716,1699,252
43974,88,46,42,44.5,17,71,22
43976,1669,855,814,50.3,301,1368,368
43977,2155,1110,1045,40.6,489,1666,317
43981,208,88,120,50.2,29,179,40
43983,534,200,334,17.5,284,250,113
43985,223,117,106,31.9,61,162,26
43986,1783,906,877,48.4,261,1522,384
43988,2326,1117,1209,39.6,512,1814,635
44001,20982,10530,10452,45.5,3841,17141,4398
44003,4888,2545,2343,31.9,1789,3099,848
44004,31348,14929,16419,43.4,6882,24466,6745
44010,1588,844,744,50.8,303,1285,471
44011,24822,12333,12489,40.7,6941,17881,4018
44012,25220,12101,13119,45.2,6109,19111,5127
44017,18582,8646,9936,36.4,3487,15095,3237
44021,5850,2910,2940,40,1254,4596,1046
44022,16609,8272,8337,49.5,3671,12938,4059
44023,18735,9467,9268,47.1,4271,14464,3992
44024,24558,11928,12630,45.4,5008,19550,5485
44026,10489,5461,5028,52.5,1831,8658,2976
44028,9249,4529,4720,47.9,1614,7635,2135
44030,16387,9359,7028,42.4,3134,13253,2989
44032,1546,931,615,38.5,411,1135,189
44035,62050,30161,31889,41.2,12673,49377,11552
44039,35625,17699,17926,40.7,8476,27149,6965
44040,3031,1497,1534,51.1,559,2472,819
44041,14073,7141,6932,47.5,2463,11610,3059
44044,14629,8726,5903,46.5,2011,12618,2714
44045,662,334,328,47.7,94,568,117
44046,2020,958,1062,40,541,1479,383
44047,8736,4432,4304,44.4,1718,7018,1839
44048,2465,1137,1328,51.4,435,2030,571
44049,190,93,97,44,46,144,41
44050,6985,3808,3177,45,1482,5503,1295
44052,28264,13634,14630,36.8,7539,20725,4657
44053,20973,10460,10513,39.8,4854,16119,3964
44054,12649,6256,6393,45.8,2169,10480,2675
44055,19775,9418,10357,38.2,4511,15264,2910
44056,12126,5641,6485,44.9,2413,9713,2680
44057,19273,9415,9858,44.5,3975,15298,3821
44060,59932,29827,30105,46.1,11525,48407,13299
44062,16090,8074,8016,26.3,5448,10642,1892
44064,1340,763,577,48.4,218,1122,308
44065,3999,1842,2157,51.4,532,3467,1097
44067,19987,10300,9687,47,3484,16503,4563
44068,166,113,53,47.3,22,144,3
44070,32244,16164,16080,44,7092,25152,6518
44072,5192,2894,2298,46.6,1122,4070,1175
44074,11727,5506,6221,34.2,1340,10387,2506
44076,4749,2274,2475,37.1,1184,3565,712
44077,58369,29508,28861,41.7,13022,45347,10499
44080,99,43,56,56.4,0,99,36
44081,7003,3544,3459,40.8,1719,5284,1157
44082,1587,731,856,38.2,347,1240,212
44084,3931,2041,1890,45.2,853,3078,536
44085,3334,1828,1506,41.7,791,2543,670
44086,2290,1079,1211,47.7,473,1817,525
44087,22351,10690,11661,42.2,5343,17008,4163
44089,15788,7875,7913,49.2,2861,12927,3834
44090,11095,5675,5420,41.5,2652,8443,2092
44092,17138,8352,8786,40.9,3148,13990,3223
44093,1007,503,504,42.4,135,872,185
44094,36958,17235,19723,45.9,6385,30573,8842
44095,32635,15998,16637,44.2,5659,26976,6889
44099,2290,1360,930,20.8,1022,1268,179
44101,581,8,573,38.1,45,536,0
44102,42078,20968,21110,34.6,9217,32861,4692
44103,14512,7473,7039,39.9,2790,11722,2540
44104,18901,8737,10164,32.9,5447,13454,3167
44105,33667,16298,17369,39.3,7302,26365,5506
44106,24622,11005,13617,30.8,3080,21542,4361
44107,50676,24582,26094,34.3,7525,43151,7148
44108,20691,9098,11593,36.4,5634,15057,3783
44109,38026,19164,18862,36.7,8534,29492,4467
44110,18006,8115,9891,38.9,4514,13492,3283
44111,40940,20077,20863,37.3,9429,31511,5187
44112,18679,8447,10232,40.4,4116,14563,4079
44113,19757,11416,8341,32.5,1846,17911,1661
44114,6953,3876,3077,32.1,293,6660,954
44115,9802,4244,5558,25.9,2845,6957,518
44116,21575,10028,11547,43.5,4641,16934,5204
44117,9476,4138,5338,51.8,1917,7559,2211
44118,41037,19567,21470,33.8,9444,31593,6591
44119,13650,6856,6794,40.8,2873,10777,2190
44120,34050,15726,18324,43.1,6454,27596,7510
44121,32840,15908,16932,36.7,7065,25775,5398
44122,36522,16517,20005,45.9,7705,28817,9425
44123,18714,8804,9910,38.2,3997,14717,2698
44124,40208,18532,21676,42.8,7453,32755,9656
44125,29605,13657,15948,39.6,6993,22612,4533
44126,17114,8415,8699,39.2,3462,13652,3202
44127,4203,2040,2163,35.1,1086,3117,476
44128,28535,12678,15857,41.3,6400,22135,6111
44129,28851,14510,14341,39.5,4610,24241,5428
44130,50548,24652,25896,43.6,9093,41455,11172
44131,20704,10122,10582,49.4,3591,17113,4991
44132,14416,6039,8377,36.6,3434,10982,1964
44133,31144,15415,15729,45,5459,25685,6322
44134,37914,19066,18848,44,6855,31059,7742
44135,27371,13618,13753,38.6,6322,21049,3801
44136,25261,12231,13030,45.8,4740,20521,6271
44137,23610,10611,12999,39.8,5937,17673,3753
44138,23149,11536,11613,42.9,6013,17136,4717
44139,24912,12144,12768,44.8,6411,18501,4954
44140,16047,8138,7909,42.8,4394,11653,2968
44141,13771,7129,6642,50.2,2623,11148,3371
44142,18509,9103,9406,42.8,3600,14909,3877
44143,24233,10772,13461,48.5,4480,19753,6411
44144,21446,10915,10531,41,4372,17074,4104
44145,34027,16204,17823,47,6843,27184,8004
44146,29632,13895,15737,45.1,5013,24619,6380
44147,19815,9440,10375,45,4109,15706,3822
44149,20980,10435,10545,46.7,4561,16419,4665
44201,6956,3480,3476,45.2,1477,5479,1103
44202,22106,10412,11694,44.8,4900,17206,5101
44203,38714,19045,19669,43.5,8284,30430,8017
44212,45874,22308,23566,39.7,10483,35391,7565
44214,2418,1399,1019,34.2,579,1839,378
44215,2634,1292,1342,39.2,612,2022,441
44216,9145,4629,4516,46.3,1800,7345,1850
44217,3538,1779,1759,42.3,796,2742,658
44221,29677,14276,15401,35.8,5423,24254,4684
44223,18388,8734,9654,45.7,2956,15432,4157
44224,38715,19173,19542,39.9,8238,30477,6955
44230,8194,3793,4401,47.1,1619,6575,1748
44231,8831,4559,4272,34.4,2498,6333,1306
44232,0,0,0,-,0,0,0
44233,8028,4084,3944,46.3,1893,6135,1699
44234,3838,1952,1886,44.1,474,3364,712
44235,1362,696,666,43.3,371,991,224
44236,26269,13178,13091,43.1,7160,19109,4775
44240,38208,19317,18891,33,6343,31865,5637
44241,18161,8436,9725,40.8,3320,14841,2901
44243,4996,1636,3360,19.4,12,4984,0
44250,1576,669,907,51.3,297,1279,293
44251,1042,544,498,50,198,844,286
44253,3613,1882,1731,44.3,743,2870,658
44254,4984,2511,2473,42.4,1061,3923,816
44255,6959,3376,3583,46.3,1266,5693,1215
44256,64186,32984,31202,44.5,13556,50630,12654
44260,13037,6865,6172,43.8,2518,10519,2878
44262,4966,2524,2442,48.3,998,3968,1508
44264,3281,1551,1730,38.3,872,2409,528
44266,32530,16576,15954,42.7,5864,26666,6231
44270,8245,4422,3823,39.2,2011,6234,1419
44272,5468,2805,2663,39.7,955,4513,801
44273,6938,3363,3575,43,1600,5338,1487
44274,325,232,93,36.6,105,220,69
44275,3120,1545,1575,46.3,548,2572,546
44276,1687,872,815,35.1,464,1223,271
44278,18584,8629,9955,46.4,3452,15132,4382
44280,5355,2663,2692,48.9,962,4393,1197
44281,33768,16091,17677,40.2,7330,26438,6251
44285,92,49,43,54.9,9,83,23
44286,6421,3179,3242,55.3,1117,5304,1704
44287,7766,3825,3941,43.6,1794,5972,1387
44288,3263,1592,1671,40.1,765,2498,633
44301,14363,6508,7855,34.3,3420,10943,1942
44302,5043,2370,2673,42.4,910,4133,590
44303,7755,3929,3826,44.5,1119,6636,1896
44304,3592,2303,1289,23.7,370,3222,281
44305,21206,10538,10668,36.9,4790,16416,3319
44306,21301,10276,11025,35.6,5545,15756,2550
44307,5784,2738,3046,35.8,1491,4293,1022
44308,1449,852,597,22.4,13,1436,75
44310,24892,12184,12708,34.5,5852,19040,3009
44311,7377,4182,3195,23.8,1490,5887,582
44312,30508,15108,15400,45.5,5227,25281,5962
44313,27797,12763,15034,38.1,5140,22657,5518
44314,17646,8141,9505,38.5,3917,13729,2730
44319,22196,10792,11404,46.6,3701,18495,4941
44320,17786,8063,9723,42.2,4217,13569,3440
44321,15932,8310,7622,42.7,3418,12514,3062
44325,774,454,320,19.8,0,774,0
44333,19315,9338,9977,46.2,3945,15370,4305
44401,2716,1516,1200,45.2,673,2043,656
44402,2709,1351,1358,49.9,498,2211,497
44403,3798,1838,1960,55.7,553,3245,1189
44404,1490,727,763,46.5,402,1088,421
44405,7841,3638,4203,39.9,2105,5736,1395
44406,22101,10792,11309,48.2,4404,17697,5596
44408,10594,5124,5470,43.9,2079,8515,2717
44410,16549,8234,8315,50.9,2954,13595,4275
44411,2119,1120,999,37.8,526,1593,272
44412,2866,1590,1276,45.7,529,2337,510
44413,7228,3664,3564,41.1,1843,5385,1433
44415,412,412,0,46.4,0,412,46
44417,1401,722,679,56,226,1175,548
44418,1398,791,607,52.9,180,1218,451
44420,15100,7257,7843,38.8,3351,11749,2668
44423,2261,1068,1193,38.1,552,1709,356
44424,83,49,34,54.6,0,83,9
44425,13341,6533,6808,46.3,2401,10940,3069
44427,1612,872,740,42,397,1215,278
44428,3337,1688,1649,50.3,648,2689,902
44429,2353,1162,1191,49.1,585,1768,551
44430,4372,2856,1516,41.2,609,3763,892
44431,4713,2409,2304,44.3,1126,3587,1201
44432,12246,6926,5320,45.2,2327,9919,2182
44436,3348,1776,1572,52.3,404,2944,989
44437,3975,1869,2106,44,758,3217,774
44438,4949,2619,2330,42.5,944,4005,1057
44439,431,178,253,34,95,336,60
44440,4819,2503,2316,49,676,4143,1382
44441,1674,866,808,47.5,357,1317,283
44442,3864,2026,1838,52,677,3187,948
44443,2062,1112,950,41.9,523,1539,424
44444,9577,4526,5051,49.1,1628,7949,2463
44445,3237,1691,1546,39.8,891,2346,362
44446,20260,9797,10463,44.9,3413,16847,4664
44449,1526,832,694,37.6,396,1130,280
44450,2223,1170,1053,34,863,1360,350
44451,2993,1574,1419,45.2,638,2355,655
44452,2984,1269,1715,58.9,354,2630,1088
44454,639,307,332,59.1,113,526,195
44455,1838,787,1051,43,433,1405,357
44460,25215,12505,12710,44.3,4604,20611,5520
44470,4014,1927,2087,48.5,854,3160,763
44471,10383,4858,5525,42,2000,8383,2087
44473,4145,2041,2104,47.7,626,3519,975
44481,9769,5370,4399,43.9,2043,7726,2404
44483,25899,12533,13366,41.5,5523,20376,5371
44484,21284,10090,11194,43.7,4582,16702,4571
44485,15898,7404,8494,38.7,3697,12201,2683
44490,744,354,390,42,202,542,144
44491,3419,1699,1720,35.1,1122,2297,558
44493,95,48,47,45.2,6,89,37
44502,9043,4333,4710,31.7,2303,6740,1165
44503,960,654,306,50.5,0,960,154
44504,5165,2722,2443,36.7,840,4325,1193
44505,16534,8099,8435,36.7,4068,12466,3116
44506,2489,1156,1333,41.5,512,1977,391
44507,4761,2540,2221,31,1586,3175,670
44509,11044,5289,5755,38.9,2539,8505,1986
44510,2064,895,1169,37.2,608,1456,255
44511,19354,9279,10075,46.2,3317,16037,3958
44512,32821,15956,16865,42.5,6632,26189,7074
44514,23391,11325,12066,44.5,5141,18250,5417
44515,27543,13261,14282,43.1,4434,23109,6464
44555,177,64,113,19.7,0,177,0
44601,32716,16398,16318,41.3,6062,26654,6456
44606,8180,3949,4231,27.2,2820,5360,856
44607,97,33,64,21,23,74,0
44608,2610,1276,1334,32.3,584,2026,277
44609,3267,1637,1630,51.7,560,2707,861
44610,310,171,139,63.3,86,224,133
44611,2146,903,1243,44.2,560,1586,336
44612,5450,2692,2758,45,1135,4315,1150
44613,1958,913,1045,50.4,355,1603,436
44614,13241,6641,6600,46.7,2339,10902,2655
44615,9559,5051,4508,46,1956,7603,2139
44618,7641,3710,3931,34.2,2247,5394,1426
44619,121,71,50,67.7,0,121,74
44620,1661,936,725,48.6,292,1369,336
44621,4955,2609,2346,36.4,1415,3540,808
44622,18549,8717,9832,40.8,4288,14261,3961
44624,6574,3402,3172,29.4,2325,4249,563
44625,1039,511,528,54.4,156,883,240
44626,2771,1381,1390,48.9,471,2300,529
44627,6917,3503,3414,26.3,2262,4655,657
44628,1182,617,565,42.3,266,916,151
44629,2911,1385,1526,33.3,698,2213,422
44630,194,91,103,43.9,53,141,43
44632,10766,5408,5358,40.7,3049,7717,1977
44633,2377,1113,1264,31.6,642,1735,452
44634,1886,1072,814,53.5,218,1668,544
44637,2363,1156,1207,44.3,476,1887,524
44638,1042,538,504,33.2,314,728,173
44639,271,141,130,55.8,55,216,103
44640,162,100,62,28.5,39,123,17
44641,19901,9827,10074,43,4482,15419,4113
44643,3635,1656,1979,47.1,801,2834,710
44644,4639,2162,2477,50.3,964,3675,1263
44645,2826,1476,1350,41.4,676,2150,523
44646,48507,24214,24293,41.2,10739,37768,9539
44647,17810,8872,8938,43.5,3383,14427,3771
44651,1026,499,527,33,338,688,152
44652,554,250,304,27.2,155,399,12
44653,752,407,345,40.8,197,555,120
44654,20163,10366,9797,31.9,5913,14250,2943
44656,2542,1348,1194,45.6,546,1996,567
44657,9682,4734,4948,43.2,1867,7815,1695
44659,119,56,63,35.8,25,94,16
44660,126,75,51,56.5,8,118,35
44661,399,228,171,31.2,138,261,29
44662,10389,5015,5374,43.4,2481,7908,2513
44663,24924,13162,11762,43.3,4912,20012,5417
44665,211,111,100,31.6,48,163,13
44666,2638,1479,1159,44.4,667,1971,381
44667,13414,7048,6366,37.2,3381,10033,2251
44669,1925,930,995,39.4,446,1479,238
44670,151,72,79,77.6,12,139,91
44671,39,20,19,-,0,39,0
44672,4781,2383,2398,54.1,691,4090,1539
44675,2245,1159,1086,50.7,470,1775,496
44676,5750,2941,2809,37.9,1995,3755,880
44677,2699,1378,1321,48.5,569,2130,664
44678,189,124,65,50.3,37,152,0
44680,4041,2088,1953,49.6,726,3315,1111
44681,9244,4751,4493,30,3112,6132,937
44682,1198,593,605,41.3,341,857,136
44683,7461,3629,3832,36.8,1733,5728,1223
44685,28875,14273,14602,42.6,6923,21952,5873
44687,422,226,196,68.3,17,405,286
44688,2979,1551,1428,48.6,569,2410,582
44689,498,252,246,24.6,176,322,34
44690,100,74,26,64.6,0,100,38
44691,44775,21596,23179,41.1,8892,35883,9223
44693,42,17,25,34.8,6,36,9
44695,1371,628,743,52.7,171,1200,353
44697,266,111,155,64.2,42,224,129
44699,704,446,258,58.3,134,570,225
44702,1049,618,431,56.5,89,960,280
44703,8670,4109,4561,33.9,2413,6257,858
44704,3484,1834,1650,34.3,872,2612,568
44705,18179,9186,8993,32.6,5284,12895,2733
44706,16316,8002,8314,41.7,3163,13153,2876
44707,8798,4015,4783,33.5,2521,6277,1077
44708,24858,11746,13112,45,4941,19917,5482
44709,18343,8739,9604,42.6,3389,14954,3880
44710,8707,4407,4300,40.5,1856,6851,1637
44714,9977,4607,5370,41.4,2206,7771,1930
44718,12302,5765,6537,47.5,2319,9983,3093
44720,39942,19341,20601,42.8,7448,32494,9138
44721,13967,6876,7091,44,2982,10985,2890
44730,6071,2833,3238,40.2,1327,4744,1228
44802,956,486,470,48,167,789,188
44804,1626,759,867,34.4,633,993,234
44805,31447,15465,15982,38.4,7397,24050,6082
44807,2049,1017,1032,47.3,383,1666,451
44809,106,24,82,32.9,20,86,32
44811,12665,6371,6294,41.1,2861,9804,2403
44813,8121,3823,4298,45.3,1890,6231,1719
44814,2242,962,1280,42.4,554,1688,603
44815,811,446,365,35,192,619,93
44817,1301,655,646,42.5,322,979,140
44818,2279,1088,1191,45.2,498,1781,491
44820,17088,8675,8413,42.4,3877,13211,3704
44822,3365,1824,1541,33.2,1068,2297,406
44824,4008,2281,1727,41.8,1014,2994,605
44825,188,123,65,33.8,45,143,23
44826,1250,603,647,37.8,255,995,347
44827,6945,3591,3354,46.3,1397,5548,1445
44828,186,51,135,39.6,54,132,24
44830,18176,8952,9224,39.7,4387,13789,3469
44833,16537,7887,8650,42.5,3392,13145,3493
44836,2564,1282,1282,41.6,533,2031,375
44837,4707,2415,2292,36.8,1363,3344,628
44838,247,95,152,34.2,77,170,42
44839,12766,6565,6201,56.8,2129,10637,4339
44840,3072,1558,1514,43.2,717,2355,530
44841,670,314,356,33.9,164,506,102
44842,5432,2814,2618,46.6,1078,4354,1233
44843,2686,1495,1191,41.2,512,2174,663
44844,712,402,310,43,201,511,113
44846,3416,1631,1785,49,670,2746,830
44847,3625,1884,1741,39.9,874,2751,698
44849,2231,1073,1158,43.1,500,1731,388
44850,256,91,165,28.1,37,219,0
44851,5057,2672,2385,42.9,1051,4006,890
44853,1460,770,690,45.1,381,1079,240
44854,1501,834,667,42.5,296,1205,262
44855,1352,691,661,39.5,371,981,188
44856,170,120,50,53,43,127,71
44857,23215,11291,11924,40.4,5255,17960,4311
44859,2108,1101,1007,45.8,526,1582,352
44861,129,70,59,50.4,29,100,27
44864,3133,1582,1551,46.4,555,2578,709
44865,3302,1666,1636,41.3,673,2629,637
44866,2332,1133,1199,35.3,717,1615,371
44867,2640,1185,1455,35.4,775,1865,314
44870,40067,19211,20856,40,8426,31641,7859
44874,281,127,154,44.4,55,226,62
44875,13835,6372,7463,41.9,3673,10162,2745
44878,3146,1684,1462,36.1,949,2197,483
44880,3176,1610,1566,47.4,469,2707,681
44881,172,85,87,43.6,48,124,10
44882,2381,1206,1175,48.5,405,1976,553
44883,28667,14553,14114,41.3,5199,23468,5808
44887,1048,451,597,31.9,368,680,130
44889,6735,3324,3411,46.5,1708,5027,1241
44890,10364,4919,5445,41.9,2349,8015,1945
44901,0,0,0,-,0,0,0
44902,5549,3107,2442,30.8,1505,4044,529
44903,25860,13261,12599,39.6,6324,19536,4473
44904,13841,6669,7172,41.9,2988,10853,2737
44905,16385,10517,5868,40.2,2322,14063,2683
44906,16890,8115,8775,45.3,3025,13865,4229
44907,15163,7212,7951,42,3030,12133,3511
45001,896,417,479,29.1,290,606,108
45002,14068,6895,7173,36.5,3945,10123,2017
45003,624,276,348,38.4,148,476,109
45005,31739,16108,15631,39.7,6480,25259,5291
45011,73596,36919,36677,39.1,17142,56454,9596
45013,52953,25544,27409,38.4,12478,40475,10077
45014,46023,22071,23952,38.7,10323,35700,7736
45015,11602,5539,6063,33.5,3069,8533,1454
45030,21196,10427,10769,40.4,4977,16219,3709
45032,666,338,328,35.4,180,486,66
45033,512,176,336,38,149,363,113
45034,1007,545,462,49.7,143,864,114
45036,42346,23364,18982,38,9542,32804,6323
45039,29112,14900,14212,38.4,7348,21764,4629
45040,57214,28218,28996,39.6,15093,42121,7062
45041,136,136,0,-,0,136,136
45042,28812,13895,14917,40,6752,22060,5431
45044,53909,27236,26673,37.8,13616,40293,7550
45050,11833,5773,6060,36,3319,8514,1831
45051,388,107,281,74.9,14,374,216
45052,4179,2034,2145,51.9,773,3406,788
45053,3865,2002,1863,36.8,1249,2616,502
45054,2517,1441,1076,45.2,385,2132,452
45055,179,72,107,62,0,179,79
45056,27391,13228,14163,21.6,3043,24348,2944
45062,756,407,349,54.5,164,592,195
45064,3257,1694,1563,43.1,481,2776,502
45065,6604,3065,3539,33.5,2101,4503,513
45066,26144,12488,13656,39.6,6842,19302,4302
45067,15085,7667,7418,36,4299,10786,2129
45068,11947,6294,5653,44.9,2617,9330,2084
45069,55414,27520,27894,38.8,13307,42107,8964
45070,151,90,61,29.9,61,90,11
45101,2059,997,1062,40.2,493,1566,503
45102,24243,12445,11798,36.1,6022,18221,3234
45103,35908,17863,18045,38.3,8031,27877,5922
45105,63,63,0,-,0,63,63
45106,10989,5632,5357,42.7,2492,8497,1866
45107,9741,5122,4619,37.6,2306,7435,1487
45111,363,166,197,57,41,322,117
45112,15,7,8,74.1,0,15,11
45113,3826,1980,1846,45.6,693,3133,792
45115,223,152,71,48.1,51,172,32
45118,3663,1711,1952,42.8,854,2809,582
45119,28,13,15,-,0,28,0
45120,2739,1443,1296,45.8,619,2120,499
45121,9132,4734,4398,43.7,1800,7332,2169
45122,11390,5924,5466,39.8,2470,8920,1892
45123,8958,4453,4505,37.1,2309,6649,1318
45130,4116,1900,2216,39.7,991,3125,805
45131,287,165,122,34.2,69,218,35
45132,116,53,63,48,19,97,21
45133,23399,11257,12142,42.4,5426,17973,4899
45135,5581,2685,2896,35.2,1900,3681,538
45140,55364,27576,27788,40.2,13953,41411,9041
45142,3994,1964,2030,43.8,760,3234,767
45144,4057,2034,2023,39.5,880,3177,566
45146,1063,587,476,46.5,210,853,143
45147,73,38,35,60.1,0,73,12
45148,1822,922,900,46,396,1426,331
45150,33853,16731,17122,42.3,7346,26507,6883
45152,13617,6749,6868,40.4,3241,10376,1836
45153,2362,1260,1102,49.2,345,2017,541
45154,8652,4511,4141,35.9,2475,6177,1126
45155,461,236,225,30,129,332,27
45156,59,31,28,48.9,12,47,10
45157,9857,4936,4921,46.7,1939,7918,1770
45158,783,424,359,50.1,121,662,209
45159,3454,1779,1675,43.9,653,2801,543
45160,619,211,408,52,174,445,124
45162,2449,1227,1222,46.9,505,1944,435
45164,294,160,134,32.4,100,194,31
45166,50,41,9,28.9,17,33,24
45167,3266,1739,1527,43.3,734,2532,744
45168,1159,580,579,53.4,162,997,323
45169,4436,2224,2212,42.7,971,3465,823
45171,5762,2777,2985,43.1,1277,4485,1012
45172,264,164,100,22.8,105,159,16
45174,2165,1112,1053,36.5,809,1356,254
45176,10099,4769,5330,44.4,2120,7979,1555
45177,22683,10926,11757,40.8,5034,17649,4134
45202,16259,8619,7640,33.1,1539,14720,1681
45203,2498,1075,1423,33.1,572,1926,180
45204,7271,3776,3495,32.2,2369,4902,726
45205,19087,9274,9813,32.2,6089,12998,2165
45206,10689,5173,5516,38.8,1344,9345,2139
45207,6801,3364,3437,27.2,1140,5661,861
45208,17911,8657,9254,36.8,3561,14350,2920
45209,10408,5084,5324,32,949,9459,1165
45211,37303,18637,18666,33.7,10636,26667,4094
45212,21335,10992,10343,34.1,3627,17708,2812
45213,11673,5561,6112,36.6,2403,9270,1893
45214,8965,4557,4408,31.3,2588,6377,763
45215,31006,14683,16323,38.5,7753,23253,4902
45216,8900,4304,4596,36.5,2332,6568,1408
45217,6096,3078,3018,46.4,1157,4939,939
45218,3838,1940,1898,38.8,910,2928,658
45219,19505,9934,9571,21.5,1078,18427,851
45220,14651,7345,7306,27.7,1751,12900,1505
45223,12556,6411,6145,34.1,3213,9343,1118
45224,20915,9840,11075,46.6,4158,16757,4493
45225,9414,3965,5449,24.6,3280,6134,833
45226,5858,2803,3055,35.5,781,5077,814
45227,18801,8590,10211,36.2,3855,14946,3117
45229,13453,6401,7052,39.5,2752,10701,2632
45230,27437,12925,14512,39.4,6701,20736,4215
45231,41466,19645,21821,41.6,9339,32127,8057
45232,8805,3735,5070,24.3,3897,4908,393
45233,14976,7030,7946,44,3390,11586,3117
45236,24504,12293,12211,41.6,4475,20029,5252
45237,22067,10515,11552,40.1,5411,16656,3868
45238,47154,23077,24077,35.4,11858,35296,6757
45239,29506,13986,15520,34.3,7245,22261,3668
45240,29219,14124,15095,37,6875,22344,4750
45241,23727,11872,11855,48.1,4546,19181,5552
45242,21990,10500,11490,42.5,5266,16724,4559
45243,16034,8035,7999,44.5,4141,11893,3507
45244,28702,14490,14212,39.7,8093,20609,4169
45245,20352,9411,10941,41.3,4122,16230,4133
45246,13323,6584,6739,40.9,3055,10268,2888
45247,24072,11592,12480,43,5636,18436,5310
45248,24051,11643,12408,39.9,5838,18213,4541
45249,14075,6829,7246,39.3,4006,10069,2821
45251,20834,10212,10622,39.4,4495,16339,3539
45252,5287,2546,2741,48.7,1001,4286,797
45255,22012,10884,11128,44.5,4592,17420,4838
45267,4,3,1,30,0,4,0
45301,322,188,134,37.2,140,182,48
45302,4622,2494,2128,30.8,1393,3229,537
45303,2247,1112,1135,38.5,526,1721,266
45304,7617,3803,3814,37.9,1921,5696,1255
45305,11473,5860,5613,42.6,2529,8944,1964
45306,2184,1106,1078,36.7,551,1633,400
45307,312,165,147,39,81,231,31
45308,4723,2521,2202,39.6,1183,3540,657
45309,11789,5924,5865,45.8,2917,8872,3023
45310,292,166,126,34.3,90,202,51
45311,6056,3122,2934,46.3,1069,4987,1101
45312,947,513,434,51.4,177,770,302
45314,6363,3012,3351,21.3,1086,5277,586
45315,4402,2141,2261,49.2,759,3643,1305
45316,139,90,49,40.8,12,127,20
45317,922,406,516,59.4,112,810,267
45318,5210,2463,2747,50.1,928,4282,1320
45319,372,180,192,44.5,95,277,49
45320,15525,7585,7940,43.7,3697,11828,3245
45321,1235,611,624,29.8,344,891,221
45322,21540,10139,11401,42.5,5040,16500,5189
45323,5170,2555,2615,43.7,1155,4015,1126
45324,40623,20271,20352,35.1,7451,33172,6371
45325,2473,1271,1202,46.5,439,2034,511
45326,1282,614,668,39.2,291,991,186
45327,8916,4341,4575,42.8,2096,6820,1743
45328,574,284,290,35,208,366,93
45330,614,338,276,39.8,111,503,161
45331,22027,10532,11495,45,4861,17166,5251
45332,490,260,230,29.5,130,360,138
45333,1607,898,709,35.7,488,1119,135
45334,1952,976,976,42,432,1520,440
45335,6951,3461,3490,44,1417,5534,1433
45336,89,41,48,36.5,16,73,8
45337,1736,869,867,38.7,523,1213,235
45338,4639,2248,2391,39.3,1209,3430,925
45339,1101,569,532,49,226,875,234
45340,384,192,192,55.8,73,311,88
45341,3967,1852,2115,48.1,887,3080,968
45342,36127,18286,17841,38.5,8305,27822,5596
45344,16747,8553,8194,41.5,3589,13158,3550
45345,6553,3021,3532,38.7,1678,4875,1258
45346,2134,1085,1049,49.2,518,1616,395
45347,4081,1884,2197,44.9,841,3240,824
45348,888,466,422,38.9,281,607,231
45349,253,125,128,46.8,45,208,54
45350,55,25,30,25.9,13,42,2
45351,325,185,140,36.3,72,253,50
45352,207,86,121,34.8,43,164,17
45353,151,30,121,26.7,66,85,5
45354,632,319,313,46.4,127,505,195
45356,24926,13051,11875,40.6,5825,19101,4386
45358,323,168,155,31.2,93,230,55
45359,2120,1046,1074,39.7,603,1517,350
45360,379,195,184,45.9,55,324,56
45361,381,169,212,34.1,120,261,16
45362,1054,561,493,49.8,201,853,316
45363,1893,990,903,38.1,560,1333,362
45365,29336,14495,14841,41.7,6771,22565,5178
45368,4125,2140,1985,44.9,758,3367,746
45369,4141,2182,1959,50.2,848,3293,953
45370,2881,1392,1489,46.6,400,2481,586
45371,22429,11194,11235,40.4,5141,17288,4398
45372,314,159,155,39.9,84,230,56
45373,37714,18407,19307,40,8874,28840,6692
45377,14272,6799,7473,41.1,3049,11223,2619
45378,536,314,222,35,110,426,89
45380,5746,2984,2762,41.3,1365,4381,1094
45381,5690,2846,2844,42.9,1171,4519,1171
45382,1082,568,514,41.7,180,902,128
45383,6453,2933,3520,44.6,1297,5156,1401
45384,2151,901,1250,20.2,207,1944,131
45385,39699,19545,20154,40.6,9195,30504,7338
45387,5256,2501,2755,54.1,747,4509,1635
45388,820,460,360,30.8,321,499,79
45389,594,282,312,34.5,181,413,103
45390,3341,1835,1506,37.3,789,2552,497
45402,10438,5369,5069,36.4,2004,8434,1237
45403,13002,6718,6284,36.1,2672,10330,1487
45404,10380,5512,4868,32.1,3097,7283,1298
45405,19059,9340,9719,39.4,3858,15201,2692
45406,19954,9297,10657,38.5,4772,15182,3519
45409,15788,7871,7917,20.8,1228,14560,1198
45410,17345,9383,7962,31.3,4714,12631,1775
45414,20423,9500,10923,45.3,4103,16320,4460
45415,12601,6274,6327,42.9,2662,9939,2608
45416,5547,2458,3089,41.9,1131,4416,1069
45417,28029,12500,15529,40.1,6878,21151,5377
45419,16852,7977,8875,35.6,4327,12525,1920
45420,23600,11770,11830,39.8,4449,19151,3833
45423,0,0,0,-,0,0,0
45424,50221,24302,25919,38.6,11803,38418,8391
45426,13591,5861,7730,44.2,2920,10671,3104
45428,286,282,4,75.5,0,286,179
45429,26523,12889,13634,43.3,5084,21439,6055
45430,7105,3710,3395,47.2,1504,5601,1636
45431,26446,13243,13203,34.3,5440,21006,4262
45432,15024,7309,7715,41.4,3422,11602,2724
45433,1554,794,760,24.2,397,1157,9
45434,12810,6274,6536,43.2,2981,9829,2380
45435,177,80,97,19,5,172,0
45439,12591,6082,6509,34.5,3674,8917,1885
45440,22256,10983,11273,40.5,5087,17169,4706
45449,19032,9579,9453,36.6,4347,14685,3497
45458,37128,17504,19624,42.8,8711,28417,7633
45459,28509,13474,15035,48.9,5053,23456,8091
45469,206,71,135,19.8,4,202,0
45501,0,0,0,-,0,0,0
45502,17715,8559,9156,47,3480,14235,3922
45503,32714,16081,16633,41,7246,25468,6962
45504,16069,7518,8551,38.4,3484,12585,3467
45505,20485,10074,10411,34.4,5651,14834,2708
45506,13145,6388,6757,42.1,3140,10005,2326
45601,56300,29883,26417,41.6,10807,45493,10018
45612,4622,2255,2367,42.9,1191,3431,968
45613,2646,1337,1309,46.4,502,2144,562
45614,5077,2493,2584,40.2,1393,3684,843
45616,1729,1005,724,47.8,370,1359,477
45617,0,0,0,-,0,0,0
45618,0,0,0,-,0,0,0
45619,7509,3782,3727,42.4,1321,6188,1428
45620,754,338,416,49.2,107,647,180
45621,343,159,184,53.3,41,302,40
45622,495,246,249,52.8,99,396,115
45623,3480,1814,1666,41,748,2732,740
45624,0,0,0,-,0,0,0
45628,5434,2749,2685,35.6,1362,4072,621
45629,3074,1702,1372,40.6,533,2541,504
45630,462,213,249,30.4,173,289,0
45631,13061,6196,6865,43.5,2690,10371,3002
45634,1518,723,795,48.3,291,1227,307
45636,223,100,123,37.8,90,133,23
45638,20594,10199,10395,39.9,4747,15847,3684
45640,16217,8408,7809,40.8,3241,12976,2965
45642,0,0,0,-,0,0,0
45644,4525,2473,2052,46.2,1103,3422,743
45645,2760,1087,1673,41.7,613,2147,287
45646,803,360,443,33.7,149,654,82
45647,2860,1476,1384,48.6,567,2293,485
45648,11212,5524,5688,43.9,2056,9156,1966
45650,415,189,226,49.1,90,325,54
45651,5279,2754,2525,38,1321,3958,712
45652,3477,1726,1751,41.8,840,2637,727
45653,3745,1785,1960,34.4,1183,2562,510
45654,778,373,405,51.4,153,625,215
45656,6442,2995,3447,40.9,1537,4905,1221
45657,1482,754,728,50.2,140,1342,375
45658,2541,1298,1243,39.4,695,1846,329
45659,3166,1613,1553,41,907,2259,490
45660,7753,3914,3839,38.7,1888,5865,1375
45661,7345,3784,3561,37,1980,5365,1085
45662,27304,12951,14353,38.8,5881,21423,5324
45663,6389,3148,3241,38.9,1660,4729,1109
45669,10237,5310,4927,43.3,2146,8091,2053
45671,444,267,177,35,27,417,61
45672,1473,781,692,36.3,524,949,162
45673,423,157,266,28.4,155,268,52
45674,743,361,382,21.5,149,594,62
45677,51,32,19,52.2,0,51,12
45678,1128,528,600,38.8,236,892,93
45679,3101,1356,1745,40.7,764,2337,509
45680,11968,5648,6320,44,2485,9483,2494
45681,1480,722,758,49.1,347,1133,432
45682,1976,1004,972,47.3,394,1582,506
45684,1570,772,798,38.4,414,1156,210
45685,1485,857,628,29.5,510,975,102
45686,3704,1961,1743,36.4,977,2727,596
45688,166,71,95,52.9,19,147,58
45690,13581,6765,6816,42.5,3171,10410,2624
45692,8164,3729,4435,38.7,2239,5925,1517
45693,8575,4387,4188,44.5,2091,6484,1501
45694,12530,6111,6419,41.9,3060,9470,2344
45695,1023,518,505,46.4,261,762,206
45696,538,287,251,49.4,99,439,176
45697,5639,2776,2863,38,1600,4039,998
45698,480,209,271,60.1,23,457,101
45699,1246,1246,0,32.1,0,1246,8
45701,33363,16332,17031,23.4,3947,29416,3408
45710,5093,2818,2275,43.4,1088,4005,966
45711,937,345,592,51.8,86,851,254
45714,9167,4420,4747,47.3,1792,7375,2046
45715,2197,1205,992,39.8,608,1589,446
45716,393,240,153,50.2,94,299,111
45719,874,440,434,45.9,135,739,133
45720,0,0,0,-,0,0,0
45721,23,12,11,46.6,0,23,7
45723,3650,1912,1738,51.6,545,3105,740
45724,2190,1099,1091,40.1,372,1818,283
45727,766,422,344,71.5,111,655,406
45729,2111,959,1152,36.9,755,1356,242
45732,4539,2301,2238,45.7,973,3566,769
45734,325,216,109,57,37,288,69
45735,1685,772,913,44.1,332,1353,373
45739,0,0,0,-,0,0,0
45740,333,145,188,60.5,32,301,143
45741,552,294,258,37.6,113,439,75
45742,3335,1707,1628,44.9,658,2677,665
45743,1336,641,695,37.8,404,932,231
45744,2234,1024,1210,48.5,387,1847,574
45745,1049,531,518,49.5,183,866,260
45746,373,148,225,37.8,94,279,85
45750,26250,13169,13081,45.6,4570,21680,6126
45760,3734,1874,1860,39.6,886,2848,609
45761,1221,697,524,57.5,63,1158,317
45764,7688,4231,3457,36.1,1557,6131,1030
45766,1174,552,622,41.1,379,795,139
45767,2598,1240,1358,38.3,615,1983,476
45768,1567,844,723,46.2,225,1342,200
45769,5877,2866,3011,43.6,1226,4651,1183
45770,854,456,398,48,126,728,256
45771,3428,1781,1647,44.3,797,2631,645
45772,1533,693,840,46.2,301,1232,282
45773,533,277,256,33.9,195,338,8
45775,2123,1135,988,43.7,482,1641,483
45776,669,237,432,52,68,601,231
45778,912,440,472,39.6,227,685,180
45779,644,347,297,48.4,146,498,133
45780,2816,1237,1579,58.5,267,2549,1038
45782,420,248,172,38.5,102,318,22
45783,288,112,176,38.2,88,200,65
45784,3250,1631,1619,46.4,512,2738,866
45786,2854,1457,1397,48.5,599,2255,696
45788,975,527,448,34.2,212,763,69
45789,146,106,40,39.5,54,92,34
45801,20873,11229,9644,39,4626,16247,3243
45804,14567,6948,7619,39.9,3774,10793,2548
45805,24679,12337,12342,35.1,5751,18928,4157
45806,11282,5580,5702,42.7,2673,8609,2448
45807,11910,5747,6163,42.9,2585,9325,2503
45808,279,127,152,53.8,29,250,28
45809,95,48,47,50.3,24,71,12
45810,7654,3682,3972,25.9,1040,6614,872
45812,1881,965,916,30.5,587,1294,271
45813,3476,1806,1670,41.4,891,2585,633
45814,3001,1566,1435,40.2,781,2220,591
45815,94,64,30,45.5,21,73,15
45816,427,183,244,35.5,100,327,45
45817,6214,2957,3257,43.7,1430,4784,1530
45819,258,116,142,35.3,74,184,50
45820,645,341,304,35,104,541,98
45821,754,434,320,54.1,112,642,164
45822,19779,10032,9747,41.4,4407,15372,4233
45826,302,136,166,37.4,96,206,60
45827,2043,1134,909,47.9,393,1650,364
45828,6555,3109,3446,35.5,2097,4458,932
45830,5608,2803,2805,39.6,1405,4203,958
45831,3601,1679,1922,43.6,938,2663,800
45832,3217,1536,1681,36.9,889,2328,759
45833,10845,5411,5434,41,2423,8422,2237
45835,428,203,225,46.7,88,340,113
45836,1435,727,708,35.2,381,1054,219
45838,99,49,50,43.6,25,74,5
45840,54557,26929,27628,38.2,11574,42983,9413
45841,947,496,451,45.5,229,718,158
45843,3769,1874,1895,42.4,850,2919,589
45844,2878,1513,1365,40.1,649,2229,526
45845,3276,1780,1496,34.7,949,2327,590
45846,4694,2451,2243,37.9,1346,3348,752
45848,92,55,37,55.5,3,89,27
45849,1062,462,600,35.2,337,725,174
45850,3580,1756,1824,35.6,842,2738,575
45851,587,301,286,43.6,101,486,71
45853,1553,760,793,39.9,318,1235,286
45854,359,180,179,33.5,99,260,51
45855,145,72,73,38.5,33,112,18
45856,5245,2867,2378,36.2,1354,3891,950
45858,2604,1297,1307,42.8,592,2012,478
45859,380,214,166,45.8,67,313,70
45860,2618,1330,1288,37.6,639,1979,227
45861,388,210,178,31.2,107,281,38
45862,1314,616,698,52.1,280,1034,418
45863,1246,692,554,37.4,322,924,118
45864,156,68,88,55,38,118,54
45865,5437,2827,2610,39.8,1528,3909,1022
45866,104,56,48,59.3,4,100,33
45867,1001,544,457,44.3,201,800,259
45868,813,397,416,38.4,225,588,72
45869,4451,2162,2289,40.9,1200,3251,732
45870,449,295,154,31.9,191,258,16
45871,2030,1112,918,43.2,485,1545,300
45872,4462,2310,2152,39.8,1097,3365,950
45873,2002,1083,919,42.1,481,1521,389
45874,2257,1232,1025,40.3,522,1735,397
45875,11052,5286,5766,39,3056,7996,1746
45876,960,457,503,42.8,205,755,187
45877,2348,1200,1148,43.2,456,1892,368
45879,6231,2912,3319,44.6,1263,4968,1202
45880,2864,1371,1493,33.3,882,1982,468
45881,1352,620,732,44.9,323,1029,507
45882,2865,1604,1261,49.8,525,2340,683
45883,3849,2102,1747,29.7,1360,2489,426
45884,178,63,115,34.9,32,146,3
45885,12926,6255,6671,40.5,2884,10042,2502
45886,486,243,243,40.2,127,359,42
45887,4404,2342,2062,40.7,1244,3160,812
45888,319,223,96,52.5,45,274,48
45889,1849,987,862,36.4,605,1244,129
45890,821,411,410,34,197,624,90
45891,15234,7300,7934,41.9,3480,11754,3071
45893,159,94,65,65.7,0,159,112
45894,679,421,258,41.3,204,475,171
45895,17655,8949,8706,41.6,4011,13644,3480
45896,1684,808,876,49.2,294,1390,383
45897,99,27,72,18.2,48,51,0
45898,779,313,466,51.8,131,648,196
45899,201,105,96,37.8,53,148,40
46001,10011,5093,4918,40.2,2435,7576,1900
46011,17638,8433,9205,43.3,3676,13962,4146
46012,19744,9686,10058,43.3,3374,16370,4459
46013,16906,8329,8577,43.3,3488,13418,3903
46016,18924,9457,9467,33.7,5044,13880,1932
46017,5910,2944,2966,45.4,1048,4862,1178
46030,2902,1494,1408,39.3,688,2214,479
46031,2192,1058,1134,42.2,376,1816,321
46032,51250,24122,27128,39.8,12487,38763,7274
46033,39859,19048,20811,41.9,10343,29516,6243
46034,7335,3753,3582,43.9,1739,5596,1275
46035,1503,748,755,32.7,451,1052,182
46036,11392,5703,5689,44.2,2340,9052,2260
46037,46858,22911,23947,37.6,13450,33408,5745
46038,43112,21510,21602,36.2,10939,32173,4609
46039,566,264,302,37.7,199,367,77
46040,16680,8938,7742,37.4,4076,12604,1033
46041,23188,11760,11428,36.8,6008,17180,3773
46044,2686,1312,1374,46.6,592,2094,538
46045,180,39,141,44.2,69,111,14
46047,44,16,28,35.6,6,38,8
46048,2159,1047,1112,33,652,1507,170
46049,1113,509,604,44.6,280,833,159
46050,1763,763,1000,40,439,1324,331
46051,2810,1304,1506,40.2,664,2146,386
46052,23443,11148,12295,38,5333,18110,3618
46055,14130,6877,7253,38.1,3917,10213,2073
46056,2165,1074,1091,45.6,498,1667,450
46057,1042,638,404,37,332,710,121
46058,2254,1010,1244,47.5,554,1700,572
46060,47340,23392,23948,33.3,12435,34905,5111
46062,37191,19676,17515,37.3,9742,27449,5187
46063,362,212,150,35.3,94,268,63
46064,17205,9846,7359,39.5,3814,13391,2471
46065,3453,1771,1682,33.4,1080,2373,463
46068,2633,1364,1269,47.1,449,2184,601
46069,6901,3524,3377,47.1,1259,5642,1563
46070,2335,1111,1224,40.3,525,1810,422
46071,3282,1775,1507,46.4,597,2685,712
46072,8592,4308,4284,45.9,1674,6918,1904
46074,44075,21627,22448,36.9,12480,31595,5390
46075,8184,3967,4217,30.2,2592,5592,545
46076,1830,891,939,36.4,423,1407,399
46077,34056,17519,16537,40.1,9530,24526,4394
46102,412,210,202,43,85,327,56
46103,375,193,182,32.3,88,287,41
46104,1104,550,554,47,226,878,307
46105,1741,833,908,41.4,419,1322,283
46106,9616,4981,4635,39.1,2618,6998,1176
46107,12962,5925,7037,36.7,3301,9661,2179
46110,883,428,455,32.4,344,539,127
46111,443,215,228,36.5,75,368,67
46112,41437,20925,20512,38.5,11235,30202,5549
46113,16217,8304,7913,36.9,4190,12027,2071
46115,1624,805,819,40.9,445,1179,267
46117,529,270,259,60.6,46,483,186
46118,4440,2363,2077,40.4,828,3612,936
46120,5881,2893,2988,49.5,1109,4772,1224
46121,4727,2302,2425,33.5,1158,3569,506
46122,16233,7871,8362,39.5,3999,12234,2638
46123,41870,20611,21259,38.5,10118,31752,5676
46124,7847,4289,3558,39.9,1560,6287,1083
46125,37,22,15,-,0,37,15
46126,4005,2149,1856,41.7,803,3202,801
46127,353,208,145,44.8,69,284,94
46128,2277,1219,1058,49.2,511,1766,341
46130,2085,1165,920,43.4,511,1574,380
46131,34801,16493,18308,35.9,8534,26267,5127
46133,946,483,463,55.4,116,830,242
46135,19696,10735,8961,35.9,3442,16254,3643
46140,41879,20961,20918,39.7,8675,33204,7725
46142,34676,16975,17701,39,8002,26674,5897
46143,58153,28949,29204,37.3,14640,43513,8794
46144,372,171,201,37.7,116,256,34
46146,228,90,138,24.1,79,149,0
46147,2578,1255,1323,38.2,597,1981,357
46148,5135,2770,2365,39.2,1405,3730,843
46149,2355,1163,1192,33.3,690,1665,300
46150,897,538,359,29.4,272,625,125
46151,32564,16629,15935,40,7562,25002,5121
46154,188,99,89,14.4,146,42,0
46155,9,0,9,-,0,9,9
46156,1115,498,617,53.5,166,949,288
46157,3579,1698,1881,40.2,849,2730,539
46158,24656,12509,12147,44.8,5063,19593,4870
46160,6102,3069,3033,43.7,1265,4837,1186
46161,2181,1061,1120,44.4,467,1714,384
46162,267,140,127,44.6,19,248,23
46163,14062,6955,7107,43.5,3405,10657,2448
46164,4045,1989,2056,47.9,611,3434,861
46165,2058,941,1117,40.1,530,1528,333
46166,2719,1376,1343,38.6,555,2164,419
46167,7285,3524,3761,40.3,1855,5430,1044
46168,38284,20020,18264,37,8558,29726,5700
46170,0,0,0,-,0,0,0
46171,1949,1122,827,43.4,461,1488,205
46172,2243,1152,1091,49.3,489,1754,380
46173,10449,5176,5273,41.4,2302,8147,1813
46175,538,238,300,40.5,121,417,87
46176,28727,13927,14800,38.8,6536,22191,4993
46180,831,448,383,51.3,123,708,190
46181,5186,2537,2649,43.7,1374,3812,969
46182,1638,794,844,47.4,347,1291,322
46183,39,39,0,-,0,39,0
46184,12771,6661,6110,38.2,3122,9649,1726
46186,1869,840,1029,54,308,1561,704
46201,31680,16858,14822,33.8,8160,23520,3407
46202,20688,10780,9908,29.6,1728,18960,1781
46203,36544,18160,18384,34.9,8573,27971,4386
46204,10544,6501,4043,31.8,157,10387,688
46205,28327,14089,14238,32.6,6728,21599,2851
46206,0,0,0,-,0,0,0
46208,22729,10723,12006,30.9,5306,17423,2797
46214,23108,10601,12507,36,5228,17880,3473
46216,2275,999,1276,43,266,2009,668
46217,39082,19668,19414,36.3,11777,27305,4719
46218,28951,12549,16402,37.8,7305,21646,5080
46219,38681,19200,19481,35.4,9463,29218,5382
46220,37102,17520,19582,35,7480,29622,5632
46221,27038,13675,13363,34.4,6578,20460,2997
46222,37108,18467,18641,30.8,10170,26938,3932
46224,39704,19602,20102,31.3,11283,28421,3608
46225,5416,2605,2811,32.2,1291,4125,585
46226,45716,20924,24792,33.6,12449,33267,5165
46227,56794,27446,29348,33.3,12498,44296,7865
46228,16397,8285,8112,37.6,3519,12878,2481
46229,28629,13753,14876,36.5,7027,21602,4215
46231,11209,5843,5366,37.7,3269,7940,1220
46234,27385,13211,14174,39.8,6776,20609,4647
46235,34289,15788,18501,29.7,11181,23108,2568
46236,26993,13393,13600,38.6,6900,20093,3892
46237,42223,20056,22167,35.9,10510,31713,6484
46239,33553,16588,16965,35.5,9731,23822,3589
46240,20123,9300,10823,38.4,3273,16850,3529
46241,34056,16579,17477,31.1,10817,23239,3431
46250,17131,8251,8880,37.3,2878,14253,2727
46254,41259,18972,22287,32.2,11305,29954,4256
46256,22373,10767,11606,39.1,5037,17336,3801
46259,14944,8005,6939,38.2,4532,10412,2177
46260,35019,16410,18609,35.5,8472,26547,5723
46268,25140,10992,14148,37,5007,20133,3800
46278,8650,4168,4482,45.7,1744,6906,1498
46280,7344,3536,3808,42.7,1250,6094,1519
46290,87,25,62,71,0,87,71
46301,578,274,304,65,56,522,288
46302,51,27,24,70.3,0,51,36
46303,16859,8366,8493,39.1,3972,12887,2817
46304,27204,13547,13657,39.1,6169,21035,4753
46307,71355,35823,35532,40.7,16884,54471,12897
46310,13511,6667,6844,44,3269,10242,2938
46311,23074,11134,11940,41.6,4809,18265,4749
46312,26363,12994,13369,36,6669,19694,3980
46319,17626,8886,8740,38,3539,14087,2582
46320,13822,6670,7152,32.7,3332,10490,1604
46321,23731,11518,12213,45.6,4495,19236,4712
46322,23794,11506,12288,42.4,4809,18985,4397
46323,23447,10981,12466,36.7,5603,17844,3271
46324,21703,10612,11091,37.8,4991,16712,2595
46327,10875,5702,5173,34,2941,7934,1154
46340,1330,583,747,55.9,191,1139,261
46341,9984,5124,4860,42.7,2354,7630,1458
46342,32049,15398,16651,39.4,7249,24800,5279
46345,77,53,24,70.4,3,74,48
46346,1391,674,717,33.8,409,982,191
46347,4853,2505,2348,41.3,1249,3604,831
46348,1066,575,491,46.1,213,853,196
46349,2866,1616,1250,37.6,680,2186,596
46350,44923,22123,22800,40.1,10442,34481,8127
46356,18814,9489,9325,39.8,4848,13966,3023
46360,43891,22617,21274,40.9,8922,34969,9026
46365,838,352,486,50.7,167,671,316
46366,5916,2956,2960,36.3,1435,4481,1036
46368,39947,19357,20590,38.8,8764,31183,6251
46371,3525,1899,1626,41.9,845,2680,549
46373,17741,8858,8883,45.6,3863,13878,3320
46374,1139,591,548,37.7,287,852,127
46375,23740,11712,12028,44.7,4643,19097,4843
46376,204,93,111,30.8,61,143,18
46377,66,52,14,67,0,66,66
46379,305,145,160,62,0,305,73
46381,647,250,397,49.1,48,599,111
46382,1932,969,963,47.6,348,1584,385
46383,41811,20434,21377,38,8126,33685,6864
46385,41304,20584,20720,43.1,9297,32007,7689
46390,3172,1607,1565,35,924,2248,408
46391,9369,6592,2777,37.9,1308,8061,940
46392,8272,4427,3845,36.5,2140,6132,1066
46393,148,81,67,63.4,0,148,27
46394,12117,6205,5912,40.2,2549,9568,2216
46402,5873,2690,3183,35.1,1818,4055,1100
46403,10875,5141,5734,43,2538,8337,2010
46404,16851,7915,8936,35.2,4501,12350,3219
46405,11547,5673,5874,35.9,2726,8821,1524
46406,8730,4086,4644,31.8,2890,5840,1385
46407,9125,4091,5034,41.1,2304,6821,2020
46408,15368,7312,8056,37.7,4024,11344,2573
46409,7050,3241,3809,35.1,2081,4969,1024
46410,39121,18897,20224,39,8684,30437,7515
46501,4034,1926,2108,35.5,1257,2777,581
46502,0,0,0,-,0,0,0
46504,3290,1742,1548,36.2,899,2391,395
46506,10248,5117,5131,37,2808,7440,1757
46507,9755,4471,5284,34.7,3142,6613,1503
46508,200,92,108,53.1,24,176,30
46510,2942,1517,1425,46.2,515,2427,547
46511,4061,2147,1914,48.1,613,3448,1019
46513,0,0,0,-,0,0,0
46514,41248,20408,20840,39.7,9658,31590,7421
46516,30993,15591,15402,37,8350,22643,4076
46517,26711,12903,13808,34.9,7717,18994,3831
46524,2653,1255,1398,26.9,886,1767,251
46526,33339,16167,17172,38.8,7977,25362,6608
46528,26891,13638,13253,31.4,8482,18409,3412
46530,31689,15792,15897,39.8,8397,23292,5216
46531,1807,977,830,51.9,306,1501,573
46532,1345,688,657,42.8,329,1016,221
46534,11011,5383,5628,40.9,2495,8516,1983
46536,2824,1377,1447,49.2,466,2358,592
46537,500,249,251,48.8,68,432,165
46538,4498,2362,2136,39.5,1277,3221,757
46539,2502,1156,1346,38.9,557,1945,405
46540,13131,7000,6131,33.8,4102,9029,1596
46542,4744,2306,2438,33.6,1279,3465,741
46543,4138,2229,1909,21,1876,2262,222
46544,30817,16186,14631,35.6,7139,23678,4834
46545,27000,13139,13861,37,5551,21449,5030
46550,12300,6327,5973,32.6,3160,9140,1544
46552,6693,3169,3524,41,1686,5007,1287
46553,3688,1792,1896,30.3,1274,2414,574
46554,4077,2050,2027,46.7,728,3349,720
46555,2389,1251,1138,50.6,362,2027,731
46556,7858,3621,4237,20.2,12,7846,294
46561,14658,7634,7024,40.5,3770,10888,2188
46562,4894,2604,2290,43.4,1056,3838,940
46563,23675,12103,11572,39.9,5790,17885,4254
46565,8627,4358,4269,29.4,3197,5430,892
46567,9395,4767,4628,48.7,1779,7616,2147
46570,1093,493,600,46.6,265,828,199
46571,6441,3339,3102,24.4,2561,3880,605
46572,107,67,40,62,0,107,30
46573,3874,1870,2004,38.9,968,2906,643
46574,7542,3760,3782,43,1564,5978,1549
46580,22538,11140,11398,38.2,5435,17103,3834
46582,14063,7246,6817,33.9,3781,10282,2033
46590,5077,2291,2786,28.9,1018,4059,700
46595,50,24,26,21.9,0,50,0
46601,5020,2720,2300,39.7,1105,3915,746
46613,11864,5756,6108,28.5,3822,8042,952
46614,29545,14138,15407,39.9,6896,22649,6184
46615,14324,6910,7414,36.7,3246,11078,1796
46616,5656,2844,2812,33.5,1299,4357,756
46617,10624,5309,5315,34.3,1949,8675,2041
46619,21678,10407,11271,36.8,6227,15451,3183
46624,48,23,25,86.4,0,48,48
46628,27344,12470,14874,36.6,7131,20213,4048
46635,6532,2953,3579,44.8,1310,5222,1638
46637,16212,8218,7994,38.2,2740,13472,2907
46701,8091,4252,3839,42.3,1752,6339,1486
46702,2058,1006,1052,45,385,1673,375
46703,18891,9642,9249,40.7,3648,15243,3842
46704,40,30,10,61.1,0,40,10
46705,1936,1044,892,34.9,638,1298,273
46706,20000,10048,9952,36.7,4828,15172,3271
46710,4443,2167,2276,43.3,1029,3414,739
46711,8399,3707,4692,29.4,3208,5191,1096
46714,15367,7509,7858,39.3,3947,11420,2597
46721,4856,2492,2364,41.6,1309,3547,732
46723,7550,3859,3691,45.4,1498,6052,1381
46725,23463,11757,11706,42.3,5054,18409,4530
46730,1007,487,520,48.8,181,826,244
46731,921,470,451,36.7,294,627,120
46732,2594,1344,1250,40.3,636,1958,383
46733,19008,9732,9276,41.4,4644,14364,3569
46737,7043,3648,3395,47.6,1249,5794,1673
46738,8339,3826,4513,38.5,2036,6303,1469
46740,4586,2447,2139,22.8,1917,2669,536
46741,4109,1855,2254,35.2,1337,2772,611
46742,3143,1416,1727,45.8,710,2433,742
46743,2747,1548,1199,40.1,579,2168,461
46745,1849,990,859,43.4,501,1348,348
46746,4451,2214,2237,31.9,1237,3214,467
46747,2288,1149,1139,46.4,398,1890,412
46748,6890,3581,3309,31.6,2375,4515,628
46750,27018,13487,13531,39.5,5853,21165,4549
46755,15666,7652,8014,40.7,3667,11999,2824
46759,441,242,199,39,89,352,36
46760,1200,502,698,42.2,333,867,211
46761,11958,5944,6014,31.8,3726,8232,1992
46763,1472,739,733,51.1,156,1316,365
46764,1485,633,852,34.9,496,989,247
46765,5935,2930,3005,41,1468,4467,1128
46766,422,241,181,41.5,134,288,52
46767,8832,4509,4323,28.4,2935,5897,828
46770,2820,1432,1388,46.3,629,2191,625
46771,154,49,105,28.5,48,106,0
46772,3430,1860,1570,23.6,1250,2180,333
46773,3180,1756,1424,44.9,684,2496,552
46774,17260,8287,8973,41,4241,13019,3203
46776,1593,892,701,41.7,391,1202,347
46777,6106,3082,3024,42.2,1293,4813,1448
46778,103,18,85,53.8,22,81,49
46779,2392,1313,1079,46,502,1890,390
46781,791,437,354,43.5,173,618,174
46783,7513,3854,3659,41.5,1811,5702,1327
46784,2021,1033,988,51.2,265,1756,487
46785,1732,946,786,34.9,433,1299,189
46786,37,12,25,73.4,0,37,23
46787,4077,2155,1922,34.5,1250,2827,542
46788,4099,2021,2078,27.5,1524,2575,390
46789,192,90,102,35.2,84,108,43
46791,1015,507,508,34.1,193,822,105
46792,3550,1791,1759,46.4,786,2764,914
46793,4281,2183,2098,39,972,3309,646
46794,1139,621,518,52.6,188,951,239
46795,6963,3520,3443,43.8,1670,5293,1302
46796,109,49,60,-,0,109,0
46797,4214,1917,2297,32.3,1539,2675,486
46798,1051,579,472,34,249,802,158
46799,409,184,225,42.6,91,318,84
46802,10588,6135,4453,34.6,1894,8694,1016
46803,10629,5297,5332,27.2,3649,6980,1024
46804,29045,13899,15146,41.6,5955,23090,5480
46805,22218,10871,11347,34.8,4610,17608,3303
46806,24684,12103,12581,31.2,7575,17109,2398
46807,16034,7754,8280,31.1,4791,11243,1409
46808,20049,9761,10288,35.3,4667,15382,2399
46809,8747,4208,4539,37.9,1884,6863,1348
46814,16328,8406,7922,36.8,5251,11077,1880
46815,26896,12820,14076,36.8,6609,20287,4692
46816,19501,8967,10534,33.5,5805,13696,2908
46818,21752,11155,10597,35.4,5534,16218,3189
46819,9445,4535,4910,42,1989,7456,2042
46825,29183,14753,14430,36.6,5909,23274,5239
46835,36557,17646,18911,34,8850,27707,5813
46845,28011,14010,14001,41.8,7315,20696,5107
46901,38719,19256,19463,41.9,8527,30192,7201
46902,36807,17119,19688,39.6,8816,27991,7234
46910,3162,1550,1612,37.4,817,2345,608
46911,1700,1098,602,37.5,426,1274,325
46913,1144,672,472,40.4,291,853,274
46914,3492,1967,1525,42.7,580,2912,518
46915,724,377,347,43.6,160,564,136
46917,1926,877,1049,41.8,425,1501,444
46919,1527,812,715,44.9,274,1253,495
46920,1306,563,743,36.6,443,863,219
46922,0,0,0,-,0,0,0
46923,7846,3943,3903,45.2,1739,6107,1517
46926,1459,770,689,43.3,310,1149,203
46928,4710,2570,2140,47.1,983,3727,1031
46929,3224,1705,1519,44.3,565,2659,615
46930,219,108,111,40.5,63,156,40
46931,263,131,132,40.3,72,191,66
46932,3007,1449,1558,46.8,492,2515,560
46933,6417,2878,3539,45.1,1488,4929,1434
46936,5820,3141,2679,43.6,1281,4539,1324
46937,18,9,9,-,0,18,9
46938,2385,1220,1165,44.6,447,1938,553
46939,1765,920,845,50.6,217,1548,505
46940,2821,1305,1516,43.6,740,2081,640
46941,877,441,436,45.8,217,660,191
46943,153,80,73,38.7,31,122,24
46945,0,0,0,-,0,0,0
46946,105,44,61,34.7,40,65,11
46947,28590,14316,14274,40.7,6761,21829,4858
46950,432,189,243,58.7,28,404,173
46951,2146,1219,927,38.1,543,1603,319
46952,18101,8674,9427,44.3,3798,14303,3820
46953,23334,10906,12428,33.2,4614,18720,3945
46957,407,201,206,52.1,56,351,92
46958,611,323,288,44.8,93,518,159
46959,315,202,113,55.8,25,290,81
46960,1204,682,522,44.1,269,935,242
46961,48,27,21,72.9,0,48,34
46962,8491,3969,4522,44.1,1440,7051,1972
46965,0,0,0,-,0,0,0
46967,147,105,42,36.4,45,102,21
46968,147,84,63,45.4,51,96,38
46970,23363,12564,10799,40.7,4904,18459,4071
46971,0,0,0,-,0,0,0
46974,1820,929,891,42,441,1379,372
46975,13910,6899,7011,43.1,3270,10640,2930
46978,2279,1209,1070,39.5,509,1770,370
46979,5159,2562,2597,43.1,1245,3914,1053
46980,207,66,141,26.5,62,145,0
46982,2730,1336,1394,50.2,555,2175,637
46984,19,19,0,-,8,11,0
46985,1153,557,596,50.6,256,897,323
46986,1671,844,827,46.7,365,1306,334
46987,1053,543,510,38.5,263,790,161
46988,918,404,514,36.7,314,604,222
46989,5621,2710,2911,23.2,1337,4284,728
46990,446,238,208,53.9,94,352,103
46991,1879,941,938,42,449,1430,227
46992,16668,8420,8248,42.9,3538,13130,3408
46994,2270,1101,1169,50.8,405,1865,585
46996,6193,2973,3220,45.3,1174,5019,1256
46998,206,58,148,33.2,64,142,8
47001,10112,5480,4632,45.4,1788,8324,1699
47003,1064,500,564,50.9,204,860,295
47006,12419,6265,6154,39.9,3416,9003,2259
47010,289,218,71,19.9,112,177,35
47011,1096,634,462,43.8,184,912,286
47012,10698,5335,5363,40.5,2376,8322,1976
47016,785,380,405,49.7,198,587,224
47017,485,194,291,53.8,105,380,111
47018,4674,2321,2353,41.7,1014,3660,896
47020,1287,728,559,31.1,344,943,140
47021,0,0,0,-,0,0,0
47022,2983,1596,1387,52.6,531,2452,680
47023,2156,1044,1112,46.1,470,1686,497
47024,2958,1481,1477,34.1,706,2252,333
47025,23301,11288,12013,39.7,5640,17661,4067
47030,1776,948,828,36.4,485,1291,344
47031,5422,2965,2457,42.1,1181,4241,1042
47032,3177,1438,1739,41.7,690,2487,732
47033,0,0,0,-,0,0,0
47034,178,97,81,32.6,55,123,26
47035,180,66,114,62.7,0,180,83
47036,1307,528,779,43.2,373,934,228
47037,4352,2296,2056,36.5,1002,3350,698
47038,946,493,453,41.5,204,742,157
47040,5367,2522,2845,44.5,1217,4150,1141
47041,6005,3026,2979,41.7,1453,4552,1019
47042,3655,1736,1919,49.1,512,3143,747
47043,4769,2360,2409,43.7,1034,3735,1004
47060,6654,3155,3499,44.5,1482,5172,1357
47102,6819,3469,3350,43.1,1395,5424,1162
47104,8,8,0,-,0,8,8
47106,4521,2527,1994,38.4,1020,3501,759
47108,2089,1064,1025,46.7,420,1669,369
47110,762,381,381,40,253,509,49
47111,18144,8476,9668,37.8,4576,13568,2337
47112,16935,8343,8592,43.3,3633,13302,3615
47114,434,220,214,37.6,85,349,90
47115,3110,1525,1585,39.6,595,2515,414
47116,416,260,156,44.3,76,340,53
47117,4558,2404,2154,40.6,1108,3450,878
47118,3665,1940,1725,40.6,971,2694,821
47119,11509,5711,5798,43.7,2806,8703,1883
47120,671,344,327,44.7,48,623,72
47122,11524,5922,5602,39,2824,8700,1551
47123,140,64,76,30.4,53,87,24
47124,5433,2831,2602,43.9,1415,4018,999
47125,1587,757,830,34.3,504,1083,303
47126,4145,2196,1949,38.6,993,3152,844
47129,19617,9531,10086,38.9,3865,15752,3301
47130,48599,24018,24581,39.1,10348,38251,8238
47135,736,356,380,57.4,64,672,231
47136,4686,2559,2127,36.3,1316,3370,479
47137,1441,683,758,46.7,269,1172,438
47138,5038,2576,2462,44.7,1128,3910,867
47140,2368,1164,1204,40.5,527,1841,474
47141,1733,934,799,46.3,322,1411,255
47142,695,378,317,48.1,138,557,62
47143,3612,1836,1776,36.2,900,2712,258
47145,1976,969,1007,49.1,259,1717,351
47147,1315,734,581,50.1,106,1209,347
47150,49722,23757,25965,38.6,10474,39248,8632
47160,77,37,40,30.5,22,55,4
47161,3368,1680,1688,47.6,628,2740,480
47162,598,290,308,26.9,158,440,80
47163,811,467,344,59.1,86,725,335
47164,3764,1753,2011,39.6,918,2846,628
47165,6808,3471,3337,40.2,1522,5286,1186
47166,1329,829,500,45.2,333,996,311
47167,15592,7496,8096,40.7,3602,11990,3002
47170,14239,7016,7223,40.9,3153,11086,2689
47172,19705,9449,10256,42.2,4469,15236,3214
47174,43,30,13,55.3,0,43,0
47175,855,368,487,47,144,711,175
47177,2134,1068,1066,36.3,710,1424,254
47201,48043,24755,23288,36.2,11173,36870,6528
47203,25177,12441,12736,40.5,6016,19161,5520
47220,5940,3150,2790,41,1314,4626,1401
47223,774,394,380,48,120,654,151
47224,522,262,260,34.2,231,291,61
47225,19,0,19,-,0,19,19
47226,251,169,82,35.8,38,213,26
47227,1333,753,580,53.1,129,1204,456
47229,2932,1473,1459,38.6,795,2137,545
47230,1882,875,1007,38,448,1434,333
47231,590,324,266,32.2,200,390,47
47232,2510,1145,1365,46.3,602,1908,454
47234,1612,825,787,43.3,368,1244,219
47235,1427,603,824,48.6,267,1160,277
47236,266,134,132,21.2,55,211,35
47240,21755,10994,10761,40,4994,16761,4016
47243,6024,2951,3073,33.6,1299,4725,931
47244,434,205,229,43.9,120,314,111
47246,4099,1957,2142,38.1,1222,2877,561
47247,196,102,94,50.3,32,164,38
47250,23434,10977,12457,42.4,4611,18823,4282
47260,2037,1115,922,46,305,1732,539
47263,206,98,108,41.8,45,161,19
47264,1317,632,685,32.1,367,950,160
47265,21520,11118,10402,38.6,5178,16342,3525
47270,432,216,216,45.6,105,327,132
47272,1720,818,902,35.9,498,1222,308
47273,2054,974,1080,37.1,485,1569,227
47274,33170,16358,16812,38,8065,25105,4953
47280,667,384,283,48.7,120,547,150
47281,1432,837,595,40.8,395,1037,179
47282,248,115,133,45.3,49,199,46
47283,3770,1873,1897,39.6,924,2846,468
47302,25086,11956,13130,37.9,5703,19383,3927
47303,24393,11806,12587,29.7,3784,20609,3564
47304,31757,15536,16221,36.1,4989,26768,6666
47305,3193,1588,1605,43.2,480,2713,422
47306,4059,1507,2552,19.4,4,4055,0
47320,4320,2060,2260,49.1,698,3622,1147
47324,227,79,148,39.3,69,158,17
47325,562,245,317,50.8,117,445,148
47326,1828,898,930,29.7,615,1213,374
47327,4311,2128,2183,42.4,943,3368,700
47330,5481,2846,2635,40.6,1417,4064,944
47331,22714,11208,11506,43.5,4925,17789,4649
47334,3187,1579,1608,43.6,692,2495,558
47335,650,322,328,43.7,113,537,126
47336,2870,1305,1565,48.2,611,2259,701
47337,204,97,107,33.9,54,150,32
47338,2465,1326,1139,44.6,485,1980,524
47339,499,237,262,44.3,153,346,123
47340,3073,1558,1515,38,824,2249,633
47341,2342,1207,1135,38.9,602,1740,292
47342,2316,1229,1087,40.1,505,1811,411
47344,175,94,81,50.4,28,147,70
47345,1437,747,690,38.2,340,1097,128
47346,3921,1983,1938,41.5,923,2998,728
47348,9110,4355,4755,42.8,2033,7077,2005
47351,519,247,272,35.3,179,340,51
47352,763,392,371,36.2,187,576,89
47353,5262,2578,2684,43.6,1013,4249,1049
47354,1152,644,508,50.3,241,911,363
47355,3163,1521,1642,47.6,581,2582,493
47356,5451,2741,2710,45.2,1123,4328,1166
47357,950,427,523,35.1,262,688,117
47358,966,450,516,41.5,221,745,155
47359,3434,1794,1640,41.4,862,2572,528
47360,1404,702,702,41.7,233,1171,322
47361,239,115,124,43.6,66,173,93
47362,29377,15846,13531,42.8,5621,23756,5378
47366,34,9,25,50.9,0,34,16
47367,85,47,38,69,0,85,65
47368,2008,960,1048,44.3,498,1510,514
47369,1358,686,672,51,268,1090,235
47370,130,63,67,41,15,115,35
47371,12462,6523,5939,38.6,3052,9410,2171
47373,2240,961,1279,38.5,680,1560,409
47374,45480,21994,23486,41,9714,35766,9416
47380,1476,805,671,46.4,281,1195,337
47381,171,88,83,36.2,52,119,16
47382,177,95,82,28.3,69,108,19
47383,2864,1416,1448,42.9,705,2159,559
47384,2282,1190,1092,38.4,625,1657,291
47385,1816,918,898,36.6,485,1331,185
47386,1190,530,660,60.5,122,1068,532
47387,522,267,255,56.1,64,458,153
47388,407,219,188,48.2,75,332,88
47390,5055,2667,2388,40.3,1339,3716,1067
47392,182,93,89,60.1,29,153,49
47393,1761,834,927,31.7,549,1212,119
47394,8396,4250,4146,43.2,1887,6509,1666
47396,7652,3776,3876,39.7,1983,5669,1263
47401,40399,19630,20769,36.2,6382,34017,6506
47403,34165,16740,17425,35.2,6944,27221,4556
47404,23680,12063,11617,33.7,4260,19420,3356
47405,1312,654,658,19.2,25,1287,0
47406,8631,4242,4389,19.3,52,8579,1
47408,21733,11784,9949,24.5,2379,19354,2771
47420,51,24,27,69.4,0,51,33
47421,27661,13290,14371,45.1,5485,22176,5940
47424,8556,4285,4271,44.4,1788,6768,1821
47427,865,422,443,48.7,143,722,97
47429,7271,3421,3850,39.8,1637,5634,1370
47431,1689,984,705,35.6,496,1193,245
47432,4687,2355,2332,40.7,1318,3369,772
47433,3781,1941,1840,48.2,756,3025,762
47434,12,12,0,-,0,12,12
47435,119,71,48,68.8,0,119,113
47436,1541,834,707,44.2,198,1343,226
47437,87,44,43,66.8,0,87,69
47438,3970,1952,2018,39.7,980,2990,504
47441,8850,4380,4470,41.2,1781,7069,2031
47443,1427,776,651,43.4,321,1106,344
47445,94,65,29,39.4,21,73,0
47446,9224,4734,4490,42.2,2183,7041,1881
47448,7747,3726,4021,53.1,1345,6402,2260
47449,414,218,196,49.5,54,360,118
47451,1527,727,800,43.5,304,1223,371
47452,5100,2554,2546,47.3,1004,4096,961
47453,240,135,105,44.5,9,231,71
47454,7649,3900,3749,40.1,1791,5858,1596
47455,35,17,18,63.3,0,35,4
47456,1203,611,592,45.6,192,1011,270
47457,0,0,0,-,0,0,0
47458,0,0,0,-,0,0,0
47459,3618,1846,1772,45.6,903,2715,487
47460,11442,5538,5904,46,2156,9286,2550
47462,5026,2626,2400,38.2,1250,3776,471
47464,350,196,154,41.3,56,294,38
47465,417,230,187,29.2,106,311,61
47467,0,0,0,-,0,0,0
47468,1126,595,531,59.6,88,1038,465
47469,1842,930,912,39.9,421,1421,348
47470,1367,701,666,43.4,327,1040,209
47471,3260,1684,1576,36.8,873,2387,575
47501,18168,8660,9508,39.7,4519,13649,3098
47512,4114,2122,1992,38.6,992,3122,693
47513,1822,1014,808,39.6,541,1281,328
47514,1469,1343,126,40.1,25,1444,51
47515,1150,715,435,24.4,307,843,149
47516,986,552,434,45.1,209,777,171
47519,621,330,291,32.1,216,405,57
47520,2909,1540,1369,43.5,724,2185,526
47521,857,457,400,39.4,176,681,141
47522,335,167,168,45.9,36,299,94
47523,3301,1676,1625,36.8,764,2537,552
47524,442,259,183,49.8,78,364,106
47525,206,115,91,69.8,14,192,130
47527,2330,1306,1024,41.1,644,1686,283
47528,463,212,251,51.2,95,368,109
47529,1194,638,556,30.8,298,896,110
47531,897,511,386,53.1,111,786,242
47532,4363,2203,2160,48.8,922,3441,1056
47535,734,363,371,38.1,222,512,177
47537,639,295,344,63.1,94,545,287
47541,1155,553,602,39.7,247,908,211
47542,9761,4802,4959,37.3,2577,7184,1334
47546,22186,11072,11114,41.2,5110,17076,4281
47550,628,317,311,39,196,432,97
47551,588,306,282,44.9,113,475,68
47552,231,121,110,49.6,0,231,40
47553,8734,4600,4134,37.7,2362,6372,1475
47557,1308,614,694,37.4,360,948,190
47558,4604,2443,2161,27.8,1701,2903,635
47561,1372,640,732,48.3,203,1169,263
47562,5395,2692,2703,29.2,1979,3416,855
47564,1497,822,675,31,480,1017,235
47567,6414,3417,2997,45.5,1500,4914,1282
47568,671,367,304,33.1,204,467,91
47573,19,12,7,-,0,19,12
47574,142,84,58,47.1,25,117,0
47575,1109,672,437,33.6,176,933,184
47576,475,250,225,52,74,401,10
47577,1290,667,623,46.7,223,1067,294
47578,490,232,258,61.9,41,449,231
47579,2748,1472,1276,43.3,752,1996,471
47580,264,122,142,63.4,66,198,105
47581,3009,1603,1406,52.2,507,2502,799
47584,150,80,70,30,34,116,26
47585,683,269,414,48.7,33,650,175
47586,10947,5503,5444,42.1,2338,8609,2386
47588,947,431,516,32.7,341,606,123
47590,456,195,261,39.6,127,329,64
47591,25378,12909,12469,38,5340,20038,4456
47596,118,60,58,44.3,10,108,31
47597,844,456,388,42.3,164,680,201
47598,2765,1275,1490,41.4,500,2265,674
47601,13566,6901,6665,44.6,3011,10555,2871
47610,5332,2582,2750,37.9,1228,4104,765
47611,1047,482,565,45.7,235,812,298
47612,790,398,392,36.5,226,564,162
47613,2880,1322,1558,31.3,823,2057,340
47615,1583,827,756,44,284,1299,188
47616,279,133,146,31.7,64,215,24
47619,1587,815,772,43.5,285,1302,354
47620,12738,6411,6327,42.9,2700,10038,2577
47630,38772,18902,19870,41.1,9336,29436,7054
47631,2097,1004,1093,50.9,294,1803,583
47633,2274,1161,1113,45.1,418,1856,463
47634,2290,1113,1177,36.1,579,1711,407
47635,5529,2739,2790,47.6,994,4535,1037
47637,1485,696,789,43.1,342,1143,276
47638,3529,1821,1708,40.9,882,2647,500
47639,4591,2259,2332,37.9,1374,3217,708
47640,983,512,471,55.9,121,862,341
47648,4396,2241,2155,38.4,1044,3352,679
47649,1280,632,648,55.8,205,1075,395
47654,20,11,9,31.5,9,11,0
47660,4945,2633,2312,42.3,945,4000,999
47665,4057,1889,2168,39.7,1033,3024,547
47666,1555,807,748,34.4,504,1051,124
47670,11566,5851,5715,39.6,2660,8906,2095
47683,37,18,19,58.9,2,35,7
47708,681,389,292,40.5,14,667,86
47710,18815,8972,9843,40.1,4398,14417,3471
47711,31200,15642,15558,42.4,6507,24693,5980
47712,25051,11955,13096,33.4,5100,19951,3886
47713,9591,4629,4962,40.3,2024,7567,1547
47714,33571,16722,16849,35.9,6920,26651,4631
47715,28079,13057,15022,38.3,5947,22132,5609
47720,17198,8743,8455,42.6,3929,13269,3609
47725,19175,9710,9465,40.3,4884,14291,3508
47802,32891,16966,15925,38.9,6718,26173,5710
47803,21008,10436,10572,35.6,4400,16608,4020
47804,10933,5764,5169,38.8,2449,8484,2191
47805,12862,6773,6089,43.1,2335,10527,2263
47807,13531,6466,7065,24.1,2579,10952,1285
47809,1716,814,902,19.4,14,1702,0
47831,0,0,0,-,0,0,0
47832,1169,607,562,49.2,268,901,271
47833,964,454,510,49.7,149,815,228
47834,19215,9467,9748,41.2,4259,14956,3496
47836,0,0,0,-,0,0,0
47837,958,554,404,49.2,217,741,182
47838,3916,2820,1096,42.3,424,3492,520
47840,2079,962,1117,37.8,572,1507,236
47841,2368,1216,1152,44.5,578,1790,508
47842,9730,4957,4773,42.1,2103,7627,2170
47845,40,29,11,37.2,18,22,0
47846,785,420,365,37.9,218,567,90
47847,943,461,482,43.1,125,818,129
47848,1290,641,649,47.2,232,1058,281
47849,530,278,252,26,34,496,75
47850,2295,1172,1123,47.7,427,1868,554
47851,0,0,0,-,0,0,0
47853,137,55,82,42.5,25,112,34
47854,750,344,406,37.2,192,558,121
47855,952,499,453,34.7,260,692,92
47857,350,182,168,60.1,36,314,134
47858,1176,583,593,24.8,404,772,92
47859,986,450,536,33.9,333,653,119
47860,625,318,307,24.9,206,419,77
47861,573,312,261,39.7,138,435,94
47862,1412,683,729,47,300,1112,373
47863,225,122,103,43.6,34,191,21
47865,4,1,3,-,0,4,4
47866,498,283,215,33.3,83,415,61
47868,2691,1423,1268,43.6,565,2126,576
47869,34,8,26,54.9,0,34,16
47870,0,0,0,-,0,0,0
47871,511,264,247,40.5,147,364,96
47872,8230,3597,4633,40.5,1732,6498,1529
47874,2679,1513,1166,48,549,2130,663
47875,0,0,0,-,0,0,0
47876,345,35,310,23,6,339,149
47879,3386,1695,1691,38.9,758,2628,526
47880,33,15,18,27.5,5,28,0
47881,219,121,98,33.6,60,159,34
47882,7984,3775,4209,40.4,1872,6112,1695
47884,269,124,145,41.3,52,217,47
47885,9256,4663,4593,43.5,2208,7048,1707
47901,4497,2282,2215,28.4,541,3956,194
47904,16112,8305,7807,34.7,3317,12795,2161
47905,41689,20947,20742,35.7,10250,31439,6814
47906,73916,39924,33992,22.3,10299,63617,6645
47907,0,0,0,-,0,0,0
47909,43169,20868,22301,34,11654,31515,4941
47916,56,27,29,28.8,23,33,6
47917,409,212,197,38.9,107,302,94
47918,5102,2615,2487,44,1046,4056,949
47920,2802,1440,1362,40.4,730,2072,402
47921,1159,665,494,36.1,303,856,135
47922,1392,716,676,42.5,236,1156,374
47923,3545,1748,1797,43.1,756,2789,791
47924,90,45,45,61.5,0,90,33
47925,0,0,0,-,0,0,0
47926,1141,615,526,36.4,333,808,219
47928,1783,846,937,43.9,418,1365,363
47929,670,356,314,45.3,133,537,135
47930,1119,514,605,34.1,323,796,126
47932,5342,2583,2759,42.3,1259,4083,1078
47933,28319,14466,13853,40.4,6456,21863,5167
47940,1436,763,673,42.3,291,1145,259
47941,1096,502,594,36.3,257,839,185
47942,771,399,372,44.3,147,624,128
47943,1055,525,530,33.5,271,784,42
47944,3439,1700,1739,41.3,848,2591,707
47946,2169,1082,1087,41.3,415,1754,463
47948,1260,565,695,44.8,237,1023,206
47949,1641,848,793,33.8,469,1172,231
47950,785,435,350,37.2,304,481,89
47951,2325,1171,1154,43.5,510,1815,443
47952,2676,1456,1220,50.9,438,2238,716
47954,2283,1042,1241,34.7,659,1624,345
47955,777,429,348,45.7,148,629,158
47957,2198,1075,1123,33.1,827,1371,282
47958,147,76,71,40.4,28,119,40
47959,2547,1381,1166,32.4,773,1774,308
47960,15434,7613,7821,47.9,2764,12670,3791
47963,2405,1212,1193,38.6,619,1786,371
47964,85,46,39,54.5,20,65,22
47965,514,288,226,45.9,103,411,160
47966,310,153,157,50,45,265,70
47967,844,432,412,47.5,201,643,258
47968,1351,740,611,38,374,977,226
47969,252,126,126,41,63,189,44
47970,2195,1030,1165,43.3,567,1628,388
47971,2017,938,1079,39.3,491,1526,332
47974,1299,782,517,40.5,337,962,108
47975,777,405,372,37.8,217,560,150
47977,2600,1466,1134,45.2,520,2080,443
47978,9954,4865,5089,41.7,1943,8011,1976
47980,1138,557,581,44.2,278,860,235
47981,887,505,382,34.9,250,637,112
47982,140,77,63,55.3,25,115,29
47983,167,103,64,23.6,70,97,0
47986,0,0,0,-,0,0,0
47987,3687,1862,1825,46.2,722,2965,690
47989,1182,673,509,36.3,278,904,148
47990,1428,707,721,34.8,374,1054,228
47991,1295,690,605,44.3,244,1051,378
47992,1620,888,732,43.3,304,1316,299
47993,3563,1735,1828,41.8,748,2815,721
47994,450,240,210,47.6,72,378,78
47995,1815,973,842,33.1,596,1219,220
47997,173,95,78,30.4,46,127,4
48001,11691,5741,5950,51.3,2067,9624,2742
48002,3121,1751,1370,47.3,535,2586,690
48003,5860,3105,2755,44.2,1260,4600,924
48005,5317,2681,2636,44.6,1128,4189,1005
48006,3945,2107,1838,44.4,986,2959,624
48009,21738,10655,11083,42,5720,16018,3731
48014,4334,2206,2128,39.8,1085,3249,582
48015,8493,4193,4300,41.2,1996,6497,1298
48017,11334,5842,5492,41.2,1654,9680,2198
48021,34087,16630,17457,36.4,8259,25828,4374
48022,2527,1364,1163,48.3,343,2184,530
48023,4993,2490,2503,43.4,1124,3869,776
48025,14813,7096,7717,49.3,3252,11561,3813
48026,14668,6904,7764,41.9,2720,11948,2967
48027,3187,1551,1636,43.3,688,2499,524
48028,961,539,422,66,26,935,518
48030,15065,7603,7462,37.2,2512,12553,1687
48032,1864,930,934,47.5,306,1558,369
48033,17380,7888,9492,42.2,3494,13886,3885
48034,15146,6798,8348,40.9,2188,12958,3640
48035,34385,16692,17693,39.4,7221,27164,5969
48036,21499,9888,11611,41.9,4163,17336,4279
48038,44255,21599,22656,42.8,7697,36558,9843
48039,7486,3754,3732,48.1,1441,6045,1708
48040,9973,4548,5425,44.3,2378,7595,2131
48041,4415,2321,2094,45.8,869,3546,654
48042,32193,15554,16639,42.6,7868,24325,5555
48043,15679,8128,7551,40.2,2919,12760,2515
48044,59225,30126,29099,38.2,15338,43887,6912
48045,24259,11996,12263,45.3,4071,20188,4745
48047,39976,19003,20973,42.2,8454,31522,6471
48048,10765,6150,4615,35,3038,7727,825
48049,5509,2948,2561,46,1058,4451,1141
48050,1427,741,686,53.5,220,1207,377
48051,17542,8661,8881,37.6,4402,13140,2385
48054,7204,3667,3537,51.7,1235,5969,1837
48059,15314,7307,8007,47.6,3006,12308,3752
48060,39644,19391,20253,39.7,8400,31244,6657
48062,9351,4437,4914,39.1,2206,7145,1598
48063,4093,2231,1862,42.1,1039,3054,573
48064,4001,2255,1746,41,950,3051,653
48065,11313,5583,5730,46.9,2226,9087,2356
48066,47476,23151,24325,40.7,9454,38022,8061
48067,24285,12492,11793,35.3,3246,21039,3343
48069,2609,1288,1321,43.9,509,2100,447
48070,6365,3244,3121,43.5,1587,4778,1056
48071,28521,14048,14473,40.5,4537,23984,4863
48072,15150,7382,7768,37.6,2950,12200,2031
48073,33822,17292,16530,36.7,5184,28638,5097
48074,9594,5001,4593,43.2,1990,7604,1554
48075,23416,11081,12335,38.9,5251,18165,4421
48076,24254,11659,12595,46.2,4187,20067,5241
48079,12572,6354,6218,44.3,2604,9968,2329
48080,22072,10565,11507,43.7,3352,18720,4704
48081,20474,10242,10232,45.8,3527,16947,4654
48082,16043,7939,8104,42.1,2922,13121,3244
48083,23540,12218,11322,40.4,4080,19460,4379
48084,15571,7983,7588,37.8,3236,12335,2155
48085,27514,14381,13133,43.1,6252,21262,4861
48088,23727,12138,11589,41,4744,18983,4216
48089,32509,16378,16131,34.6,7433,25076,4039
48091,30063,14179,15884,35.7,7319,22744,4193
48092,27848,13800,14048,41.1,5462,22386,5069
48093,24441,11660,12781,42.6,4299,20142,4960
48094,20310,10634,9676,43.8,4293,16017,3991
48095,5704,2692,3012,46.1,1392,4312,1030
48096,3780,2045,1735,48.1,645,3135,561
48097,5333,2692,2641,41.5,1116,4217,881
48098,20545,10360,10185,46.3,4496,16049,3936
48101,28395,13427,14968,43.5,5624,22771,4986
48103,54563,27006,27557,40,10807,43756,9861
48104,45161,22186,22975,22.9,3376,41785,3760
48105,37598,20000,17598,30.1,5977,31621,5921
48108,26888,13690,13198,36.3,5169,21719,3981
48109,5773,2162,3611,19.1,99,5674,57
48111,44169,21946,22223,40.5,8268,35901,7123
48114,21573,10970,10603,44,4288,17285,4428
48116,26999,13425,13574,45.4,5353,21646,5355
48117,10258,5323,4935,48,2212,8046,2511
48118,13001,6526,6475,49.1,2508,10493,3478
48120,8919,4394,4525,30.6,2632,6287,1052
48122,12639,6919,5720,33.6,3708,8931,1276
48124,34046,16861,17185,39.3,7960,26086,5764
48125,22082,11092,10990,38.5,5291,16791,3509
48126,53044,26904,26140,28.1,17259,35785,5384
48127,40392,19500,20892,34.9,10336,30056,6298
48128,12405,5911,6494,36.6,3161,9244,1768
48130,16731,8612,8119,42.2,4432,12299,2393
48131,7978,4062,3916,38.2,1522,6456,1211
48133,6711,3400,3311,38.7,1911,4800,1191
48134,24114,11768,12346,39.7,5799,18315,3874
48135,27203,13412,13791,40.9,5430,21773,4276
48137,4361,2299,2062,52.5,718,3643,911
48138,10695,5045,5650,51,2079,8616,2931
48139,89,50,39,71.6,0,89,64
48140,3414,1720,1694,37.7,825,2589,500
48141,25839,12583,13256,32.3,7612,18227,2749
48143,189,74,115,60.5,20,169,46
48144,9672,4812,4860,46.1,1922,7750,2413
48145,2817,1285,1532,47.6,555,2262,639
48146,39807,20031,19776,34.7,10063,29744,5169
48150,26707,13300,13407,40.3,5053,21654,4323
48152,30954,15347,15607,48.3,5518,25436,7593
48154,37267,18258,19009,46.9,6690,30577,8639
48157,1225,656,569,52.1,194,1031,401
48158,7883,4034,3849,49.8,1343,6540,1704
48159,2590,1278,1312,45.3,539,2051,444
48160,14163,7662,6501,40.9,2778,11385,2322
48161,26775,13229,13546,41.2,5420,21355,4692
48162,28740,14272,14468,43.2,5334,23406,5832
48164,9172,4623,4549,47.1,1835,7337,1813
48165,9128,4582,4546,36.8,2493,6635,1254
48166,13264,6579,6685,37.8,3260,10004,1373
48167,22830,11234,11596,45.5,4446,18384,3980
48168,25444,12045,13399,44.6,6253,19191,4939
48169,21210,10760,10450,48.1,4077,17133,4662
48170,40675,20345,20330,46.6,8050,32625,8702
48173,13146,6365,6781,43.7,2954,10192,2425
48174,32155,15797,16358,37.3,8588,23567,4513
48176,23240,11921,11319,44,5136,18104,5050
48177,370,162,208,34.1,183,187,20
48178,36842,18487,18355,43.4,8615,28227,6024
48179,3613,2024,1589,41.3,713,2900,612
48180,62937,32024,30913,37.9,13672,49265,9902
48182,21391,10149,11242,45.8,4423,16968,4380
48183,42467,20249,22218,45.7,8720,33747,9571
48184,17860,8560,9300,40.8,4012,13848,2739
48185,48622,22421,26201,39,9632,38990,9088
48186,36184,17610,18574,37.4,8420,27764,4909
48187,52861,26100,26761,40.1,12496,40365,8702
48188,45390,22223,23167,39.5,10733,34657,6353
48189,13718,7235,6483,43.7,2251,11467,2640
48190,187,84,103,54.2,12,175,36
48191,4059,2002,2057,48.6,722,3337,750
48192,24857,11912,12945,39.6,4986,19871,4336
48193,16786,8122,8664,40.8,3940,12846,3851
48195,29948,14648,15300,40.3,5920,24028,5609
48197,66422,32552,33870,32.1,13290,53132,7278
48198,39867,19526,20341,34.1,9010,30857,5238
48201,14287,7266,7021,33.5,2223,12064,2364
48202,14617,7329,7288,33.4,1571,13046,1955
48203,20584,9883,10701,42.4,4065,16519,3834
48204,20365,9808,10557,41.8,4365,16000,4061
48205,31816,15513,16303,30.9,7926,23890,2856
48206,16011,7352,8659,40.1,3301,12710,2432
48207,20577,9136,11441,42.1,2964,17613,4460
48208,7827,3726,4101,40.1,1277,6550,1211
48209,26944,13378,13566,29.9,8464,18480,2167
48210,26547,13219,13328,29.1,8931,17616,2312
48211,5526,2965,2561,33.8,1304,4222,741
48212,43213,22635,20578,30.1,13091,30122,3851
48213,21232,10106,11126,37,5454,15778,3592
48214,19372,8979,10393,45.4,3066,16306,4159
48215,11018,5311,5707,37.6,3115,7903,1773
48216,5171,2539,2632,34.8,1106,4065,756
48217,6660,3342,3318,41,1419,5241,1360
48218,7204,3719,3485,34.9,1609,5595,821
48219,44595,21028,23567,38.1,10432,34163,7177
48220,21664,11000,10664,35.6,2731,18933,2476
48221,41570,18699,22871,38.4,9999,31571,7270
48223,25747,12287,13460,33.5,7126,18621,3493
48224,38193,17515,20678,32.3,11154,27039,4164
48225,16228,7527,8701,35.2,4358,11870,2149
48226,6926,4142,2784,33.7,152,6774,906
48227,39024,17639,21385,39.6,9301,29723,6554
48228,54670,26723,27947,30.4,16645,38025,5680
48229,9288,4363,4925,34.8,2472,6816,1491
48230,17501,7994,9507,43.2,3899,13602,3446
48233,0,0,0,-,0,0,0
48234,32402,15118,17284,34.9,8217,24185,4798
48235,45529,20064,25465,37.9,11484,34045,7911
48236,31130,15035,16095,45,7021,24109,6757
48237,29495,13716,15779,37.9,5616,23879,4981
48238,24565,11571,12994,34.9,6944,17621,3427
48239,37372,18688,18684,37.1,9287,28085,4472
48240,16914,8291,8623,38.4,3647,13267,2057
48242,0,0,0,-,0,0,0
48243,0,0,0,-,0,0,0
48301,14806,7167,7639,47.7,3443,11363,3152
48302,17175,8555,8620,45.9,4348,12827,4168
48304,17425,7967,9458,50.4,3596,13829,4535
48306,28083,14179,13904,43.7,7233,20850,4765
48307,43799,20885,22914,39.1,9343,34456,6953
48309,30626,14874,15752,42.6,6501,24125,5822
48310,43232,21285,21947,39.2,9490,33742,7148
48312,34921,16856,18065,40.3,7052,27869,5842
48313,34004,16645,17359,41.2,6591,27413,6143
48314,21587,10452,11135,46.2,3944,17643,4893
48315,28248,13599,14649,48.3,5651,22597,6711
48316,28263,13275,14988,45.4,5492,22771,6326
48317,28091,13985,14106,39.1,5318,22773,4242
48320,4329,2107,2222,44.5,718,3611,829
48322,33174,16115,17059,45.6,6736,26438,8103
48323,16742,7933,8809,47.6,3676,13066,4365
48324,17366,9133,8233,47.2,3170,14196,3214
48326,24105,12241,11864,36.4,3496,20609,3774
48327,20878,9991,10887,40.4,3797,17081,3542
48328,25717,13017,12700,42.1,5227,20490,4619
48329,23932,12075,11857,44.2,4413,19519,4439
48331,22152,10759,11393,46.8,3806,18346,5038
48334,18814,9359,9455,42.8,3669,15145,4049
48335,24229,12250,11979,35.9,3998,20231,4114
48336,27558,13519,14039,41.4,4903,22655,5056
48340,25957,12066,13891,32.4,6611,19346,3229
48341,19236,9570,9666,36.5,4160,15076,2785
48342,16858,8379,8479,32.1,4537,12321,1685
48346,23212,10887,12325,39.4,4848,18364,3883
48348,24819,12335,12484,43.3,5832,18987,4070
48350,7795,3999,3796,42,1670,6125,1441
48353,7086,3459,3627,44.5,1185,5901,1399
48356,8158,4099,4059,43,1699,6459,1435
48357,8342,4263,4079,46.8,1858,6484,1653
48359,10149,5081,5068,38.1,2486,7663,1222
48360,12103,5991,6112,41.8,2687,9416,1796
48362,15053,7613,7440,43.4,2777,12276,2614
48363,7517,3906,3611,39.1,2097,5420,934
48367,4482,2235,2247,46.8,965,3517,796
48370,1725,782,943,38.2,531,1194,199
48371,26098,13553,12545,40.6,6329,19769,3938
48374,18125,8728,9397,39.2,5232,12893,1729
48375,23933,12293,11640,42.1,5363,18570,3792
48377,19083,9328,9755,38.2,4020,15063,3527
48380,7750,4010,3740,49.1,1628,6122,1483
48381,13573,6802,6771,42.5,3339,10234,2568
48382,23765,11964,11801,42.8,5576,18189,3768
48383,13093,6721,6372,40.4,2787,10306,1889
48386,18043,9029,9014,46.8,3490,14553,3762
48390,23854,11566,12288,43.7,4405,19449,4291
48393,19975,9648,10327,36.1,3877,16098,2478
48401,1289,730,559,52.5,213,1076,310
48410,114,57,57,47,28,86,14
48411,30,0,30,-,0,30,30
48412,5720,2934,2786,48.6,1024,4696,1126
48413,7445,3625,3820,44.4,1511,5934,1739
48414,2837,1459,1378,42.6,718,2119,353
48415,9013,4598,4415,46.6,1880,7133,1751
48416,5291,2642,2649,40.3,1335,3956,916
48417,2382,1307,1075,46.7,447,1935,662
48418,4408,2342,2066,44,1080,3328,800
48419,2196,1049,1147,46,451,1745,558
48420,21019,10263,10756,43.9,4347,16672,4350
48421,6592,3299,3293,48.2,1201,5391,1541
48422,6005,3026,2979,45.8,1167,4838,1234
48423,33601,15991,17610,42.3,7196,26405,7114
48426,1280,725,555,30.3,475,805,118
48427,2899,1437,1462,45.4,592,2307,661
48428,5556,2989,2567,45.5,1158,4398,886
48429,8428,4079,4349,47.7,1392,7036,1832
48430,38929,18724,20205,42.1,8603,30326,7281
48432,536,308,228,42.7,117,419,150
48433,25824,12759,13065,42.2,6072,19752,5685
48434,132,65,67,62.8,15,117,56
48435,2589,1333,1256,36.7,647,1942,392
48436,4139,2105,2034,42.6,987,3152,557
48437,348,128,220,52.6,24,324,114
48438,7511,3835,3676,41.9,1732,5779,1190
48439,52012,24754,27258,42.9,11711,40301,9772
48440,114,63,51,55.6,0,114,32
48441,3979,2037,1942,46.3,880,3099,979
48442,22416,10766,11650,43.8,4419,17997,4131
48444,9525,4939,4586,39.9,2268,7257,1336
48445,1169,582,587,47.7,249,920,255
48446,30693,15944,14749,43.4,5962,24731,6034
48449,2972,1553,1419,35.5,726,2246,536
48450,4503,2165,2338,58.8,559,3944,1704
48451,15416,7504,7912,42.8,3607,11809,2733
48453,4991,2596,2395,38.6,1118,3873,902
48454,1162,622,540,41.7,258,904,178
48455,7953,4054,3899,49.6,1581,6372,1800
48456,728,368,360,46.1,159,569,100
48457,8876,4852,4024,41.8,1804,7072,1757
48458,19109,9573,9536,39.2,4138,14971,2981
48460,2689,1345,1344,41.3,665,2024,538
48461,7889,3780,4109,43.3,1468,6421,1260
48462,12803,6746,6057,45.8,2532,10271,2662
48463,4440,2227,2213,46.1,939,3501,1049
48464,1999,1090,909,55.2,271,1728,586
48465,553,276,277,46.3,133,420,114
48466,1501,788,713,50.7,294,1207,397
48467,2286,1136,1150,60.9,183,2103,934
48468,1266,700,566,59.1,118,1148,450
48469,1295,651,644,58.6,258,1037,436
48470,579,303,276,51.6,85,494,170
48471,5613,2850,2763,43.1,1204,4409,1181
48472,1403,701,702,45.2,311,1092,255
48473,22586,11282,11304,46,4367,18219,4757
48475,2613,1353,1260,42.6,608,2005,465
48476,604,271,333,46.6,121,483,113
48502,1323,933,390,31.7,5,1318,86
48503,22891,11623,11268,38.1,5065,17826,3213
48504,23941,11845,12096,34.4,6034,17907,3490
48505,17809,8658,9151,36,4534,13275,2717
48506,24837,12280,12557,38.3,6068,18769,3442
48507,29357,14114,15243,36.2,6741,22616,4610
48509,9354,4727,4627,44.5,1670,7684,1907
48519,8577,4006,4571,38.6,1800,6777,1615
48529,8164,3256,4908,42.4,1739,6425,1566
48532,20531,9179,11352,39.7,4798,15733,3511
48601,32172,14612,17560,38.1,8520,23652,6244
48602,27575,13845,13730,35.3,7252,20323,3555
48603,28426,13704,14722,42,5513,22913,6190
48604,11793,5416,6377,26.8,1357,10436,1319
48607,1676,916,760,35.9,427,1249,204
48609,12339,5960,6379,50.2,2150,10189,3456
48610,3270,1612,1658,50.7,520,2750,885
48611,6135,3184,2951,43.2,1194,4941,1240
48612,8382,4192,4190,49.4,1614,6768,1985
48613,1039,612,427,42.3,202,837,233
48614,978,500,478,50.9,165,813,213
48615,2817,1464,1353,40.5,661,2156,520
48616,7486,3692,3794,43.4,1402,6084,1739
48617,9526,4375,5151,37.5,2578,6948,1694
48618,4912,2314,2598,47,929,3983,1031
48619,454,235,219,62.2,57,397,165
48620,146,77,69,46.2,34,112,29
48621,1065,566,499,47.6,275,790,334
48622,5996,2917,3079,47.4,1182,4814,1474
48623,15098,8350,6748,41.5,3263,11835,2346
48624,16480,8293,8187,50.9,3283,13197,4579
48625,12962,6888,6074,50.4,2135,10827,3379
48626,5899,2808,3091,49.8,1220,4679,1218
48627,129,72,57,60.9,30,99,51
48628,1958,1069,889,46.9,396,1562,424
48629,7691,3865,3826,57.8,948,6743,2712
48630,70,41,29,67.8,0,70,57
48631,3924,2077,1847,46.7,810,3114,808
48632,5028,2626,2402,51.3,878,4150,1245
48633,129,55,74,69.8,0,129,96
48634,4613,2377,2236,43.3,770,3843,1096
48635,1608,855,753,59.2,226,1382,461
48636,852,435,417,61,82,770,306
48637,3104,1513,1591,46.1,698,2406,770
48638,12157,5627,6530,45.9,2213,9944,3145
48640,32723,16114,16609,39.5,7105,25618,5987
48642,33483,16996,16487,41,7236,26247,6034
48647,4256,2068,2188,42,1070,3186,840
48649,1309,653,656,55,177,1132,307
48650,6462,3463,2999,45.9,1318,5144,1358
48651,4369,2256,2113,46.7,892,3477,1314
48652,1974,1021,953,44.6,312,1662,408
48653,9885,5053,4832,56,1422,8463,2974
48654,2446,1304,1142,58,436,2010,716
48655,5773,2906,2867,46.1,1207,4566,1255
48656,3785,1891,1894,57.8,474,3311,1248
48657,7506,3684,3822,47.7,1526,5980,1880
48658,4803,2445,2358,46.1,904,3899,978
48659,2643,1376,1267,40.6,608,2035,485
48661,10538,5335,5203,47.9,1990,8548,2760
48662,1293,638,655,48.5,176,1117,264
48701,1268,634,634,42.9,281,987,226
48703,2964,1463,1501,57.2,435,2529,1072
48705,423,228,195,59.1,29,394,148
48706,39182,18387,20795,44.6,8127,31055,8727
48708,25857,12693,13164,41.7,4950,20907,4511
48710,0,0,0,-,0,0,0
48720,1116,540,576,42.8,294,822,190
48721,420,189,231,60.5,46,374,138
48722,3264,1717,1547,49.1,545,2719,879
48723,12389,6171,6218,42.5,2670,9719,2753
48724,796,325,471,27.2,353,443,76
48725,1910,926,984,59.2,166,1744,721
48726,5733,2883,2850,43.4,1327,4406,1168
48727,984,509,475,45.4,202,782,172
48728,302,173,129,62.2,36,266,113
48729,1478,745,733,42.1,340,1138,219
48730,4586,2186,2400,54.8,618,3968,1459
48731,1477,749,728,45.3,285,1192,280
48732,11204,5958,5246,48.4,2049,9155,2896
48733,1573,709,864,47.1,326,1247,383
48734,7425,3569,3856,50,1359,6066,2029
48735,981,526,455,40.9,176,805,200
48737,1214,576,638,57.8,173,1041,400
48738,1036,547,489,59.6,90,946,373
48739,3592,1957,1635,61.4,536,3056,1453
48740,2457,1268,1189,58.5,365,2092,876
48741,2043,1043,1000,45,438,1605,454
48742,1611,776,835,59.4,217,1394,623
48743,38,23,15,47.3,0,38,9
48744,4326,2213,2113,49.8,648,3678,1195
48745,1416,769,647,48.7,246,1170,357
48746,8090,4255,3835,45.4,1588,6502,1435
48747,1720,857,863,42.8,355,1365,332
48748,1438,755,683,59.6,162,1276,510
48749,1311,630,681,41,312,999,254
48750,9024,4528,4496,50.1,1557,7467,2700
48754,973,544,429,49.1,195,778,223
48755,2825,1371,1454,51.8,510,2315,916
48756,3956,1990,1966,51.3,740,3216,1041
48757,3713,1844,1869,44.8,708,3005,851
48759,3506,1723,1783,44.2,836,2670,764
48760,1342,697,645,46,298,1044,330
48761,867,398,469,64.6,35,832,415
48762,1069,528,541,59.9,145,924,391
48763,4943,2420,2523,51.4,875,4068,1271
48765,554,291,263,57.6,56,498,192
48766,1319,770,549,50,225,1094,275
48767,2075,1103,972,49.3,396,1679,522
48768,9111,4665,4446,42,1934,7177,1660
48770,1826,880,946,45,425,1401,355
48801,13621,6599,7022,36,2762,10859,2490
48806,1794,904,890,41.4,392,1402,328
48807,787,373,414,49.4,146,641,160
48808,6519,3175,3344,44.4,1105,5414,1416
48809,11112,5768,5344,40.4,2215,8897,1860
48811,7425,4853,2572,40,1351,6074,1005
48813,20165,10346,9819,41.4,4401,15764,3373
48815,2254,1165,1089,40.1,571,1683,392
48816,347,177,170,57.9,6,341,6
48817,5586,2917,2669,42.6,1234,4352,1350
48818,2395,1205,1190,43.4,414,1981,503
48819,2426,1177,1249,42.1,582,1844,384
48820,18046,8871,9175,43.2,3972,14074,3419
48821,6127,3039,3088,46.9,1134,4993,1735
48822,2469,1290,1179,40.3,552,1917,362
48823,49713,24475,25238,24.5,6641,43072,6409
48824,1969,1026,943,19.1,30,1939,0
48825,10855,5041,5814,19.4,153,10702,0
48827,15999,7671,8328,41.2,3736,12263,2876
48829,3434,1832,1602,41.5,836,2598,611
48831,3307,1730,1577,43.9,644,2663,598
48832,1276,573,703,40.4,291,985,307
48834,2159,1172,987,39,530,1629,326
48835,2580,1278,1302,41.9,620,1960,543
48836,14779,7664,7115,40.3,3368,11411,2025
48837,19913,10035,9878,44.2,4122,15791,3975
48838,18043,8952,9091,38.4,3878,14165,3478
48840,12611,5967,6644,43.1,2093,10518,2615
48841,713,403,310,50.2,78,635,86
48842,21194,10335,10859,39.6,4458,16736,3964
48843,46734,23175,23559,41.2,9735,36999,7748
48845,981,509,472,43.7,190,791,242
48846,22038,13064,8974,39.1,3943,18095,2832
48847,5599,2977,2622,40.5,1171,4428,922
48848,7705,4077,3628,41,1984,5721,1334
48849,5789,3086,2703,37.4,1398,4391,948
48850,4657,2557,2100,38.3,1127,3530,822
48851,2307,1086,1221,42.4,448,1859,538
48852,166,87,79,49.5,30,136,23
48853,740,385,355,36.3,182,558,83
48854,19502,9488,10014,41.3,4170,15332,3489
48855,16367,8329,8038,39.2,3833,12534,2606
48856,879,502,377,42,313,566,116
48857,3489,1715,1774,43,879,2610,562
48858,43036,20783,22253,26.3,6891,36145,4909
48859,2395,959,1436,19.5,49,2346,2
48860,1601,971,630,40.7,451,1150,230
48861,1839,1009,830,46.2,295,1544,495
48862,25,12,13,32.5,8,17,0
48864,23359,11200,12159,37,5539,17820,3536
48865,1918,986,932,42.8,402,1516,281
48866,4357,2148,2209,41,1070,3287,720
48867,27154,13234,13920,42.8,5424,21730,5030
48870,214,113,101,27.5,70,144,4
48871,2232,1059,1173,39.7,547,1685,460
48872,6241,3009,3232,43.2,1213,5028,1149
48873,1402,671,731,33.9,547,855,151
48874,185,94,91,42.1,34,151,26
48875,10899,5566,5333,38.3,2505,8394,1653
48876,4602,2280,2322,34.5,1211,3391,482
48877,1967,987,980,46.7,250,1717,465
48878,1510,710,800,45.3,228,1282,245
48879,18607,9419,9188,42.3,4546,14061,3509
48880,10026,6854,3172,39.6,1341,8685,1442
48881,5521,2846,2675,40.5,1165,4356,996
48883,6692,3246,3446,43.2,1401,5291,1089
48884,5009,2540,2469,39.5,1338,3671,751
48885,1108,556,552,45.9,222,886,258
48886,1621,855,766,50.6,248,1373,401
48888,5792,2976,2816,47.9,1116,4676,1517
48889,1482,706,776,46.1,339,1143,259
48890,1976,1017,959,38.8,514,1462,341
48891,2864,1455,1409,37.1,678,2186,524
48892,4740,2526,2214,42.6,1072,3668,828
48893,5274,2667,2607,45.4,1179,4095,1371
48894,2386,1173,1213,35.2,604,1782,435
48895,11331,5398,5933,47.6,2492,8839,2543
48896,268,174,94,27,31,237,16
48897,1434,750,684,42.1,361,1073,252
48906,25953,12848,13105,35.6,6430,19523,3444
48910,33221,16341,16880,33.1,6513,26708,3966
48911,40755,19019,21736,33.8,10744,30011,5733
48912,16378,8405,7973,32.4,2802,13576,2297
48915,10022,4953,5069,31.9,2353,7669,1194
48917,32379,15785,16594,41.7,4768,27611,6772
48933,3056,1670,1386,29.7,474,2582,302
49001,20087,9994,10093,31.1,4972,15115,2226
49002,19975,9899,10076,36.9,4620,15355,3522
49004,17870,9085,8785,37.5,3932,13938,3114
49006,26730,12942,13788,22.9,3489,23241,2426
49007,10565,5480,5085,27.5,1909,8656,745
49008,16114,7805,8309,32.9,2471,13643,2564
49009,47139,22794,24345,37,11024,36115,8322
49010,18457,9404,9053,39.4,4132,14325,3586
49011,2463,1221,1242,45.2,549,1914,442
49012,3705,1690,2015,38,918,2787,698
49013,5030,2490,2540,37.5,1298,3732,704
49014,21118,11166,9952,42.6,4519,16599,4016
49015,29361,14029,15332,37.6,7390,21971,5067
49017,20179,9956,10223,44.2,4210,15969,4164
49021,6339,3281,3058,38.7,1578,4761,1128
49022,29985,14577,15408,37.3,7982,22003,4695
49024,30539,14725,15814,36.1,6810,23729,4913
49026,1666,818,848,49.4,302,1364,378
49027,284,163,121,33.5,137,147,23
49028,5733,3008,2725,40.6,1380,4353,934
49029,1341,701,640,47.9,272,1069,283
49030,2486,1343,1143,35.1,771,1715,252
49031,8316,4178,4138,48.4,1614,6702,2084
49032,3232,1656,1576,38.9,833,2399,513
49033,1790,819,971,50.5,237,1553,375
49034,2128,1120,1008,40.1,522,1606,387
49036,24990,13061,11929,42.9,5227,19763,5149
49037,20687,10454,10233,35.8,5228,15459,2867
49038,8577,4262,4315,45.3,1873,6704,1735
49040,3436,1694,1742,42.8,732,2704,732
49042,4747,2508,2239,45.4,998,3749,899
49043,2166,1050,1116,36.2,592,1574,415
49045,5434,2928,2506,49,1007,4427,1257
49046,7202,3774,3428,50,1056,6146,1846
49047,14350,7154,7196,41.5,2815,11535,2984
49048,23626,11719,11907,34.6,5301,18325,2994
49050,1428,767,661,48.2,256,1172,325
49051,2970,1605,1365,38.7,769,2201,627
49052,994,514,480,37.8,270,724,164
49053,7559,3870,3689,39.5,1870,5689,1458
49055,6195,3017,3178,48.5,1182,5013,1212
49056,3751,1861,1890,40.6,873,2878,645
49057,6393,3189,3204,34.2,1891,4502,763
49058,19153,9304,9849,41.1,4045,15108,3949
49060,2604,1135,1469,51.6,350,2254,563
49061,1818,864,954,41,475,1343,278
49063,120,78,42,70.4,0,120,120
49064,3744,1794,1950,43.2,717,3027,758
49065,7268,3541,3727,42,1565,5703,1532
49066,645,377,268,47.6,100,545,152
49067,3938,2077,1861,49.2,772,3166,827
49068,15147,7415,7732,44.6,3172,11975,3101
49070,2175,1123,1052,40.4,533,1642,389
49071,11477,5737,5740,38.8,3110,8367,1375
49072,2753,1374,1379,43.3,671,2082,530
49073,5035,2573,2462,43.4,1108,3927,866
49074,223,70,153,73.9,9,214,132
49075,166,51,115,25.2,9,157,20
49076,4112,2246,1866,33.5,707,3405,681
49078,10464,5035,5429,42.5,2060,8404,1646
49079,13469,7031,6438,38.6,3154,10315,2161
49080,15516,7664,7852,43.4,3302,12214,3184
49082,6207,3146,3061,40.2,1544,4663,1189
49083,7780,3882,3898,46.4,1882,5898,1885
49084,13,11,2,56.3,1,12,2
49085,23778,11899,11879,45.1,4628,19150,5591
49087,6168,2967,3201,45.1,1472,4696,1280
49088,3794,1775,2019,42.8,788,3006,743
49089,2100,948,1152,42.2,589,1511,403
49090,13714,6635,7079,49.3,2694,11020,3832
49091,19831,9788,10043,37.9,5067,14764,3450
49092,1945,994,951,43.6,430,1515,411
49093,18445,9296,9149,40.3,4326,14119,3656
49094,3682,1789,1893,40.2,909,2773,585
49095,2357,1246,1111,51.4,456,1901,653
49096,2976,1582,1394,40.1,712,2264,628
49097,11448,5749,5699,40.2,2486,8962,2057
49098,5929,2862,3067,38.7,1405,4524,1235
49099,5724,2916,2808,40.3,1321,4403,950
49101,2897,1462,1435,47.7,556,2341,524
49102,1530,684,846,53.9,265,1265,427
49103,11136,5387,5749,37.4,2114,9022,1811
49104,479,243,236,20.1,7,472,0
49106,5135,2579,2556,44.9,1105,4030,1220
49107,10534,4904,5630,45.4,2037,8497,2235
49111,3397,1902,1495,52.3,706,2691,969
49112,10299,5032,5267,41.8,2486,7813,1906
49113,1732,893,839,43.4,325,1407,434
49115,110,45,65,70.4,0,110,85
49116,111,52,59,66.3,0,111,75
49117,3390,1756,1634,56.7,418,2972,1224
49119,134,44,90,41.5,10,124,9
49120,36792,18209,18583,43,7954,28838,7697
49125,2167,1001,1166,54.4,297,1870,579
49126,1430,734,696,39,314,1116,247
49127,11223,5719,5504,43,2419,8804,2032
49128,3422,1643,1779,50.1,660,2762,788
49129,602,279,323,57.4,78,524,240
49130,1282,636,646,53.6,170,1112,440
49201,49509,28169,21340,42.1,9098,40411,8594
49202,18234,8171,10063,37.3,4177,14057,3307
49203,37004,17969,19035,38.6,8681,28323,6713
49220,2795,1517,1278,39.7,734,2061,622
49221,41209,21427,19782,39.6,8041,33168,7879
49224,13280,6345,6935,31.7,3437,9843,1771
49227,1194,617,577,45.8,266,928,225
49228,5381,2821,2560,40,1265,4116,931
49229,3378,1707,1671,44.9,667,2711,503
49230,10089,5326,4763,54.7,1602,8487,2834
49232,2742,1453,1289,40.8,754,1988,469
49233,2889,1373,1516,49.1,524,2365,749
49234,2580,1417,1163,52.3,442,2138,636
49235,2059,952,1107,44.1,432,1627,412
49236,5036,2523,2513,42.6,1124,3912,741
49237,3080,1608,1472,41.1,788,2292,530
49238,1945,915,1030,33.7,607,1338,266
49240,9379,4970,4409,44.4,1970,7409,1819
49241,1859,914,945,52.1,342,1517,543
49242,14718,7348,7370,39.1,2933,11785,2735
49245,4445,2022,2423,36,1082,3363,763
49246,3786,1914,1872,37.4,1129,2657,603
49247,5427,2820,2607,40.8,1269,4158,1114
49248,883,439,444,45.1,179,704,190
49249,3350,1813,1537,51.1,578,2772,847
49250,5825,2896,2929,41.7,1459,4366,1147
49251,6445,3268,3177,41.3,1487,4958,1085
49252,2475,1347,1128,44.1,563,1912,443
49253,2676,1363,1313,55.4,397,2279,844
49254,3803,1809,1994,39.9,870,2933,547
49255,2124,1081,1043,27.9,767,1357,279
49256,3694,1924,1770,40.8,796,2898,774
49258,10,8,2,27.5,3,7,3
49259,2684,1503,1181,42.3,481,2203,577
49261,278,118,160,28.1,109,169,0
49262,1238,592,646,44.4,238,1000,260
49263,0,0,0,-,0,0,0
49264,1718,947,771,42.6,354,1364,287
49265,5129,2518,2611,50.7,987,4142,1061
49266,3338,1702,1636,52.3,444,2894,854
49267,4024,2260,1764,47.6,806,3218,815
49268,1179,593,586,42.3,259,920,196
49269,5643,2835,2808,38.4,1312,4331,859
49270,5634,2767,2867,47.6,1139,4495,1085
49271,1946,929,1017,41.5,350,1596,415
49272,2502,1227,1275,46.1,509,1993,595
49274,3727,1848,1879,41.1,954,2773,700
49276,873,442,431,48.8,143,730,206
49277,2913,1437,1476,40.4,756,2157,461
49279,889,476,413,49.2,170,719,179
49282,71,24,47,64.2,0,71,24
49283,4398,1850,2548,27.6,720,3678,615
49284,2764,1372,1392,43.3,632,2132,473
49285,6106,3311,2795,49.5,1067,5039,1275
49286,14624,6866,7758,41.3,3441,11183,2889
49287,2099,1116,983,49,264,1835,367
49288,1518,788,730,36.8,445,1073,208
49289,81,41,40,37.3,10,71,7
49301,20092,10135,9957,41.8,5578,14514,2680
49302,9582,5315,4267,37,2986,6596,1032
49303,928,501,427,32.3,220,708,112
49304,4614,2590,2024,48.9,644,3970,1258
49305,2397,1284,1113,51.9,443,1954,671
49306,10847,5772,5075,44.5,2511,8336,2293
49307,18169,8985,9184,30.7,3114,15055,2572
49309,1552,819,733,54.3,199,1353,428
49310,2952,1548,1404,37.3,822,2130,502
49312,160,100,60,50.1,30,130,44
49315,25397,12924,12473,40.5,6957,18440,4117
49316,25291,12327,12964,39.4,6598,18693,3784
49318,1326,748,578,38.7,309,1017,248
49319,18658,9186,9472,41.9,4020,14638,2828
49320,239,127,112,28,15,224,50
49321,15740,7854,7886,37.4,3383,12357,2588
49322,1147,637,510,45.7,224,923,209
49323,10852,5532,5320,36.1,3140,7712,922
49325,2481,1218,1263,32.3,880,1601,295
49326,3767,1866,1901,40.6,900,2867,786
49327,8712,4397,4315,39.2,2042,6670,1492
49328,3962,2024,1938,41.2,963,2999,644
49329,9056,4957,4099,37,1962,7094,879
49330,5681,3100,2581,34.3,1503,4178,641
49331,17522,8870,8652,38.1,4019,13503,2383
49332,3405,1674,1731,53.6,660,2745,932
49333,12928,6722,6206,36.9,3586,9342,1545
49335,140,52,88,18.5,61,79,0
49336,4360,2222,2138,44.5,1077,3283,855
49337,13155,6918,6237,43.1,2753,10402,2572
49338,1586,823,763,34,451,1135,267
49339,2234,1159,1075,42.5,486,1748,319
49340,2382,1181,1201,48.8,441,1941,529
49341,39094,19663,19431,38.7,10513,28581,5560
49342,1508,693,815,45.2,320,1188,304
49343,6062,3134,2928,43,1191,4871,1086
49344,3896,1940,1956,45,817,3079,848
49345,13155,6830,6325,39.5,3127,10028,2037
49346,4984,2505,2479,55.5,934,4050,1656
49347,1546,789,757,43,242,1304,281
49348,13280,6596,6684,38.2,3069,10211,2185
49349,7672,4195,3477,46,1402,6270,1445
49401,28358,13139,15219,21.5,4502,23856,1551
49402,1517,801,716,55.8,235,1282,433
49403,2604,1366,1238,39.2,604,2000,421
49404,8917,4818,4099,34.4,2435,6482,1218
49405,1705,897,808,40.5,398,1307,298
49406,781,373,408,56,78,703,230
49408,10582,5349,5233,43.3,2380,8202,2155
49409,99,69,30,20.7,34,65,0
49410,1837,955,882,42.8,521,1316,379
49411,1572,875,697,54.9,202,1370,488
49412,12180,5910,6270,39.9,3162,9018,2713
49415,6529,3208,3321,44.3,1317,5212,1438
49417,33104,15922,17182,41.5,7575,25529,6500
49418,30419,14755,15664,37.3,6466,23953,4990
49419,8483,4343,4140,38.8,2235,6248,1168
49420,6145,3250,2895,46.4,1237,4908,1316
49421,5823,2797,3026,45.9,1278,4545,1167
49423,46467,22948,23519,35.2,9753,36714,8419
49424,48493,24412,24081,37.8,10863,37630,7390
49425,3510,1966,1544,38.8,854,2656,433
49426,40410,20583,19827,34.7,12320,28090,5208
49428,27793,13458,14335,37.8,7439,20354,5691
49430,50,32,18,62.4,0,50,14
49431,17121,8420,8701,48.4,3282,13839,4756
49434,14,0,14,-,0,14,14
49435,3983,2037,1946,34.7,1050,2933,585
49436,1672,896,776,55.6,258,1414,512
49437,6515,3225,3290,43.1,1583,4932,1353
49440,1297,556,741,38.7,378,919,349
49441,36649,17616,19033,40.6,7690,28959,7732
49442,45137,23696,21441,36.4,9641,35496,6162
49443,67,41,26,34.1,0,67,11
49444,26309,12897,13412,35.6,7106,19203,4325
49445,21611,10888,10723,43.9,4948,16663,4022
49446,2349,1189,1160,43,516,1833,447
49448,4405,2124,2281,39,1090,3315,619
49449,2703,1320,1383,58.1,394,2309,1072
49450,3062,1740,1322,31.5,1163,1899,362
49451,6386,3325,3061,36.2,1725,4661,776
49452,2231,1131,1100,38.2,629,1602,317
49453,2746,1489,1257,51.1,466,2280,739
49454,4783,2326,2457,39.4,1074,3709,748
49455,5149,2603,2546,38.9,1255,3894,969
49456,19568,9650,9918,48.4,3755,15813,5062
49457,11119,5607,5512,41.4,2360,8759,1775
49458,134,61,73,43.8,37,97,18
49459,1647,883,764,36.4,389,1258,229
49460,8987,5029,3958,38.2,2231,6756,1176
49461,9362,4551,4811,44.5,1979,7383,2336
49464,29027,14391,14636,38.1,7642,21385,4459
49503,37471,19198,18273,30.5,6266,31205,3793
49504,40686,20127,20559,32.7,7870,32816,5579
49505,32325,16205,16120,34.6,6846,25479,4978
49506,33877,16820,17057,34.3,7957,25920,4025
49507,39899,18897,21002,29.7,11914,27985,3283
49508,42515,19557,22958,34.5,11440,31075,6551
49509,28549,15019,13530,32.8,7251,21298,2891
49512,19141,9873,9268,32.9,3746,15395,2575
49519,28070,13738,14332,33.3,5970,22100,3457
49525,30509,15135,15374,38.8,6796,23713,5319
49534,23008,11128,11880,38.4,4656,18352,4165
49544,9977,5264,4713,38.5,2027,7950,1503
49546,34308,16392,17916,39.5,7938,26370,7156
49548,34615,17707,16908,33.1,9158,25457,3746
49601,22300,11145,11155,43.1,4926,17374,4603
49611,403,215,188,31.8,105,298,23
49612,1400,716,684,50.7,180,1220,349
49613,570,284,286,63.3,34,536,261
49614,3029,1559,1470,51.4,510,2519,828
49615,3946,2042,1904,60.1,418,3528,1472
49616,2225,1123,1102,50.2,380,1845,489
49617,3166,1603,1563,52.9,471,2695,923
49618,848,462,386,51.8,150,698,209
49619,1031,451,580,51.7,187,844,272
49620,2813,1519,1294,36.8,770,2043,502
49621,3749,1933,1816,43.9,824,2925,966
49622,2439,1235,1204,50.8,504,1935,739
49623,1193,624,569,56.7,149,1044,367
49625,1202,590,612,49.5,268,934,306
49626,202,105,97,56,20,182,79
49627,267,128,139,62.7,26,241,125
49628,225,131,94,43.7,31,194,77
49629,2067,946,1121,59.2,313,1754,800
49630,1472,728,744,61.8,204,1268,623
49631,5520,2802,2718,50.8,1099,4421,1367
49632,1053,577,476,49.6,221,832,323
49633,3208,1682,1526,52.7,472,2736,712
49634,172,62,110,43.6,23,149,42
49635,3328,1654,1674,60.6,445,2883,1338
49636,584,327,257,67.9,34,550,339
49637,3605,1840,1765,37,772,2833,430
49638,954,505,449,45.5,211,743,214
49639,2442,1254,1188,44.5,504,1938,605
49640,1255,625,630,59.1,155,1100,426
49642,1013,545,468,47.5,226,787,248
49643,7483,4026,3457,40.5,1417,6066,1168
49644,1920,1090,830,59.4,128,1792,696
49645,1802,911,891,47.8,372,1430,445
49646,8561,4424,4137,42.1,1648,6913,1766
49648,2572,1227,1345,57.2,362,2210,905
49649,7184,3780,3404,37.1,2085,5099,1092
49650,3459,1716,1743,39.6,820,2639,535
49651,7647,3937,3710,47.1,1447,6200,1748
49653,1672,811,861,57.8,302,1370,549
49654,702,424,278,60.2,58,644,217
49655,3333,1747,1586,41,798,2535,640
49656,1731,945,786,51.8,294,1437,428
49657,3743,1743,2000,37.8,959,2784,676
49659,7131,3558,3573,44.5,1477,5654,1380
49660,14739,7840,6899,49.6,2404,12335,3905
49663,6045,2970,3075,37.2,1600,4445,922
49664,2071,984,1087,54.5,258,1813,672
49665,4108,2102,2006,43.4,940,3168,805
49667,666,335,331,37.7,187,479,153
49668,3370,1735,1635,42.7,809,2561,585
49670,1732,839,893,60.6,218,1514,742
49674,191,75,116,74.5,8,183,136
49675,743,352,391,58.7,106,637,268
49676,3459,1625,1834,50.1,786,2673,964
49677,7351,3637,3714,42.6,1607,5744,1446
49679,1351,741,610,42.3,353,998,297
49680,2170,1172,998,35.5,495,1675,313
49682,4543,2190,2353,55.4,653,3890,1416
49683,2002,1026,976,49.8,343,1659,528
49684,21171,10319,10852,48.8,3667,17504,5733
49685,21120,10812,10308,39.5,4480,16640,3117
49686,25282,12345,12937,46.8,4058,21224,6510
49688,2331,1264,1067,42.3,567,1764,529
49689,1610,864,746,48.1,293,1317,392
49690,6558,3076,3482,44.6,1583,4975,1580
49696,10353,4664,5689,43.6,2219,8134,2066
49701,739,371,368,57.1,86,653,253
49705,911,510,401,42.1,206,705,134
49706,4857,2524,2333,36.9,870,3987,992
49707,22009,10956,11053,48,4021,17988,5376
49709,3361,1721,1640,58,517,2844,1188
49710,330,166,164,56,46,284,105
49712,8250,4099,4151,49.5,1391,6859,2122
49713,2178,1126,1052,43.2,467,1711,391
49715,3424,1743,1681,40.4,698,2726,654
49716,967,475,492,38.9,223,744,204
49717,68,34,34,51.6,25,43,22
49718,703,325,378,41.5,176,527,154
49719,1389,714,675,59.1,213,1176,541
49720,9109,4524,4585,52.1,1544,7565,2579
49721,14034,7033,7001,52.2,2130,11904,4099
49722,45,22,23,76.3,0,45,45
49724,1151,586,565,43.4,216,935,166
49725,592,326,266,63,59,533,280
49726,1001,509,492,60,117,884,415
49727,6731,3492,3239,45.9,1331,5400,1417
49728,368,199,169,58.3,69,299,109
49729,1463,763,700,45.5,259,1204,284
49730,2115,1025,1090,41.9,460,1655,349
49733,1657,808,849,51.1,266,1391,428
49735,20570,10369,10201,44.1,4213,16357,4528
49736,487,292,195,61.2,53,434,152
49738,9567,4871,4696,50.9,1832,7735,2477
49740,7451,3986,3465,54.9,1121,6330,2451
49743,890,436,454,54.9,174,716,276
49744,900,384,516,37.8,181,719,167
49745,950,531,419,51.8,185,765,205
49746,3543,1811,1732,54.8,628,2915,1034
49747,2068,1073,995,52.7,414,1654,588
49748,165,85,80,63.3,19,146,66
49749,4527,2360,2167,58,557,3970,1526
49751,2063,1015,1048,49.4,440,1623,449
49752,1018,742,276,50.9,80,938,234
49753,1766,834,932,54.2,288,1478,529
49755,1753,928,825,50.9,233,1520,439
49756,3805,2050,1755,57.8,404,3401,1282
49757,836,543,293,39.1,98,738,108
49759,1450,737,713,62.7,163,1287,626
49760,694,409,285,54.8,90,604,169
49762,577,265,312,65.5,43,534,298
49764,0,0,0,-,0,0,0
49765,4505,2206,2299,46.7,910,3595,991
49766,2405,1195,1210,46.2,386,2019,568
49768,441,240,201,60.6,57,384,162
49769,1710,891,819,35.8,392,1318,241
49770,17555,8388,9167,44.9,3438,14117,3656
49774,1766,913,853,41.4,440,1326,382
49775,44,15,29,66.5,9,35,23
49776,1504,759,745,50.5,242,1262,427
49777,1899,1064,835,59.8,241,1658,671
49779,4626,2229,2397,53.4,754,3872,1470
49780,1638,890,748,40.9,380,1258,211
49781,3628,1709,1919,49.9,508,3120,905
49782,657,300,357,64.5,99,558,325
49783,18905,9481,9424,38.2,3425,15480,3521
49784,1327,1300,27,40.8,0,1327,28
49788,4309,2522,1787,32.8,971,3338,414
49791,215,116,99,60.8,41,174,95
49793,126,74,52,65.1,2,124,64
49795,1972,1101,871,45.7,414,1558,354
49796,375,216,159,45.4,71,304,91
49799,2126,1134,992,48.7,392,1734,512
49801,11504,5997,5507,47.7,2198,9306,2596
49802,6034,2903,3131,42.5,1309,4725,1418
49805,516,291,225,42.3,114,402,129
49806,621,335,286,54.3,111,510,167
49807,3072,1565,1507,49.6,491,2581,809
49808,414,239,175,64.6,43,371,199
49812,808,404,404,49.5,136,672,171
49814,1198,657,541,41.8,249,949,333
49815,205,95,110,59.4,25,180,76
49816,768,380,388,48,155,613,227
49817,627,317,310,39.1,179,448,135
49818,1225,690,535,44.7,301,924,306
49820,200,106,94,67.4,17,183,108
49821,1292,654,638,46.4,294,998,363
49822,225,139,86,46.8,36,189,79
49825,278,134,144,47.2,76,202,55
49826,256,122,134,17.9,130,126,11
49827,1203,641,562,39.3,366,837,268
49829,16869,8317,8552,47.3,3341,13528,3939
49831,569,332,237,55.2,97,472,187
49833,119,66,53,70.3,0,119,72
49834,583,310,273,34.2,164,419,129
49835,757,405,352,55.8,117,640,251
49836,1051,527,524,51.9,179,872,372
49837,9899,5051,4848,44.4,2251,7648,2116
49838,391,226,165,60.6,25,366,159
49839,309,151,158,68.3,20,289,189
49840,707,371,336,54.6,138,569,215
49841,7093,3544,3549,42.8,1796,5297,1730
49847,1070,555,515,48.5,185,885,258
49848,94,51,43,62.5,14,80,43
49849,12069,5986,6083,39.6,2623,9446,2286
49852,133,67,66,42.5,35,98,41
49853,1100,519,581,63.1,171,929,492
49854,6172,3046,3126,53.5,941,5231,1757
49855,33075,16805,16270,35.3,4416,28659,5976
49858,11911,6146,5765,49.9,1988,9923,3126
49861,561,289,272,57.2,46,515,189
49862,4524,2768,1756,42.5,645,3879,992
49863,186,132,54,44.2,43,143,30
49864,32,22,10,64.5,0,32,13
49866,8233,4360,3873,39.2,1937,6296,1426
49868,4401,2366,2035,42.8,867,3534,928
49870,3510,1783,1727,45.4,666,2844,817
49871,499,239,260,49.6,76,423,72
49872,226,124,102,62.6,21,205,93
49873,99,48,51,57.1,5,94,24
49874,997,483,514,57.5,165,832,327
49876,1262,619,643,52,132,1130,129
49877,10,3,7,74.4,0,10,10
49878,3204,1635,1569,54.5,487,2717,1026
49879,1093,553,540,59.3,145,948,342
49880,1135,656,479,49.7,162,973,328
49881,357,158,199,51.4,72,285,96
49883,173,107,66,50.3,23,150,46
49884,567,292,275,44.6,161,406,121
49885,1820,950,870,46.1,327,1493,409
49886,543,275,268,43.5,110,433,71
49887,2758,1406,1352,45.7,535,2223,750
49891,619,283,336,47.9,146,473,147
49892,2057,1111,946,53,460,1597,601
49893,1361,781,580,52.7,192,1169,336
49894,912,399,513,57.3,133,779,311
49895,873,448,425,58.3,99,774,352
49896,1702,852,850,41.1,423,1279,312
49901,273,133,140,51.2,50,223,71
49902,210,93,117,58.9,9,201,74
49903,194,98,96,71.1,16,178,118
49905,2349,1186,1163,33.3,774,1575,297
49908,3104,1899,1205,38.8,465,2639,491
49910,239,124,115,67.1,9,230,158
49911,2769,1293,1476,49,533,2236,639
49912,859,463,396,58.9,116,743,319
49913,7238,3715,3523,42.7,1630,5608,1417
49915,576,301,275,48.1,117,459,152
49916,2980,1604,1376,43.7,763,2217,583
49917,312,212,100,31.7,120,192,42
49918,100,38,62,61.7,26,74,44
49919,101,60,41,68.7,6,95,62
49920,4207,2221,1986,56.9,710,3497,1467
49921,362,221,141,22.4,95,267,14
49922,888,488,400,31.1,240,648,131
49925,647,335,312,57,63,584,215
49927,390,182,208,47.6,76,314,71
49929,219,124,95,38.8,66,153,20
49930,7266,3812,3454,30.5,1480,5786,1341
49931,10282,6148,4134,22.6,1327,8955,1151
49934,780,457,323,42.6,124,656,205
49935,5943,2936,3007,50.3,1060,4883,1608
49938,7636,3987,3649,51.2,1180,6456,2214
49942,69,54,15,44.6,6,63,9
49945,2816,1461,1355,47.1,469,2347,697
49946,3868,2016,1852,47.6,786,3082,1002
49947,823,484,339,59.4,60,763,287
49948,599,320,279,49.1,127,472,179
49950,981,520,461,63.5,95,886,463
49952,133,69,64,29.9,33,100,25
49953,2274,1165,1109,60.7,167,2107,929
49955,449,309,140,26.9,127,322,63
49958,839,454,385,52.8,143,696,182
49959,347,218,129,39.5,50,297,81
49960,226,83,143,46.1,62,164,45
49961,141,82,59,64.3,28,113,67
49962,219,104,115,64.4,13,206,105
49963,523,298,225,48.9,75,448,119
49965,501,248,253,61.6,49,452,219
49967,356,202,154,63.3,16,340,160
49968,2124,1181,943,47,396,1728,444
49969,1039,537,502,59.4,172,867,417
49970,277,147,130,61.4,22,255,110
49971,415,211,204,62.3,50,365,162
50001,575,304,271,38.6,179,396,47
50002,1505,745,760,44.8,335,1170,227
50003,9263,4698,4565,39.5,2405,6858,1346
50005,859,398,461,48,127,732,243
50006,1586,813,773,42.5,388,1198,259
50007,489,279,210,41.7,124,365,86
50008,771,374,397,46.7,160,611,177
50009,21402,10492,10910,37,5459,15943,3097
50010,33397,17281,16116,29.1,4808,28589,4877
50012,2061,1121,940,19.3,7,2054,0
50013,4349,2165,2184,19.3,22,4327,0
50014,31376,17358,14018,22.9,3967,27409,3007
50020,1281,631,650,55.9,224,1057,414
50021,27375,13251,14124,36.4,6661,20714,3988
50022,8664,4206,4458,43,1954,6710,1860
50023,45195,22747,22448,32.4,12956,32239,4701
50025,2937,1501,1436,48.7,592,2345,713
50026,438,253,185,41.9,127,311,91
50027,288,158,130,36.9,31,257,57
50028,1776,860,916,42.6,383,1393,370
50029,550,286,264,46.4,136,414,163
50031,57,14,43,16.5,30,27,4
50032,702,157,545,22,291,411,152
50033,12,6,6,74.5,0,12,10
50034,437,223,214,44.1,111,326,104
50035,9507,4791,4716,33.3,2988,6519,816
50036,16418,8419,7999,39.8,3460,12958,2833
50038,247,122,125,38.8,82,165,20
50039,547,283,264,49,112,435,87
50040,138,69,69,42.5,30,108,32
50041,98,67,31,40.4,16,82,19
50042,200,108,92,49.7,25,175,46
50044,887,467,420,43.1,229,658,136
50046,1652,804,848,37.9,492,1160,225
50047,6635,3389,3246,34.6,2049,4586,914
50048,776,425,351,39.4,191,585,147
50049,6449,3250,3199,40.4,1497,4952,1371
50050,743,398,345,41.5,209,534,149
50051,277,136,141,57,37,240,97
50052,82,47,35,61.2,11,71,26
50054,3099,1579,1520,36,809,2290,373
50055,1260,653,607,39.1,320,940,128
50056,1190,590,600,39.7,319,871,234
50057,244,141,103,54.6,37,207,4
50058,1869,891,978,41.5,510,1359,382
50060,2444,1135,1309,42.8,596,1848,615
50061,2310,1116,1194,42.8,675,1635,438
50062,859,447,412,31.5,283,576,141
50063,2553,1291,1262,39.4,672,1881,458
50064,129,70,59,63.1,8,121,42
50065,608,329,279,50.6,103,505,160
50066,218,131,87,30.3,22,196,63
50067,265,130,135,24.8,101,164,46
50068,279,142,137,44.2,56,223,55
50069,1009,472,537,35.2,297,712,160
50070,1250,629,621,47.1,252,998,201
50071,889,436,453,41.8,187,702,196
50072,2892,1480,1412,44.8,680,2212,459
50073,959,491,468,56.1,153,806,197
50074,195,109,86,63.5,15,180,94
50075,749,377,372,36.7,185,564,182
50076,1463,695,768,51,306,1157,405
50078,102,43,59,56.5,12,90,35
50101,68,32,36,43.6,22,46,6
50102,127,65,62,34.7,28,99,59
50103,400,198,202,41.6,91,309,47
50104,93,39,54,66.8,9,84,52
50105,1235,604,631,43.3,310,925,186
50106,1182,593,589,42.1,334,848,164
50107,756,376,380,45.5,164,592,129
50108,438,216,222,50.1,75,363,124
50109,3407,1691,1716,37.6,911,2496,368
50110,35,21,14,67.5,7,28,18
50111,15745,8206,7539,35.3,4575,11170,1247
50112,11827,5508,6319,40.1,2320,9507,2441
50115,2782,1334,1448,44.2,629,2153,641
50116,191,95,96,35.7,57,134,36
50117,145,72,73,46.3,35,110,13
50118,782,414,368,37.4,210,572,136
50119,356,173,183,49.3,41,315,77
50120,537,315,222,41.8,154,383,61
50122,1511,721,790,48.3,379,1132,400
50123,858,448,410,52.4,172,686,252
50124,4539,2227,2312,35.3,1460,3079,516
50125,20364,9973,10391,37.1,4738,15626,3516
50126,6402,3340,3062,45.1,1004,5398,1591
50127,0,0,0,-,0,0,0
50128,429,217,212,55.1,107,322,154
50129,5208,2430,2778,46.5,1065,4143,1391
50130,1567,715,852,36.5,455,1112,166
50131,23967,11775,12192,37.1,7170,16797,3719
50132,389,224,165,40.1,57,332,64
50133,459,246,213,54.6,88,371,101
50134,915,527,388,38.5,166,749,143
50135,1658,847,811,39.5,460,1198,288
50136,408,218,190,48.7,88,320,115
50137,90,59,31,39.1,29,61,0
50138,12086,5688,6398,42.3,2620,9466,2624
50139,1003,532,471,50.5,230,773,266
50140,2973,1514,1459,29.3,613,2360,499
50141,499,274,225,53,90,409,165
50142,790,358,432,48.7,147,643,200
50143,546,276,270,52.9,91,455,73
50144,2579,1284,1295,37.7,608,1971,608
50145,116,58,58,55.5,17,99,38
50146,467,241,226,38,138,329,49
50147,338,182,156,51.3,60,278,71
50148,376,192,184,43.6,77,299,57
50149,843,431,412,34.7,219,624,127
50150,885,511,374,37.2,182,703,147
50151,636,298,338,42.8,169,467,106
50152,153,74,79,50.5,38,115,30
50153,852,502,350,51.4,120,732,249
50154,612,322,290,36.3,122,490,76
50155,132,81,51,53.8,19,113,29
50156,4644,2234,2410,46.6,882,3762,1074
50157,705,419,286,34.6,135,570,91
50158,31047,15807,15240,37.3,8063,22984,5433
50160,579,277,302,39.5,127,452,117
50161,2016,965,1051,42.5,466,1550,370
50162,1302,715,587,32.9,406,896,158
50163,663,317,346,42.5,126,537,149
50164,679,383,296,45.7,120,559,165
50165,33,12,21,45.8,6,27,4
50166,2016,1020,996,42.7,330,1686,320
50167,837,449,388,45.1,231,606,167
50168,831,358,473,48.6,150,681,132
50169,3037,1091,1946,37.5,570,2467,474
50170,2874,1477,1397,38.9,648,2226,451
50171,2440,1280,1160,49,412,2028,674
50173,716,340,376,54.4,113,603,183
50174,1431,770,661,32.3,477,954,233
50201,8291,4398,3893,42.2,2038,6253,1448
50206,500,306,194,40.9,108,392,112
50207,2313,1171,1142,42.2,383,1930,377
50208,20339,10901,9438,42.9,4084,16255,4214
50210,1570,861,709,40.5,447,1123,339
50211,15120,7362,7758,38,4037,11083,2123
50212,3053,1517,1536,40.8,677,2376,656
50213,7448,3812,3636,39.1,1841,5607,1469
50214,730,412,318,46.4,203,527,26
50216,2844,1332,1512,49,593,2251,740
50217,500,295,205,46.7,97,403,77
50218,305,181,124,33.9,65,240,40
50219,13940,7186,6754,37.6,3192,10748,2676
50220,9037,4638,4399,40.4,2052,6985,1588
50222,373,181,192,44.8,79,294,75
50223,364,180,184,64.8,54,310,180
50225,3211,1686,1525,39.3,854,2357,316
50226,7144,3814,3330,37.4,1925,5219,836
50227,103,68,35,39,19,84,2
50228,2688,1320,1368,38.1,853,1835,370
50229,1392,666,726,38.8,377,1015,174
50230,916,436,480,54.4,174,742,193
50231,157,73,84,47.5,27,130,33
50232,650,314,336,38.8,148,502,110
50233,1480,772,708,42.2,361,1119,282
50234,482,251,231,45.5,110,372,91
50235,391,203,188,38.5,119,272,33
50236,1768,885,883,44.7,442,1326,288
50237,3085,1526,1559,47.1,588,2497,711
50238,1168,669,499,48.1,284,884,279
50239,139,75,64,34.5,50,89,2
50240,2335,1161,1174,48,368,1967,495
50241,131,57,74,53.7,9,122,39
50242,478,269,209,35.4,120,358,38
50243,382,212,170,36.7,106,276,47
50244,1900,956,944,42.3,424,1476,321
50246,716,359,357,40.5,170,546,93
50247,2411,1150,1261,39.2,623,1788,334
50248,4048,1768,2280,45.1,993,3055,978
50249,1404,673,731,51.4,272,1132,411
50250,2480,1296,1184,43.6,500,1980,600
50251,1478,816,662,42.3,334,1144,317
50252,244,134,110,56.9,31,213,74
50254,288,138,150,40.8,63,225,58
50255,56,29,27,60,2,54,20
50256,519,247,272,41.6,132,387,106
50257,1131,619,512,39.9,256,875,204
50258,831,361,470,51.7,151,680,223
50261,2866,1378,1488,40.4,861,2005,317
50262,174,89,85,48.8,11,163,43
50263,25635,12692,12943,34.4,7466,18169,2703
50264,493,279,214,35.3,141,352,57
50265,33222,16082,17140,37.9,7653,25569,5227
50266,35508,18308,17200,34.7,6873,28635,4614
50268,1101,568,533,37.8,347,754,179
50269,133,63,70,45.9,30,103,20
50271,623,293,330,47.5,104,519,124
50272,139,80,59,42.9,39,100,23
50273,8866,4535,4331,39.3,2299,6567,1743
50274,132,75,57,62,0,132,62
50275,444,209,235,54.5,97,347,121
50276,2248,1271,977,43.1,618,1630,391
50277,484,253,231,36.8,185,299,47
50278,851,466,385,36.5,205,646,158
50309,9307,4749,4558,28.8,257,9050,546
50310,31976,15388,16588,36.1,7161,24815,4293
50311,15869,7909,7960,31.2,2590,13279,1525
50312,15498,8080,7418,40.4,2971,12527,3236
50313,18291,10174,8117,38.1,3948,14343,2293
50314,10086,5072,5014,30.3,2967,7119,885
50315,36355,17461,18894,37,8371,27984,5068
50316,16647,8341,8306,31.2,5065,11582,1720
50317,35466,17739,17727,35.8,9259,26207,4866
50319,0,0,0,-,0,0,0
50320,23709,11440,12269,34.9,6045,17664,2534
50321,7941,3504,4437,34.1,2102,5839,1118
50322,31917,16377,15540,40.1,6965,24952,5338
50323,16511,8092,8419,36.8,5535,10976,1415
50324,5200,2397,2803,41.5,1302,3898,962
50325,18576,9453,9123,37.6,4825,13751,2923
50327,12672,5947,6725,40.3,3528,9144,2444
50401,28909,14445,14464,42.8,5903,23006,6288
50420,403,212,191,37.8,115,288,74
50421,2923,1403,1520,42.1,806,2117,803
50423,2490,1220,1270,47.4,484,2006,655
50424,1532,792,740,54.2,295,1237,378
50426,79,44,35,44.7,12,67,10
50427,137,22,115,39.6,41,96,49
50428,9119,4360,4759,51.3,1679,7440,2383
50430,333,168,165,48.1,71,262,72
50431,206,125,81,37.8,68,138,21
50432,261,163,98,31.5,65,196,49
50433,181,115,66,35,81,100,43
50434,448,269,179,57.3,56,392,78
50435,687,394,293,45,147,540,119
50436,5879,3008,2871,35.3,1430,4449,918
50438,3989,1990,1999,47.5,806,3183,1076
50439,340,166,174,37.2,112,228,44
50440,340,172,168,39.1,55,285,62
50441,5321,2633,2688,47,1262,4059,1242
50444,333,154,179,47.4,67,266,72
50446,522,249,273,42.7,130,392,118
50447,1261,650,611,31.4,312,949,201
50448,630,318,312,58.7,93,537,161
50449,886,482,404,37.3,201,685,107
50450,2839,1388,1451,45.8,571,2268,726
50451,414,240,174,45,91,323,122
50452,971,506,465,34.5,276,695,169
50453,535,213,322,52.4,115,420,126
50454,82,43,39,58.1,19,63,0
50455,359,231,128,45.7,91,268,81
50456,1783,937,846,40.7,417,1366,301
50457,463,244,219,35.3,151,312,95
50458,2297,1104,1193,41.5,668,1629,521
50459,3046,1578,1468,43,629,2417,678
50460,713,353,360,24.7,242,471,87
50461,5068,2465,2603,46,995,4073,1141
50464,512,268,244,45,121,391,134
50465,187,95,92,47.4,47,140,37
50466,2042,1108,934,34.7,637,1405,425
50467,103,41,62,38.5,22,81,20
50468,1553,820,733,41.7,336,1217,286
50469,1647,898,749,41.9,460,1187,367
50470,223,129,94,44.5,52,171,60
50471,680,299,381,37.6,187,493,134
50472,2506,1273,1233,44.9,586,1920,559
50473,171,101,70,42.7,43,128,35
50475,1563,736,827,38.8,375,1188,290
50476,702,382,320,38.2,179,523,203
50477,215,135,80,38.6,53,162,37
50478,788,459,329,55.7,138,650,261
50479,736,361,375,29.5,224,512,127
50480,905,489,416,46,209,696,174
50482,692,354,338,53.2,106,586,143
50483,765,442,323,45.7,168,597,170
50484,313,144,169,47.8,64,249,60
50501,28530,14971,13559,38.8,5931,22599,5537
50510,994,538,456,47.3,161,833,259
50511,7041,3366,3675,46.5,1390,5651,1815
50514,1089,494,595,55.1,202,887,409
50515,271,136,135,33.1,80,191,33
50516,708,346,362,43.6,150,558,171
50517,909,444,465,49.5,194,715,273
50518,350,220,130,27.4,138,212,21
50519,678,388,290,43,151,527,171
50520,177,99,78,49.9,42,135,31
50521,17,17,0,-,0,17,0
50522,922,457,465,38.3,245,677,219
50523,667,357,310,38.5,152,515,93
50524,523,272,251,44.6,142,381,109
50525,3404,1610,1794,51.4,599,2805,960
50527,106,64,42,61.4,5,101,33
50528,344,196,148,33,116,228,50
50529,966,501,465,38.9,292,674,107
50530,1230,587,643,43.7,282,948,278
50531,232,123,109,59.4,17,215,93
50532,877,445,432,39.9,162,715,124
50533,3931,2174,1757,35.7,1145,2786,597
50535,990,602,388,47.2,212,778,211
50536,4304,2238,2066,41.8,918,3386,1013
50538,562,301,261,40.4,155,407,110
50539,453,254,199,44.5,71,382,116
50540,1217,571,646,30.9,351,866,171
50541,979,452,527,37.2,273,706,150
50542,949,510,439,46.1,143,806,231
50543,1243,619,624,48.2,245,998,303
50544,537,259,278,27.6,137,400,98
50545,150,59,91,58.2,35,115,22
50546,339,212,127,50.3,75,264,66
50548,5591,2811,2780,41.9,1274,4317,1396
50551,45,34,11,65.9,2,43,27
50552,75,37,38,49.8,17,58,19
50554,1674,853,821,46.3,322,1352,387
50556,110,58,52,64.5,6,104,53
50557,763,432,331,46.5,197,566,169
50558,742,376,366,29.5,245,497,60
50559,283,193,90,65.5,4,279,154
50560,709,416,293,32.3,248,461,89
50561,592,309,283,34,124,468,51
50562,394,186,208,49.5,63,331,121
50563,2468,1189,1279,45.9,520,1948,654
50565,381,184,197,42.8,90,291,71
50566,454,252,202,41.6,82,372,79
50567,206,117,89,59,46,160,67
50568,1583,872,711,35.1,535,1048,237
50569,650,328,322,56.5,94,556,169
50570,152,85,67,52,35,117,33
50571,254,116,138,60.1,31,223,100
50573,68,36,32,24,25,43,14
50574,2160,975,1185,51.8,418,1742,552
50575,649,316,333,56,140,509,231
50576,251,111,140,57,29,222,71
50577,383,201,182,51.4,50,333,62
50578,687,354,333,36.3,153,534,104
50579,3153,1822,1331,38.9,661,2492,557
50581,764,441,323,42.2,197,567,173
50582,178,73,105,52.8,28,150,40
50583,2387,1130,1257,49.4,397,1990,659
50585,1207,612,595,42.3,354,853,279
50586,235,133,102,46.1,54,181,58
50588,13263,6697,6566,32,3475,9788,2011
50590,870,427,443,40.8,221,649,172
50591,309,160,149,44.9,55,254,89
50592,141,98,43,9.5,72,69,8
50593,32,20,12,60.3,2,30,14
50594,201,132,69,51.5,15,186,38
50595,8823,4696,4127,41.6,1939,6884,1999
50597,1312,610,702,34.3,390,922,283
50598,888,449,439,40.9,225,663,163
50599,470,269,201,47.2,112,358,89
50601,2468,1166,1302,43.3,504,1964,554
50602,1382,719,663,46.7,246,1136,375
50603,342,188,154,50,40,302,111
50604,1618,837,781,39,396,1222,339
50605,139,73,66,69.6,8,131,76
50606,880,421,459,41.8,231,649,181
50607,417,182,235,41.8,124,293,86
50608,43,14,29,69.8,0,43,32
50609,381,195,186,48.4,44,337,54
50611,364,154,210,43.5,96,268,63
50612,365,229,136,35.4,139,226,13
50613,43732,20745,22987,28.9,7951,35781,6970
50616,9544,4750,4794,46.2,1984,7560,2270
50619,2099,1060,1039,43.1,425,1674,400
50620,55,30,25,35.1,12,43,4
50621,1641,783,858,49.8,328,1313,496
50622,3179,1608,1571,37,875,2304,532
50623,150,66,84,59.6,9,141,48
50624,1694,916,778,38.8,473,1221,275
50625,1005,458,547,36.9,268,737,242
50626,1560,695,865,42.8,332,1228,287
50627,3263,1731,1532,42.2,674,2589,667
50628,1183,527,656,49.1,229,954,347
50629,2374,1230,1144,37.3,738,1636,289
50630,1568,804,764,41.3,368,1200,401
50631,250,131,119,40.7,56,194,36
50632,1296,616,680,50.2,235,1061,286
50633,344,217,127,45.8,35,309,38
50634,770,365,405,42.8,158,612,194
50635,1344,694,650,49.4,254,1090,343
50636,2038,1013,1025,53.1,341,1697,626
50638,3330,1532,1798,37.5,854,2476,609
50641,1446,758,688,39.2,436,1010,211
50642,498,288,210,41.8,110,388,99
50643,3063,1721,1342,41.4,835,2228,507
50644,8705,4214,4491,42.5,1894,6811,1886
50645,1391,769,622,51.5,291,1100,339
50647,2032,1065,967,41.4,543,1489,308
50648,4044,2147,1897,36.7,1012,3032,625
50649,16,5,11,69.4,0,16,10
50650,693,353,340,35.9,187,506,127
50651,3608,1852,1756,37,972,2636,679
50652,118,73,45,54,27,91,24
50653,504,332,172,44.5,119,385,122
50654,328,143,185,56.7,54,274,105
50655,760,364,396,45,172,588,131
50657,122,64,58,54.2,25,97,19
50658,2427,1285,1142,39.4,583,1844,469
50659,5986,3020,2966,43,1590,4396,1100
50660,1234,680,554,39.5,325,909,203
50662,6499,3307,3192,46.3,1214,5285,1554
50664,131,85,46,56.2,4,127,29
50665,2677,1385,1292,45.2,678,1999,512
50666,720,340,380,54.3,129,591,271
50667,810,384,426,46.2,189,621,179
50668,1159,608,551,37,341,818,217
50669,2358,1116,1242,45,514,1844,468
50670,2378,1141,1237,42.8,581,1797,546
50671,179,89,90,41.5,26,153,25
50672,420,187,233,48,79,341,82
50673,245,117,128,37.5,77,168,20
50674,3539,1806,1733,44,786,2753,777
50675,2316,1055,1261,43.3,490,1826,545
50676,2095,1051,1044,39.9,484,1611,336
50677,12746,6311,6435,36.9,2643,10103,2459
50680,1124,527,597,53.2,214,910,355
50681,447,217,230,37.4,117,330,74
50682,1649,910,739,42,450,1199,292
50701,30128,14925,15203,37.6,6762,23366,5773
50702,20818,10545,10273,36.1,5031,15787,3247
50703,18587,9327,9260,37.2,4579,14008,2917
50707,7307,3716,3591,43.2,1525,5782,1406
50801,8957,4274,4683,39.7,2028,6929,1838
50830,1969,977,992,37.9,482,1487,430
50831,29,13,16,58.8,4,25,8
50833,2139,1078,1061,44.2,495,1644,486
50835,61,39,22,45.2,2,59,12
50836,308,150,158,51.4,54,254,79
50837,342,187,155,53.7,85,257,58
50839,59,29,30,62.8,14,45,29
50840,617,370,247,44.3,139,478,212
50841,2379,1178,1201,43.4,482,1897,625
50842,73,35,38,62.5,14,59,30
50843,487,300,187,40.4,141,346,97
50845,814,387,427,43.6,206,608,220
50846,1149,581,568,37.9,248,901,211
50847,64,35,29,50.8,8,56,13
50848,289,135,154,39.9,69,220,28
50849,2395,1229,1166,46.8,553,1842,597
50851,2238,1101,1137,41.9,580,1658,374
50853,693,331,362,43.9,151,542,173
50854,2414,1181,1233,38.7,626,1788,520
50857,161,96,65,59.6,16,145,60
50858,796,402,394,45.5,180,616,202
50859,823,420,403,47.3,154,669,113
50860,156,83,73,61,30,126,46
50861,309,176,133,42.9,84,225,46
50862,99,47,52,54.7,11,88,12
50863,194,77,117,55,27,167,47
50864,1745,868,877,48.5,368,1377,463
51001,2370,1120,1250,41.3,598,1772,499
51002,2819,1424,1395,36.9,803,2016,365
51003,1761,859,902,35,421,1340,291
51004,863,404,459,46.4,165,698,217
51005,1486,704,782,51.9,297,1189,389
51006,1201,578,623,42.7,359,842,281
51007,569,312,257,41.9,131,438,67
51008,168,76,92,38.3,56,112,34
51009,166,74,92,31,65,101,35
51010,411,189,222,60,53,358,114
51011,77,33,44,40.5,22,55,4
51012,6518,3292,3226,43.2,1616,4902,1463
51014,534,262,272,51.6,85,449,142
51015,71,20,51,54.3,0,71,24
51016,1118,619,499,39.5,365,753,250
51018,613,383,230,39.6,146,467,138
51019,566,287,279,41.8,187,379,98
51020,574,298,276,28.8,178,396,77
51022,993,558,435,50.3,264,729,286
51023,3469,1854,1615,34.6,1166,2303,528
51024,2125,1039,1086,47,403,1722,387
51025,1958,966,992,41.5,435,1523,454
51026,1057,557,500,45,196,861,209
51027,1421,708,713,34.9,530,891,169
51028,2027,1108,919,41.8,467,1560,444
51029,280,130,150,55.6,35,245,71
51030,1586,780,806,48.2,341,1245,379
51031,12595,6362,6233,39.5,3210,9385,2200
51033,460,227,233,52.2,103,357,133
51034,1653,696,957,47.4,385,1268,376
51035,1577,817,760,42.9,315,1262,391
51036,676,348,328,53,124,552,149
51037,293,153,140,55.6,70,223,64
51038,1763,967,796,36.8,505,1258,210
51039,2648,1358,1290,44,582,2066,671
51040,3422,1673,1749,38,759,2663,727
51041,7016,3491,3525,33.6,1535,5481,1188
51044,216,97,119,72.7,15,201,145
51045,113,74,39,28.9,30,83,13
51046,1432,753,679,48.7,265,1167,285
51047,690,369,321,47.8,135,555,126
51048,525,273,252,32.2,159,366,75
51049,502,299,203,44.4,92,410,129
51050,3043,1453,1590,39.8,833,2210,566
51051,62,40,22,44.7,21,41,9
51052,1001,564,437,49.2,179,822,320
51053,1129,629,500,40.8,259,870,172
51054,5416,2738,2678,35.8,1588,3828,669
51055,1271,598,673,41.9,326,945,241
51056,464,241,223,52.9,68,396,161
51058,982,418,564,50,201,781,288
51060,557,255,302,54.9,78,479,224
51061,330,159,171,58.5,35,295,148
51062,356,236,120,61.2,49,307,87
51063,1144,538,606,52.3,235,909,340
51101,1070,584,486,32.2,44,1026,109
51103,17005,8229,8776,35,4728,12277,2583
51104,22759,11643,11116,34.8,5746,17013,3365
51105,11214,5610,5604,30.5,3668,7546,733
51106,27652,13644,14008,37.5,6053,21599,4782
51108,5555,2907,2648,38.8,1656,3899,799
51109,3619,1802,1817,43.5,888,2731,724
51111,124,53,71,6,65,59,15
51201,6278,3170,3108,38.5,1373,4905,1108
51230,578,320,258,41.8,181,397,143
51231,621,360,261,30.2,296,325,61
51232,774,360,414,47.7,162,612,180
51234,1179,640,539,36.4,326,853,149
51235,1012,511,501,29.9,353,659,140
51237,1700,858,842,49.7,351,1349,452
51238,1401,697,704,31.4,476,925,267
51239,3115,1566,1549,36.1,895,2220,411
51240,1629,745,884,38,423,1206,378
51241,2237,1174,1063,36.3,597,1640,345
51242,343,170,173,37.6,84,259,66
51243,663,357,306,35.9,171,492,137
51244,147,65,82,52.8,29,118,20
51245,1096,588,508,40.9,261,835,227
51246,4007,2068,1939,38.2,1285,2722,669
51247,4887,2418,2469,38.7,1200,3687,920
51248,1712,822,890,43.6,430,1282,465
51249,3388,1765,1623,42.3,772,2616,767
51250,9667,4919,4748,31.4,2664,7003,1468
51301,12326,5838,6488,41.5,2827,9499,2695
51331,1017,465,552,61.6,71,946,373
51333,394,211,183,52.5,69,325,91
51334,6992,3483,3509,42.4,1333,5659,1488
51338,933,494,439,42.2,227,706,214
51340,93,44,49,54.8,5,88,24
51341,39,22,17,62.5,8,31,13
51342,1315,690,625,42.1,323,992,208
51343,284,189,95,22.7,120,164,34
51345,418,245,173,55.9,103,315,61
51346,2201,1065,1136,42.3,468,1733,503
51347,1621,838,783,40.2,351,1270,388
51350,443,275,168,40.1,147,296,91
51351,4812,2452,2360,46.4,1075,3737,1205
51354,1090,541,549,51.9,188,902,252
51355,877,381,496,63.1,98,779,379
51357,744,364,380,31.7,186,558,137
51358,1259,638,621,47.6,278,981,332
51360,8533,4247,4286,48.1,1548,6985,2261
51363,143,62,81,48.4,37,106,40
51364,708,420,288,47.7,182,526,103
51365,423,178,245,42.4,134,289,78
51366,303,164,139,56.1,52,251,78
51401,12174,5838,6336,43.6,2801,9373,2742
51430,1273,754,519,22.9,391,882,126
51431,463,246,217,47.5,75,388,142
51432,35,15,20,66.5,3,32,19
51433,606,266,340,32.8,180,426,62
51436,980,610,370,29.9,313,667,99
51439,771,420,351,56.4,126,645,273
51440,287,154,133,32.1,87,200,37
51441,457,221,236,27.8,191,266,69
51442,9648,4598,5050,34.7,2550,7098,1422
51443,1377,725,652,47.6,297,1080,275
51444,338,177,161,29.6,116,222,21
51445,2526,1244,1282,45.6,556,1970,519
51446,483,271,212,50.8,98,385,119
51447,152,79,73,60,5,147,43
51448,620,320,300,53.5,141,479,202
51449,2020,999,1021,49.9,395,1625,564
51450,1448,679,769,53.9,280,1168,448
51451,58,32,26,59.3,5,53,21
51452,171,94,77,41.1,41,130,30
51453,537,266,271,47.9,125,412,141
51454,1409,767,642,38.4,384,1025,248
51455,2241,1169,1072,42.6,485,1756,499
51458,1167,588,579,46.9,289,878,297
51459,65,27,38,30.9,16,49,12
51460,59,38,21,61.4,6,53,23
51461,1187,634,553,37.2,287,900,165
51462,949,514,435,44.2,220,729,241
51463,484,241,243,58.1,67,417,122
51465,723,331,392,43.1,190,533,118
51466,1286,631,655,42.9,368,918,346
51467,531,302,229,47.1,137,394,113
51501,35400,17546,17854,38,7976,27424,5385
51503,37081,18399,18682,40.8,8619,28462,7147
51510,3780,2054,1726,38,1032,2748,589
51520,218,104,114,60.5,57,161,94
51521,1857,854,1003,41.4,427,1430,464
51523,370,174,196,42.5,106,264,90
51525,1003,520,483,46.4,214,789,259
51526,1560,852,708,50,223,1337,397
51527,395,209,186,59.1,74,321,123
51528,642,319,323,47.5,110,532,164
51529,1992,1081,911,48.6,381,1611,494
51530,629,273,356,52.5,112,517,192
51531,784,348,436,43.3,199,585,220
51532,685,339,346,39.1,165,520,126
51533,843,414,429,47.8,155,688,189
51534,9435,4416,5019,41.4,2317,7118,1905
51535,1730,943,787,48.4,397,1333,422
51536,418,217,201,52.6,67,351,112
51537,6852,3378,3474,43.7,1521,5331,1502
51540,304,175,129,62.4,53,251,116
51541,491,254,237,27.8,225,266,69
51542,950,485,465,54.9,166,784,220
51543,390,189,201,48.5,110,280,92
51544,741,371,370,44.2,214,527,167
51545,271,135,136,43.3,82,189,81
51546,3067,1523,1544,38.6,849,2218,565
51548,509,221,288,40.8,137,372,123
51549,394,205,189,36.4,93,301,69
51550,137,78,59,53.3,25,112,28
51551,1619,851,768,43.8,294,1325,291
51552,204,129,75,54,18,186,18
51553,1100,634,466,37,276,824,182
51554,88,42,46,23.8,0,88,18
51555,4858,2289,2569,42.1,1046,3812,877
51556,359,207,152,52.6,37,322,62
51557,834,447,387,45,194,640,129
51558,724,424,300,39,190,534,103
51559,2000,1009,991,35.6,550,1450,248
51560,2035,1077,958,37.6,531,1504,369
51561,823,541,282,51.6,158,665,124
51562,486,177,309,46.5,135,351,105
51563,737,372,365,43.8,201,536,172
51564,479,274,205,38.7,100,379,70
51565,530,225,305,48.8,120,410,157
51566,6764,3218,3546,43.2,1485,5279,1468
51570,974,441,533,35.5,173,801,169
51571,750,390,360,38,239,511,105
51572,464,245,219,42.4,107,357,107
51573,1099,566,533,47.3,283,816,224
51575,1663,851,812,45.4,426,1237,373
51576,1960,950,1010,38.5,540,1420,300
51577,1326,647,679,59.9,193,1133,546
51578,142,58,84,58.1,16,126,41
51579,2116,1125,991,36.8,613,1503,403
51601,5560,2785,2775,42,1154,4406,1469
51630,149,78,71,56.4,13,136,28
51631,338,177,161,52.8,49,289,107
51632,6753,3782,2971,43.5,1264,5489,1489
51636,456,199,257,53.8,49,407,89
51637,215,110,105,47.2,52,163,38
51638,1350,675,675,51,202,1148,322
51639,737,382,355,44.3,128,609,131
51640,1503,789,714,43.2,359,1144,281
51645,247,137,110,49.8,17,230,45
51646,780,375,405,43,190,590,162
51647,233,83,150,38.4,53,180,62
51648,271,179,92,49.4,68,203,66
51649,417,200,217,48.5,120,297,89
51650,284,153,131,50.3,39,245,55
51651,138,69,69,52.1,30,108,28
51652,1494,701,793,45.7,318,1176,399
51653,1501,720,781,45.3,363,1138,316
51654,318,151,167,48.5,85,233,42
51656,35,22,13,35.2,9,26,6
52001,42895,21115,21780,36.8,7941,34954,7956
52002,17871,8701,9170,39.5,4638,13233,3459
52003,13820,6497,7323,42,3268,10552,2801
52030,403,201,202,39.8,87,316,50
52031,5442,2736,2706,43.1,1458,3984,1161
52032,1407,727,680,38.9,271,1136,233
52033,3417,1765,1652,33.3,1047,2370,634
52035,1255,587,668,45.4,284,971,274
52036,139,67,72,55.3,24,115,32
52037,943,462,481,42.7,212,731,242
52038,529,224,305,37.8,152,377,87
52039,908,420,488,56.2,129,779,208
52040,5644,2938,2706,46.3,1282,4362,1043
52041,1901,983,918,36.7,613,1288,257
52042,1663,782,881,35.7,387,1276,336
52043,1860,916,944,48.2,370,1490,491
52044,297,169,128,49.2,96,201,21
52045,2950,1570,1380,33.3,868,2082,382
52046,2663,1261,1402,37.9,743,1920,412
52047,801,366,435,27,312,489,98
52048,307,181,126,31.1,107,200,44
52049,1132,613,519,43.9,224,908,339
52050,433,213,220,37.6,100,333,74
52052,2890,1311,1579,55.3,498,2392,780
52053,1317,696,621,34.5,281,1036,288
52054,749,408,341,53.2,120,629,176
52056,222,121,101,43,64,158,63
52057,8082,4247,3835,45.3,1827,6255,1773
52060,7974,4066,3908,44.2,1762,6212,1742
52064,791,406,385,44.2,148,643,131
52065,824,399,425,38,261,563,128
52066,92,48,44,50,19,73,16
52068,4483,2441,2042,40.1,1357,3126,551
52069,1532,741,791,34.7,334,1198,263
52070,1209,647,562,50.1,206,1003,350
52071,128,73,55,62.7,4,124,54
52072,792,523,269,62.2,67,725,293
52073,1496,790,706,46.3,341,1155,229
52074,322,186,136,37.3,82,240,37
52075,128,57,71,54.3,26,102,45
52076,2150,1057,1093,39.6,468,1682,498
52077,287,151,136,50.1,60,227,63
52078,801,441,360,41.7,204,597,112
52079,685,387,298,52.3,120,565,186
52101,12962,6325,6637,40.9,2229,10733,3108
52132,1845,972,873,37.1,417,1428,217
52133,627,272,355,57,97,530,110
52134,305,130,175,28.7,61,244,50
52135,651,290,361,52.6,117,534,165
52136,5917,3048,2869,42.4,1332,4585,1217
52140,453,278,175,42.3,106,347,104
52141,1190,576,614,51.1,249,941,390
52142,1790,980,810,30.9,285,1505,362
52144,1031,532,499,48.7,204,827,187
52146,866,469,397,58.9,121,745,334
52147,978,486,492,47.2,218,760,242
52151,1869,903,966,52,393,1476,632
52154,664,333,331,42.3,145,519,166
52155,1309,639,670,37.7,443,866,250
52156,681,367,314,32.1,240,441,60
52157,1457,766,691,55.5,209,1248,438
52158,298,121,177,55.5,31,267,68
52159,2412,1177,1235,43.1,541,1871,584
52160,994,536,458,47.2,166,828,153
52161,1396,802,594,42.2,335,1061,295
52162,3548,1804,1744,34,1067,2481,685
52163,342,165,177,35.3,117,225,68
52164,308,146,162,40.6,64,244,73
52165,1094,624,470,39.2,315,779,201
52166,138,66,72,38.2,45,93,13
52168,350,174,176,47.3,70,280,105
52169,418,224,194,55.4,59,359,140
52170,504,288,216,59.1,45,459,152
52171,1053,494,559,45.7,216,837,209
52172,5982,2962,3020,42,1392,4590,1310
52175,3528,1782,1746,38.3,857,2671,718
52201,1508,882,626,41.4,342,1166,245
52202,1267,621,646,38.4,346,921,199
52203,2300,1261,1039,43.5,506,1794,375
52205,8537,4595,3942,45,1572,6965,1743
52206,2668,1378,1290,39.3,757,1911,319
52207,278,129,149,61,41,237,93
52208,2992,1654,1338,46.6,561,2431,637
52209,1049,544,505,38.5,248,801,173
52210,946,424,522,33.2,384,562,91
52211,2638,1426,1212,38.4,514,2124,534
52212,446,257,189,51.2,59,387,186
52213,3869,1946,1923,42.1,902,2967,635
52214,2790,1301,1489,45.9,588,2202,585
52215,986,502,484,35.3,327,659,148
52216,1467,654,813,48.6,292,1175,326
52217,590,368,222,33.3,169,421,119
52218,1709,933,776,37.4,486,1223,284
52219,180,86,94,37,48,132,23
52220,119,67,52,51,0,119,23
52221,359,206,153,28,116,243,59
52222,731,363,368,43.8,181,550,166
52223,1162,597,565,55.6,108,1054,272
52224,2016,1078,938,43.4,479,1537,386
52225,424,247,177,64.3,45,379,192
52227,2825,1494,1331,38.9,667,2158,437
52228,3656,1869,1787,38.9,1050,2606,372
52229,849,394,455,40.3,173,676,170
52231,439,256,183,39.6,151,288,106
52232,306,133,173,28.1,96,210,14
52233,7025,3480,3545,33.9,1696,5329,1137
52235,889,434,455,40.8,148,741,204
52236,512,239,273,49.8,142,370,188
52237,1623,831,792,28,552,1071,178
52240,36475,17429,19046,26.7,6119,30356,4086
52241,22494,11516,10978,32.6,4559,17935,2922
52242,4140,1723,2417,19.2,29,4111,20
52245,22088,11606,10482,31.7,3134,18954,3774
52246,22340,11057,11283,28.1,4105,18235,2560
52247,5222,2704,2518,35.7,1292,3930,982
52248,1655,843,812,50.6,300,1355,494
52249,960,519,441,42.1,215,745,231
52251,551,359,192,39.5,168,383,110
52252,126,67,59,31.3,39,87,0
52253,2764,1357,1407,41.4,772,1992,557
52254,906,447,459,34.8,185,721,186
52255,1166,566,600,41.3,255,911,237
52257,241,153,88,50.8,48,193,61
52301,4099,1953,2146,42.7,896,3203,874
52302,42803,20663,22140,39.8,10551,32252,7673
52305,869,417,452,37.1,260,609,172
52306,1300,658,642,50.9,187,1113,354
52307,48,9,39,29.8,0,48,8
52308,155,85,70,57.7,28,127,49
52309,556,333,223,58.3,87,469,181
52310,6286,3173,3113,45.4,1338,4948,1349
52312,49,19,30,55.6,4,45,7
52313,405,203,202,58.1,76,329,58
52314,6011,2868,3143,30.4,1655,4356,692
52315,1297,665,632,37,374,923,264
52316,1298,594,704,41.6,359,939,311
52317,22119,11415,10704,32.9,6126,15993,1863
52318,1045,596,449,51.5,191,854,206
52320,1290,692,598,37.4,252,1038,182
52321,458,262,196,39.5,121,337,127
52322,1913,915,998,32.4,588,1325,238
52323,1087,632,455,48.1,188,899,229
52324,2139,1152,987,37.5,556,1583,314
52325,460,245,215,55.6,92,368,110
52326,727,340,387,37.3,211,516,120
52327,3691,1869,1822,44,829,2862,827
52328,2962,1486,1476,43.9,798,2164,478
52329,757,413,344,54.9,97,660,206
52330,943,472,471,34.5,284,659,78
52332,1819,889,930,43.3,342,1477,315
52333,7237,3378,3859,45.5,1561,5676,1357
52334,259,124,135,41.9,62,197,9
52335,604,326,278,34.4,201,403,140
52336,2442,1189,1253,45.8,528,1914,434
52337,803,412,391,44.4,174,629,152
52338,3886,2022,1864,44.2,992,2894,691
52339,4120,2109,2011,34.6,1214,2906,762
52340,5192,2468,2724,32.4,1453,3739,495
52341,1154,579,575,42,378,776,165
52342,2875,1415,1460,45.4,575,2300,583
52344,100,72,28,48,10,90,26
52345,1578,783,795,32.4,470,1108,155
52346,1119,509,610,31,353,766,187
52347,1367,673,694,46.9,366,1001,253
52348,79,37,42,43.6,11,68,20
52349,7665,3604,4061,46.3,1711,5954,1684
52351,1434,754,680,37.9,361,1073,144
52352,1775,873,902,40.7,481,1294,311
52353,8930,4154,4776,38.7,2218,6712,1800
52354,243,114,129,58.4,12,231,73
52355,289,149,140,39.4,83,206,50
52356,2577,1287,1290,47.7,574,2003,609
52358,4096,2064,2032,36.8,955,3141,596
52359,422,216,206,38.5,145,277,62
52361,4784,2462,2322,40.8,1070,3714,721
52362,882,382,500,42.9,185,697,147
52401,2172,1225,947,35.2,153,2019,213
52402,42648,20929,21719,36.2,8615,34033,6582
52403,24191,12440,11751,42.7,5273,18918,5331
52404,41433,20392,21041,33.9,10145,31288,5529
52405,26259,13013,13246,41,5026,21233,5183
52411,8242,4304,3938,49.9,1771,6471,1270
52501,30535,15417,15118,38.5,7174,23361,5199
52530,887,417,470,52.8,185,702,240
52531,5856,2801,3055,39.9,1482,4374,1141
52533,1058,531,527,42.2,209,849,140
52534,420,227,193,39.3,105,315,54
52535,859,431,428,52.3,164,695,225
52536,701,329,372,59.9,60,641,280
52537,6766,3435,3331,38,1876,4890,1323
52540,1230,599,631,47.7,301,929,238
52542,436,230,206,47.2,102,334,102
52543,420,224,196,31.2,163,257,12
52544,7873,3842,4031,45.7,1691,6182,1967
52548,67,36,31,41.5,4,63,15
52549,623,329,294,37.3,211,412,101
52550,640,390,250,39.2,155,485,108
52551,648,293,355,44.3,133,515,158
52552,1012,497,515,34.1,284,728,189
52553,1856,938,918,43.3,445,1411,403
52554,1057,536,521,55.3,176,881,352
52555,199,114,85,42.1,50,149,63
52556,11647,6116,5531,45.9,1897,9750,3209
52557,587,511,76,26.9,0,587,0
52560,275,175,100,52,35,240,65
52561,1054,549,505,30.7,338,716,117
52562,68,31,37,66.5,4,64,35
52563,1770,876,894,36.5,547,1223,261
52565,1920,975,945,50.5,315,1605,544
52566,262,148,114,41.1,54,208,23
52567,449,242,207,59.8,60,389,149
52568,84,40,44,48,11,73,22
52569,630,357,273,61.6,51,579,245
52570,1012,594,418,30.3,367,645,186
52571,1430,681,749,46.9,318,1112,268
52572,1051,532,519,35.1,284,767,177
52573,201,70,131,36.6,32,169,44
52574,553,317,236,48.2,117,436,126
52576,402,197,205,45,112,290,44
52577,14437,7251,7186,38.5,3459,10978,2907
52580,726,290,436,51.7,144,582,221
52581,275,142,133,44.1,43,232,41
52583,447,248,199,45.1,90,357,74
52584,846,439,407,21.5,348,498,51
52585,795,329,466,41.6,190,605,106
52586,619,320,299,56,125,494,134
52588,58,38,20,63.6,0,58,21
52590,1305,725,580,28.7,487,818,188
52591,2674,1364,1310,44.7,445,2229,691
52593,145,84,61,49.3,13,132,21
52594,588,329,259,35.7,235,353,98
52595,539,292,247,35.1,183,356,35
52601,27592,13382,14210,43.5,6065,21527,6023
52619,573,349,224,54.9,58,515,70
52620,878,447,431,43,228,650,166
52621,899,457,442,31.1,246,653,130
52623,1963,1037,926,43.6,454,1509,322
52624,581,195,386,46.5,148,433,109
52625,2204,1064,1140,43.1,528,1676,483
52626,1198,552,646,45.6,308,890,243
52627,12719,6700,6019,41.9,2669,10050,2624
52630,230,125,105,47.3,43,187,74
52631,61,30,31,42.8,17,44,17
52632,12087,5621,6466,41.1,2669,9418,2428
52635,946,472,474,38.3,227,719,141
52637,2994,1474,1520,37.3,821,2173,580
52638,516,263,253,37.1,166,350,74
52639,1560,836,724,54.4,211,1349,422
52640,1366,695,671,44.4,288,1078,336
52641,12812,7036,5776,38.8,2494,10318,2316
52644,473,251,222,44.6,138,335,85
52645,3801,1809,1992,35.2,968,2833,641
52646,293,164,129,53.9,53,240,96
52647,150,84,66,33.4,37,113,12
52649,760,395,365,41.9,223,537,170
52650,748,425,323,35.8,141,607,64
52651,430,220,210,46.3,103,327,132
52652,87,38,49,33.7,35,52,14
52653,3109,1614,1495,47.1,454,2655,697
52654,1522,718,804,45.5,285,1237,256
52655,4174,2158,2016,40.5,878,3296,857
52656,2295,1175,1120,50.2,458,1837,499
52657,65,27,38,32.7,12,53,9
52658,929,446,483,55.6,193,736,334
52659,1336,662,674,43.8,342,994,340
52660,278,146,132,50.2,12,266,30
52701,121,45,76,32.5,52,69,6
52720,884,475,409,30.4,235,649,106
52721,846,414,432,43.2,187,659,172
52722,40639,19683,20956,39.4,10453,30186,7003
52726,5113,2445,2668,50.8,880,4233,1243
52727,375,195,180,43.4,92,283,39
52728,888,502,386,37.7,249,639,132
52729,914,459,455,51.9,178,736,202
52730,5042,2485,2557,41.8,1258,3784,1049
52731,777,386,391,47.4,178,599,139
52732,25984,12810,13174,42.9,5474,20510,5219
52737,274,151,123,54.9,38,236,63
52738,3389,1781,1608,36.3,863,2526,564
52739,843,477,366,35.5,250,593,86
52742,7581,3601,3980,41.1,1869,5712,1324
52745,461,226,235,52.9,51,410,105
52746,1236,731,505,39.7,355,881,108
52747,2055,1041,1014,43,464,1591,347
52748,9737,4933,4804,38.6,3135,6602,1440
52749,1127,611,516,30.6,369,758,98
52750,513,268,245,42.1,151,362,112
52751,985,537,448,36.4,244,741,196
52752,364,184,180,44,96,268,114
52753,6108,3021,3087,36.9,2043,4065,989
52754,1501,697,804,44.4,349,1152,308
52755,2227,1169,1058,42.6,539,1688,366
52756,1505,733,772,53.7,325,1180,287
52757,239,129,110,46.2,51,188,43
52758,266,133,133,36.7,71,195,52
52759,101,56,45,50.5,0,101,38
52760,679,392,287,48.8,110,569,92
52761,30357,15173,15184,38.3,7600,22757,5324
52765,360,199,161,55.4,72,288,90
52766,763,394,369,41.6,169,594,97
52767,394,164,230,45.1,141,253,39
52768,1288,678,610,46,230,1058,258
52769,522,264,258,39,130,392,85
52771,55,38,17,36.1,0,55,20
52772,5289,2535,2754,47.1,1130,4159,1209
52773,2638,1324,1314,39.5,718,1920,559
52774,141,84,57,35.5,31,110,24
52776,4979,2549,2430,35.2,1268,3711,678
52777,1261,655,606,36.6,400,861,287
52778,3661,1821,1840,46.9,669,2992,796
52801,1598,837,761,29.6,170,1428,231
52802,9557,4758,4799,40.9,2088,7469,1249
52803,21558,11231,10327,36.7,3786,17772,2724
52804,26812,13319,13493,37.6,5881,20931,4511
52806,27733,12996,14737,38.8,6680,21053,5334
52807,16806,8370,8436,36.7,3489,13317,3044
53001,1774,935,839,49.1,309,1465,372
53002,2389,1307,1082,42.5,537,1852,375
53003,96,48,48,67.3,0,96,49
53004,3596,1626,1970,48.1,503,3093,820
53005,21624,10983,10641,42.7,5134,16490,4496
53006,1901,939,962,42.6,348,1553,261
53007,1906,944,962,45.1,287,1619,332
53010,7545,3775,3770,48,1528,6017,1534
53011,2106,1103,1003,48.5,381,1725,388
53012,18721,9634,9087,45.1,4107,14614,3964
53013,3726,1984,1742,44.1,753,2973,813
53014,7977,4105,3872,44.3,1654,6323,1602
53015,2921,1402,1519,38.2,801,2120,455
53016,387,198,189,41.8,89,298,30
53017,5369,2856,2513,42.6,1239,4130,712
53018,7813,3949,3864,47.5,1851,5962,1734
53019,1761,883,878,43.8,394,1367,330
53020,3589,1854,1735,51.9,613,2976,876
53021,4428,2203,2225,40.1,926,3502,759
53022,19903,9829,10074,41.5,4615,15288,3167
53023,1277,707,570,44.7,205,1072,233
53024,18752,9538,9214,41.6,3975,14777,3802
53027,23394,11597,11797,41.6,5257,18137,4169
53029,21325,10823,10502,45.4,4912,16413,3838
53031,61,41,20,30.7,4,57,10
53032,4995,2293,2702,41.1,1122,3873,974
53033,5994,2924,3070,52.4,1176,4818,1425
53034,1682,841,841,47.8,334,1348,321
53035,2440,1269,1171,45.3,551,1889,412
53036,3140,1670,1470,41.3,673,2467,677
53037,10005,5071,4934,43.8,2021,7984,1830
53038,4323,2325,1998,38,937,3386,515
53039,4853,2631,2222,47,755,4098,1023
53040,8146,4156,3990,41,1849,6297,1475
53042,6654,3316,3338,43,1375,5279,1155
53044,2267,1088,1179,42.3,608,1659,461
53045,23292,11422,11870,45.8,5087,18205,5866
53046,1351,779,572,41.8,286,1065,260
53047,134,72,62,91.1,22,112,77
53048,3544,1755,1789,39.6,786,2758,663
53049,2325,1256,1069,36,576,1749,399
53050,7070,3526,3544,44.5,1600,5470,1503
53051,38639,18394,20245,41.9,8834,29805,7668
53057,1846,945,901,49.7,415,1431,518
53058,3177,1523,1654,51.6,485,2692,802
53059,1964,1061,903,49.4,284,1680,305
53061,4902,2548,2354,45.9,887,4015,1206
53063,1749,954,795,46.7,367,1382,273
53065,2383,1218,1165,45.8,491,1892,548
53066,36973,18347,18626,46,7487,29486,7725
53069,654,341,313,59.7,39,615,146
53070,4815,2399,2416,44.5,1105,3710,928
53072,26653,12696,13957,44.9,5427,21226,6087
53073,16136,8400,7736,44.5,2733,13403,3612
53074,13343,6575,6768,40.4,2866,10477,2535
53075,3327,1713,1614,45.3,613,2714,657
53076,3342,1689,1653,38.5,748,2594,567
53078,1811,1102,709,50,301,1510,379
53079,1310,696,614,51.6,247,1063,355
53080,5190,2572,2618,44.1,868,4322,1009
53081,43042,22645,20397,39,9933,33109,7262
53083,22022,10425,11597,39.5,5442,16580,3786
53085,11632,5534,6098,45.2,2354,9278,2314
53086,9100,4691,4409,46.6,1836,7264,1918
53088,230,126,104,44,30,200,45
53089,19817,9805,10012,40.8,4996,14821,2779
53090,21764,10886,10878,42.1,4294,17470,3701
53091,2177,1138,1039,42.8,444,1733,332
53092,21161,10407,10754,48.5,4784,16377,5140
53093,2007,1093,914,46.3,350,1657,367
53094,18507,8975,9532,39.1,4098,14409,3145
53095,27641,13693,13948,44.4,5622,22019,6167
53097,7220,3308,3912,38,1446,5774,1100
53098,11586,5332,6254,44,2114,9472,2392
53099,3,1,2,-,0,3,3
53103,3621,1956,1665,50.9,695,2926,845
53104,5626,3079,2547,44.9,1153,4473,1114
53105,29217,14889,14328,43.6,5992,23225,5575
53108,2867,1383,1484,49.2,499,2368,584
53110,18087,9118,8969,42.4,2988,15099,3650
53114,2219,1143,1076,45.8,436,1783,381
53115,16098,8338,7760,42,3246,12852,3257
53118,7154,3557,3597,48.5,1201,5953,1563
53119,5717,2997,2720,47.7,973,4744,904
53120,10889,5490,5399,44.2,2337,8552,2040
53121,18868,9346,9522,44.1,3719,15149,3787
53122,6461,3148,3313,42.7,1707,4754,1382
53125,1738,834,904,57.3,242,1496,571
53126,7012,3678,3334,43.9,1597,5415,1322
53127,124,67,57,28.9,36,88,10
53128,9185,4754,4431,35.7,2424,6761,1161
53129,14683,6967,7716,41.7,3717,10966,3143
53130,7699,3678,4021,38.9,1755,5944,1546
53132,36094,17788,18306,44.1,7609,28485,6880
53137,1490,803,687,46.3,268,1222,310
53139,2163,1017,1146,47.7,295,1868,469
53140,30078,14238,15840,34.2,5786,24292,4983
53142,33701,16363,17338,39.9,8133,25568,4990
53143,21815,10932,10883,35.8,5725,16090,2648
53144,26422,13111,13311,35.3,6052,20370,3208
53146,7746,3964,3782,50.4,1635,6111,2074
53147,17842,8533,9309,47,3343,14499,3971
53149,19533,9921,9612,43.3,4378,15155,3273
53150,26047,13417,12630,46.4,5425,20622,5127
53151,32507,16278,16229,45.7,6157,26350,7114
53153,2740,1423,1317,42.3,657,2083,574
53154,36286,18416,17870,39.5,7698,28588,4786
53156,3433,1708,1725,40.4,661,2772,649
53157,0,0,0,-,0,0,0
53158,17914,9152,8762,42.1,3722,14192,2578
53167,319,123,196,61.1,53,266,43
53168,9337,4806,4531,42.8,1978,7359,1531
53170,2124,1148,976,43.2,486,1638,280
53172,20678,10317,10361,41.6,4300,16378,3906
53176,145,72,73,50.4,47,98,25
53177,8434,4992,3442,37.2,1803,6631,1084
53178,2749,1437,1312,49,463,2286,620
53179,6812,3551,3261,43.1,1315,5497,728
53181,7895,3948,3947,48.9,1539,6356,1505
53182,9498,4772,4726,41.8,1921,7577,1741
53183,3081,1708,1373,41.1,690,2391,535
53184,4100,2112,1988,41.8,1021,3079,728
53185,18578,9554,9024,46.8,3923,14655,3409
53186,33672,16521,17151,36.8,5598,28074,5683
53188,34078,16988,17090,38.5,7266,26812,5583
53189,26640,13031,13609,42.3,5709,20931,3954
53190,20500,10514,9986,22.8,2652,17848,2332
53191,3268,1624,1644,50,754,2514,970
53192,129,35,94,59.1,0,129,36
53195,118,71,47,63.3,14,104,57
53202,25850,13543,12307,31.6,805,25045,3524
53203,2025,1221,804,29.6,63,1962,86
53204,39203,20072,19131,29.1,12979,26224,3110
53205,8683,4073,4610,29.4,2839,5844,891
53206,20481,9388,11093,31.2,6674,13807,2153
53207,34767,17252,17515,37,6147,28620,5405
53208,27660,13492,14168,31.9,7521,20139,2774
53209,46441,21325,25116,35.6,12456,33985,7800
53210,24061,10556,13505,32.3,7026,17035,2477
53211,34775,17395,17380,30.5,5002,29773,4625
53212,29292,14680,14612,31.5,6966,22326,3117
53213,26908,12963,13945,35.7,5802,21106,3845
53214,34892,17702,17190,38,7071,27821,5395
53215,59400,30331,29069,31.4,17812,41588,5304
53216,31030,14141,16889,32.8,9398,21632,3864
53217,30132,14215,15917,40.6,8100,22032,5507
53218,41775,19739,22036,29.4,13915,27860,3668
53219,35223,17289,17934,37.5,7891,27332,5579
53220,26931,12950,13981,40.2,5271,21660,5100
53221,39066,18998,20068,38.7,9103,29963,6280
53222,24467,11505,12962,35.3,5616,18851,3431
53223,28899,13706,15193,38.7,7627,21272,5319
53224,21469,9941,11528,29.1,7850,13619,1974
53225,25953,12829,13124,32.8,7266,18687,3014
53226,18595,8641,9954,38.5,3421,15174,3442
53227,23263,11552,11711,38.1,4543,18720,4110
53228,15162,7168,7994,44.2,2766,12396,3380
53233,13818,6873,6945,22,946,12872,456
53235,9288,4605,4683,53.4,1052,8236,2184
53295,157,140,17,53.7,0,157,39
53402,35296,17376,17920,40.8,8500,26796,6002
53403,26879,13269,13610,37.1,6868,20011,3676
53404,13089,6267,6822,31.2,4014,9075,1282
53405,27199,12479,14720,36.6,6756,20443,4465
53406,25994,13041,12953,45.8,5339,20655,6298
53501,249,104,145,59.8,0,249,113
53502,2464,1316,1148,40.3,583,1881,466
53503,1954,989,965,39.9,452,1502,353
53504,2229,1099,1130,45.7,448,1781,433
53505,368,229,139,49.2,54,314,45
53506,963,461,502,48.5,170,793,218
53507,2415,1169,1246,37.9,681,1734,366
53508,5858,2902,2956,41.4,1393,4465,1030
53510,1453,704,749,37.7,403,1050,224
53511,48749,24354,24395,37.4,11476,37273,7725
53515,2666,1429,1237,48.9,517,2149,766
53516,2146,1112,1034,44.7,462,1684,340
53517,1821,932,889,43.1,372,1449,327
53518,1508,808,700,40.2,355,1153,307
53520,6709,3380,3329,46.5,1397,5312,1342
53521,3587,1899,1688,42.3,813,2774,522
53522,893,467,426,46.6,172,721,176
53523,5091,2550,2541,49.1,990,4101,939
53525,4024,2038,1986,45.4,886,3138,754
53526,559,264,295,41.7,131,428,84
53527,11182,5458,5724,40.5,2812,8370,1584
53528,6256,3059,3197,41.8,1537,4719,1184
53529,2549,1481,1068,38.2,673,1876,424
53530,4689,2484,2205,41.5,1190,3499,923
53531,4010,2219,1791,39.5,969,3041,614
53532,16406,7820,8586,38.4,4393,12013,2309
53533,7397,3685,3712,44.1,1485,5912,1454
53534,12306,6366,5940,40.4,3089,9217,2014
53536,9073,4566,4507,42.2,1948,7125,1679
53537,871,480,391,39.8,181,690,213
53538,18535,9490,9045,43.6,3808,14727,3381
53540,121,66,55,44.3,23,98,24
53541,833,405,428,53.6,129,704,232
53543,1746,932,814,44.5,390,1356,366
53544,825,417,408,49.5,156,669,155
53545,24037,12010,12027,40.6,5028,19009,4622
53546,29352,14194,15158,40.9,6506,22846,4716
53548,20119,10206,9913,40.4,4341,15778,3379
53549,9902,4756,5146,47,1728,8174,2006
53550,1163,600,563,42.4,285,878,173
53551,9417,4883,4534,40.1,2306,7111,1565
53553,612,314,298,35.1,150,462,111
53554,983,476,507,41.9,274,709,212
53555,8706,4603,4103,47.9,1779,6927,1945
53556,2326,1206,1120,47,406,1920,473
53557,406,207,199,49.1,65,341,64
53558,12830,5747,7083,40.5,3277,9553,2195
53559,6165,3177,2988,39.8,1159,5006,794
53560,3497,1841,1656,48,725,2772,748
53561,1891,937,954,44.2,421,1470,469
53562,29161,14274,14887,39.5,6704,22457,5152
53563,11587,5558,6029,41.4,2992,8595,1874
53565,4549,2398,2151,44.8,1043,3506,1006
53566,15037,7470,7567,43.2,3168,11869,3237
53569,907,461,446,51.3,173,734,216
53570,2654,1412,1242,47.2,471,2183,543
53571,68,0,68,-,0,68,0
53572,10350,4891,5459,38.2,3030,7320,1559
53573,3038,1615,1423,39.7,690,2348,575
53574,4151,2100,2051,42,962,3189,727
53575,17928,9493,8435,41.9,4113,13815,2271
53576,2359,1116,1243,40,549,1810,474
53577,1300,687,613,42.4,296,1004,275
53578,6392,3135,3257,42.2,1495,4897,1203
53579,1736,940,796,40.1,445,1291,209
53580,487,250,237,33.2,145,342,53
53581,10169,4870,5299,47.1,2153,8016,2541
53582,1182,572,610,42.8,256,926,200
53583,6123,3103,3020,44.1,1237,4886,1185
53584,10,0,10,-,0,10,10
53585,2250,1005,1245,36.6,521,1729,312
53586,2162,1058,1104,41.5,554,1608,454
53587,1226,689,537,42.2,284,942,225
53588,3741,1913,1828,51.1,654,3087,923
53589,19908,9903,10005,44,4119,15789,4208
53590,43423,21364,22059,38.2,10675,32748,6324
53593,28074,14466,13608,37.8,7379,20695,3431
53594,5059,2625,2434,42.8,1098,3961,879
53597,20517,10829,9688,41.9,5168,15349,3481
53598,3750,1779,1971,39.6,860,2890,474
53599,99,65,34,41.8,4,95,28
53703,37944,19574,18370,24.6,930,37014,2298
53704,47079,23766,23313,34.7,9577,37502,6263
53705,24936,12714,12222,35,4512,20424,4267
53706,3684,1514,2170,18.9,11,3673,0
53711,49749,25427,24322,37.5,9658,40091,8983
53713,23366,12000,11366,30.1,4456,18910,2367
53714,15983,8466,7517,41.6,2565,13418,2612
53715,16072,8513,7559,21.2,781,15291,953
53716,18846,8894,9952,43.3,3589,15257,3810
53717,12892,5937,6955,39.7,2282,10610,2482
53718,17788,7828,9960,36.5,3805,13983,2527
53719,33006,16779,16227,34.3,7323,25683,3832
53726,5457,2467,2990,23.6,658,4799,556
53792,0,0,0,-,0,0,0
53801,1034,524,510,50,212,822,207
53802,134,73,61,36.3,19,115,1
53803,1263,604,659,39.5,304,959,277
53804,1346,655,691,37.5,388,958,215
53805,5613,3070,2543,41.1,1188,4425,1000
53806,1604,756,848,55.6,238,1366,543
53807,4315,2179,2136,43.2,942,3373,987
53808,936,478,458,41.9,188,748,213
53809,4721,2331,2390,34.1,1431,3290,644
53810,316,169,147,42.9,64,252,49
53811,3197,1461,1736,44.8,675,2522,777
53812,311,172,139,32.6,83,228,34
53813,6211,3111,3100,41.2,1338,4873,1170
53816,905,508,397,32.7,320,585,99
53817,225,131,94,46.3,40,185,30
53818,15712,8573,7139,24.4,2669,13043,1978
53820,2314,1210,1104,45.3,464,1850,594
53821,7714,4147,3567,47.5,1351,6363,1799
53825,468,275,193,32.3,159,309,72
53826,1419,675,744,39.1,366,1053,250
53827,361,198,163,51.5,49,312,75
53901,14978,8040,6938,40.5,2757,12221,2666
53910,3710,1953,1757,44.8,850,2860,936
53911,1433,778,655,36.7,383,1050,169
53913,21346,10853,10493,41.6,4105,17241,3990
53916,23045,12317,10728,43.2,4440,18605,4220
53919,2224,1165,1059,42.4,488,1736,326
53920,477,231,246,55.7,19,458,160
53922,1074,606,468,48.1,176,898,125
53923,2224,1088,1136,41.6,584,1640,472
53924,1306,663,643,49.6,274,1032,389
53925,8810,4120,4690,40.1,2075,6735,1513
53926,1871,947,924,26.5,618,1253,201
53928,102,59,43,37,19,83,14
53929,2856,1499,1357,41.1,722,2134,537
53930,1244,623,621,46.2,257,987,243
53931,339,187,152,31.5,114,225,52
53932,2448,1255,1193,37.2,695,1753,274
53933,3851,2315,1536,42.4,640,3211,583
53934,4206,2155,2051,58.1,557,3649,1474
53935,261,120,141,35.8,76,185,42
53936,1285,738,547,56.2,189,1096,314
53937,1069,544,525,34.3,349,720,155
53939,302,169,133,56.3,39,263,100
53940,0,0,0,-,0,0,0
53941,3144,1594,1550,44.4,687,2457,698
53942,142,74,68,41.6,34,108,16
53943,1284,663,621,35.3,377,907,133
53944,2478,1377,1101,40.7,619,1859,469
53946,4174,2113,2061,48.3,923,3251,1054
53947,350,186,164,37.3,138,212,70
53948,8378,4549,3829,46.9,1506,6872,1756
53949,6246,3203,3043,53.2,1136,5110,1808
53950,5419,3103,2316,47.3,885,4534,1274
53951,2466,1202,1264,38.4,690,1776,342
53952,3688,2175,1513,45.2,478,3210,697
53953,188,98,90,62.4,36,152,87
53954,6782,3497,3285,43.4,1563,5219,1125
53955,5806,3054,2752,44.6,1145,4661,1037
53956,3035,1464,1571,42.6,818,2217,616
53959,14294,7050,7244,38.7,3684,10610,2664
53960,3219,1705,1514,42.7,630,2589,551
53961,922,478,444,40.9,173,749,171
53962,25,13,12,55.3,2,23,7
53963,13907,8214,5693,38.4,2831,11076,2086
53964,3539,1964,1575,41.4,826,2713,689
53965,11244,5379,5865,47.8,2072,9172,2657
53968,2411,1341,1070,39.9,725,1686,410
53969,324,152,172,56,38,286,127
54001,7839,3945,3894,48.4,1486,6353,1825
54002,6791,3592,3199,35.9,1881,4910,951
54003,1152,617,535,38.6,275,877,197
54004,2186,1151,1035,43.9,488,1698,460
54005,3051,1563,1488,41,724,2327,448
54006,791,346,445,53.4,150,641,235
54007,1042,537,505,45.8,182,860,162
54009,2677,1495,1182,37.3,714,1963,369
54011,6925,3470,3455,42.3,1675,5250,1123
54013,3428,1768,1660,46.8,713,2715,688
54014,2043,1064,979,47.9,393,1650,469
54015,3863,1974,1889,39,1036,2827,520
54016,33465,16638,16827,42.3,7711,25754,5150
54017,19652,9989,9663,37.6,4945,14707,2682
54020,7880,3945,3935,44,1780,6100,1528
54021,7209,3628,3581,39.8,1681,5528,1131
54022,23964,11632,12332,32.2,4433,19531,3245
54023,4715,2462,2253,36,1350,3365,441
54024,4958,2596,2362,47.5,916,4042,1014
54025,7200,3436,3764,40.6,1762,5438,1211
54026,2130,1102,1028,46.7,433,1697,449
54027,1107,596,511,43.4,267,840,163
54028,2675,1391,1284,38.6,678,1997,363
54082,1805,880,925,50.6,336,1469,342
54101,3105,1583,1522,40.9,663,2442,484
54102,733,405,328,63.2,63,670,301
54103,499,227,272,56.6,76,423,178
54104,1096,532,564,64.5,53,1043,541
54106,5239,2683,2556,38,1260,3979,969
54107,3630,1737,1893,46.2,777,2853,700
54110,5699,2803,2896,41.1,1272,4427,1048
54111,2080,1073,1007,48.4,414,1666,481
54112,2714,1206,1508,41.2,711,2003,693
54113,3620,1705,1915,44.6,748,2872,700
54114,5843,3003,2840,55.3,957,4886,1934
54115,48796,24550,24246,37.1,11028,37768,7614
54119,678,340,338,51.3,102,576,151
54120,182,95,87,64.7,9,173,85
54121,3165,1649,1516,55.7,540,2625,855
54123,208,104,104,43.6,17,191,31
54124,3367,1796,1571,43.8,770,2597,625
54125,446,188,258,53.1,94,352,143
54126,4133,2015,2118,40.2,960,3173,583
54127,59,34,25,31.9,8,51,7
54128,2101,995,1106,44.7,517,1584,442
54129,3400,1715,1685,51.7,681,2719,857
54130,27959,13880,14079,38.8,6490,21469,3813
54135,3053,1570,1483,30.9,1016,2037,443
54136,6859,3428,3431,39.6,1804,5055,1102
54137,1085,575,510,40.3,239,846,185
54138,864,434,430,60.4,113,751,310
54139,3267,1824,1443,45.8,772,2495,652
54140,8371,4255,4116,36.7,1668,6703,1320
54141,2643,1425,1218,48.3,457,2186,469
54143,14993,7770,7223,45.1,2789,12204,3077
54149,1206,625,581,61.3,178,1028,442
54150,1170,553,617,30.8,396,774,162
54151,3484,1626,1858,46.5,779,2705,712
54152,230,134,96,30.2,68,162,15
54153,7085,3673,3412,47.7,1252,5833,1652
54154,5657,2725,2932,41.6,1281,4376,1169
54155,7997,3919,4078,36,1921,6076,842
54156,1467,758,709,55.8,207,1260,394
54157,6300,3190,3110,40.2,1472,4828,1175
54159,1385,730,655,50.7,261,1124,303
54160,229,110,119,44.7,42,187,41
54161,2559,1329,1230,50.8,481,2078,648
54162,9416,4798,4618,37.5,2646,6770,1242
54165,7827,3927,3900,38.6,1607,6220,1258
54166,16657,8326,8331,45.2,3302,13355,3739
54169,3198,1682,1516,43.9,737,2461,446
54170,3654,1848,1806,42.1,852,2802,671
54171,3903,1945,1958,39.7,1026,2877,395
54173,3523,1770,1753,44.4,780,2743,590
54174,3069,1598,1471,54.8,495,2574,893
54175,1115,588,527,66.2,66,1049,601
54177,2691,1358,1333,56.9,326,2365,890
54180,3221,1491,1730,35.6,1023,2198,486
54201,5290,2717,2573,47,1009,4281,1318
54202,1588,819,769,56,241,1347,597
54204,1939,983,956,48.5,417,1522,448
54205,2184,1110,1074,42.6,528,1656,322
54207,163,93,70,45.3,29,134,38
54208,6078,3188,2890,40.8,1450,4628,980
54209,1556,775,781,60.9,177,1379,643
54210,783,365,418,64,55,728,377
54211,299,140,159,65.2,24,275,151
54212,854,393,461,62.1,117,737,368
54213,1453,780,673,43.6,305,1148,291
54214,478,158,320,61.6,76,402,222
54215,183,90,93,50.6,18,165,55
54216,6106,3214,2892,46.3,1065,5041,1492
54217,7636,3836,3800,40.6,1844,5792,1417
54220,40562,20298,20264,44.2,8612,31950,9066
54227,1675,848,827,46.7,353,1322,368
54228,2830,1431,1399,46.1,558,2272,541
54229,4926,2582,2344,39.6,1311,3615,584
54230,4377,2357,2020,44.9,1001,3376,881
54232,857,439,418,53.7,93,764,259
54234,2105,1016,1089,59.1,331,1774,822
54235,18008,8894,9114,51.8,3027,14981,4965
54241,14198,7122,7076,46.6,2581,11617,3049
54245,1945,1019,926,46.3,351,1594,335
54246,864,399,465,62.7,89,775,397
54247,2425,1199,1226,41.4,480,1945,408
54301,22116,11305,10811,37.8,4981,17135,4046
54302,31428,16460,14968,33.8,8618,22810,3845
54303,27366,12936,14430,35.4,6297,21069,3672
54304,27859,13844,14015,38.4,5815,22044,4735
54307,1130,1130,0,34.1,0,1130,35
54311,37187,18044,19143,38,7908,29279,6461
54313,40653,20024,20629,42.9,9475,31178,6999
54401,31292,15847,15445,40.2,7180,24112,6170
54403,24874,12338,12536,41.6,5376,19498,5200
54405,2843,1522,1321,37.2,818,2025,421
54406,3783,1958,1825,46.7,762,3021,927
54407,1363,707,656,46.9,301,1062,312
54408,1235,727,508,45.7,256,979,247
54409,12916,6492,6424,43.9,2667,10249,2773
54410,2410,1275,1135,41.9,604,1806,314
54411,4943,2658,2285,43,1128,3815,887
54412,2062,1106,956,48.6,468,1594,478
54413,204,94,110,48.6,41,163,41
54414,3541,1900,1641,43.7,861,2680,704
54416,1605,888,717,44.9,365,1240,388
54417,6,5,1,56,0,6,0
54418,1050,566,484,43.9,290,760,181
54420,1434,743,691,37,486,948,165
54421,3831,2014,1817,36.4,1133,2698,678
54422,1355,700,655,22.4,564,791,134
54423,2140,1137,1003,47.3,390,1750,345
54424,1568,787,781,50,274,1294,366
54425,1973,1034,939,33.8,647,1326,275
54426,4285,2280,2005,43.1,1112,3173,735
54427,1117,556,561,46.2,268,849,212
54428,982,478,504,61.6,135,847,407
54430,106,47,59,48,15,91,30
54433,1870,1017,853,43.2,431,1439,403
54435,2020,1126,894,51.3,367,1653,541
54436,2205,1173,1032,36.3,656,1549,330
54437,3064,1587,1477,35.2,946,2118,438
54440,2699,1391,1308,44.9,547,2152,552
54441,849,458,391,40.1,207,642,133
54442,1584,877,707,50.8,334,1250,445
54443,2140,1168,972,43.6,551,1589,440
54446,3461,1651,1810,29.7,1268,2193,454
54447,479,230,249,51.6,93,386,119
54448,4225,2134,2091,45.7,962,3263,830
54449,26149,12822,13327,44.4,5325,20824,5723
54450,475,251,224,39.4,122,353,71
54451,10988,5615,5373,44.8,2382,8606,2171
54452,18854,9438,9416,47.8,3398,15456,4036
54454,1373,722,651,40.8,268,1105,231
54455,19168,9749,9419,39.6,4248,14920,2825
54456,5732,2952,2780,44.6,1263,4469,1273
54457,8067,4063,4004,55.3,1280,6787,2545
54458,110,50,60,37.5,25,85,25
54459,1296,727,569,47.8,241,1055,324
54460,2733,1317,1416,40.8,700,2033,528
54462,376,170,206,52.8,54,322,98
54463,754,442,312,61.5,57,697,297
54464,69,47,22,28.4,15,54,14
54465,720,332,388,62.9,76,644,309
54466,2663,1322,1341,48.9,554,2109,557
54467,14739,7054,7685,36.3,3243,11496,2374
54469,1857,920,937,40.6,491,1366,432
54470,2122,1029,1093,45.7,434,1688,475
54471,1643,915,728,47.8,387,1256,316
54473,2525,1375,1150,47.6,492,2033,583
54474,4209,2070,2139,39.8,1077,3132,753
54475,1339,725,614,57,216,1123,367
54476,19767,9552,10215,38.7,4288,15479,3101
54479,3607,1911,1696,36.2,931,2676,575
54480,1416,645,771,38.4,420,996,307
54481,27544,14036,13508,30.7,4159,23385,3993
54482,9673,5041,4632,43.5,1970,7703,1962
54484,5557,2766,2791,43.4,1198,4359,1097
54485,382,202,180,58.8,48,334,114
54486,2063,1042,1021,50.2,434,1629,545
54487,9681,4846,4835,52.6,1595,8086,2426
54488,1137,614,523,40.9,294,843,150
54489,1491,787,704,44.9,337,1154,317
54490,995,502,493,48.3,227,768,168
54491,1502,851,651,58,226,1276,548
54493,561,303,258,55.3,96,465,170
54494,27267,13638,13629,45.6,5698,21569,6081
54495,8153,3751,4402,35.5,2025,6128,1210
54498,2343,1220,1123,35,718,1625,384
54499,2799,1443,1356,49.1,471,2328,634
54501,21174,10692,10482,48,4085,17089,4731
54511,1428,815,613,52.7,255,1173,409
54512,1487,727,760,54.5,205,1282,443
54513,435,273,162,57.4,55,380,116
54514,1946,1001,945,55.6,350,1596,567
54515,599,346,253,54.5,90,509,158
54517,183,86,97,66.4,11,172,106
54519,1270,731,539,56,183,1087,406
54520,3889,2023,1866,43,858,3031,729
54521,8424,4316,4108,54.5,1324,7100,2518
54524,698,336,362,52,130,568,196
54525,279,124,155,43.5,70,209,44
54526,677,352,325,52.8,131,546,150
54527,889,439,450,57.1,141,748,253
54529,1157,610,547,56.4,221,936,389
54530,715,321,394,54.2,125,590,232
54531,1308,691,617,57.8,227,1081,461
54534,2545,1256,1289,51.7,426,2119,702
54536,194,110,84,47.8,28,166,54
54537,611,356,255,50.6,151,460,170
54538,2969,1631,1338,44.1,707,2262,781
54539,1300,642,658,56.2,167,1133,440
54540,915,486,429,60.2,73,842,280
54541,1445,620,825,43.4,246,1199,318
54542,648,305,343,50.7,113,535,161
54545,852,429,423,63,69,783,368
54546,1131,541,590,47.2,246,885,262
54547,1394,702,692,61.8,155,1239,566
54548,5617,2782,2835,56.2,841,4776,1817
54550,623,334,289,49.8,121,502,144
54552,4386,2174,2212,53.2,756,3630,1319
54554,1103,558,545,58.6,102,1001,353
54555,4756,2373,2383,51.6,863,3893,1269
54556,1091,555,536,51.7,187,904,300
54557,1043,505,538,66.3,56,987,544
54558,2190,1202,988,57.8,244,1946,669
54559,918,447,471,46.3,146,772,192
54560,611,358,253,53.2,123,488,129
54561,31,15,16,59.2,7,24,9
54562,1880,898,982,59.4,235,1645,658
54563,830,421,409,42.4,222,608,178
54564,417,253,164,55.9,61,356,126
54565,42,24,18,58,3,39,9
54566,1404,682,722,50.1,273,1131,411
54568,4932,2499,2433,49.9,1157,3775,1463
54601,51116,24698,26418,31.5,7845,43271,8685
54603,13780,7033,6747,38,2355,11425,2240
54610,1547,829,718,54,256,1291,429
54611,1337,724,613,34.9,347,990,174
54612,5714,3162,2552,36.1,1899,3815,783
54613,1929,1079,850,56.5,262,1667,644
54614,2491,1306,1185,41.3,562,1929,494
54615,10978,5922,5056,43,2170,8808,2382
54616,2483,1247,1236,38.4,687,1796,401
54618,2264,1199,1065,37.6,582,1682,315
54619,3893,1939,1954,35.1,1303,2590,597
54621,1371,709,662,32.4,447,924,173
54622,1971,1028,943,50.1,313,1658,480
54623,2003,993,1010,46.5,387,1616,453
54624,1587,836,751,55.1,210,1377,404
54625,324,133,191,66.6,31,293,187
54626,1372,721,651,47.2,313,1059,341
54627,2022,1031,991,45,451,1571,432
54628,945,544,401,60.7,96,849,359
54629,2471,1233,1238,49.2,417,2054,645
54630,4265,2202,2063,40.9,985,3280,671
54631,1830,873,957,50,342,1488,447
54632,1124,658,466,48.7,238,886,243
54634,4288,2223,2065,39.2,1264,3024,912
54635,1735,898,837,50,283,1452,332
54636,16541,8243,8298,38.1,4394,12147,2215
54637,158,83,75,43.7,24,134,34
54638,1435,725,710,47.4,324,1111,346
54639,2445,1306,1139,39.6,618,1827,549
54642,2354,1255,1099,35.7,631,1723,332
54643,4,2,2,-,0,4,4
54644,1365,770,595,45.8,353,1012,219
54645,117,48,69,35.7,33,84,23
54646,3810,1983,1827,48,732,3078,951
54648,1730,987,743,35.9,503,1227,237
54650,24590,11837,12753,40.8,5166,19424,4834
54651,1231,560,671,33.5,402,829,214
54652,1123,546,577,35.5,401,722,237
54653,1210,543,667,36,385,825,198
54654,128,85,43,55.4,20,108,38
54655,1678,815,863,44,404,1274,425
54656,18008,9179,8829,38.6,4394,13614,2878
54657,359,186,173,39.8,101,258,46
54658,2492,1272,1220,46.5,547,1945,442
54659,1259,644,615,39.4,336,923,176
54660,16005,8286,7719,42.4,3604,12401,3211
54661,3877,1865,2012,43.1,867,3010,793
54664,1659,903,756,38.3,479,1180,312
54665,8843,4488,4355,42.3,2201,6642,1899
54666,2782,1543,1239,45.8,594,2188,529
54667,4980,2485,2495,40.9,1304,3676,979
54669,8363,4143,4220,42.3,2275,6088,1502
54670,1934,895,1039,26.6,734,1200,158
54701,41559,19908,21651,34.3,7794,33765,7503
54703,43618,21445,22173,35,8135,35483,6442
54720,8863,5003,3860,37.4,2083,6780,1391
54721,1364,712,652,45.8,347,1017,252
54722,3820,1971,1849,36.2,1067,2753,621
54723,1007,530,477,47.6,141,866,190
54724,7566,3697,3869,37.6,2110,5456,1222
54725,3043,1528,1515,44.5,627,2416,516
54726,1791,923,868,37.7,439,1352,240
54727,4881,2547,2334,42.4,1099,3782,851
54728,5910,2967,2943,50.8,1021,4889,1624
54729,34192,17537,16655,42.8,6930,27262,6457
54730,5391,2827,2564,41.3,1384,4007,1049
54731,656,371,285,55.5,88,568,138
54732,2842,1456,1386,38.5,712,2130,464
54733,1303,712,591,47.9,245,1058,390
54734,743,375,368,46.6,171,572,154
54736,4258,2102,2156,43.8,889,3369,923
54737,555,304,251,39.5,152,403,81
54738,3734,2118,1616,38.4,1035,2699,653
54739,5165,2583,2582,37.7,1303,3862,712
54740,1927,983,944,43.9,428,1499,389
54741,1899,971,928,34.9,614,1285,222
54742,5034,2466,2568,43.6,1275,3759,848
54745,2271,1175,1096,56.7,353,1918,831
54746,659,342,317,45.7,154,505,80
54747,2467,1204,1263,43.9,527,1940,484
54748,1325,662,663,49.8,226,1099,342
54749,1511,878,633,40.3,304,1207,229
54750,1091,559,532,45.5,221,870,283
54751,25972,12788,13184,30.2,4087,21885,3968
54754,1569,860,709,49.2,321,1248,393
54755,7419,3743,3676,40,1776,5643,1337
54756,947,486,461,53.2,180,767,286
54757,3533,1882,1651,44.1,791,2742,689
54758,4651,2432,2219,45.2,958,3693,969
54759,1459,807,652,52.2,273,1186,425
54760,169,79,90,65.7,21,148,88
54761,1204,613,591,36.3,304,900,209
54762,1253,644,609,47.4,249,1004,208
54763,1045,566,479,49,225,820,267
54766,1871,1027,844,42.5,521,1350,442
54767,3274,1753,1521,43.4,716,2558,541
54768,6642,4232,2410,36.4,1652,4990,953
54769,508,282,226,60.7,67,441,198
54770,2213,1080,1133,35.7,611,1602,391
54771,4317,2167,2150,38,1278,3039,813
54772,1093,602,491,41.4,230,863,137
54773,3556,1848,1708,40.4,883,2673,730
54801,6088,3139,2949,54.1,993,5095,1745
54805,1589,867,722,44.9,338,1251,313
54806,11489,6080,5409,40.8,2340,9149,2111
54810,2810,1395,1415,44.8,563,2247,714
54812,5984,3062,2922,36.8,1602,4382,1277
54813,691,344,347,44.6,129,562,122
54814,2810,1437,1373,52.5,499,2311,859
54817,2247,1150,1097,55,375,1872,675
54819,2387,1206,1181,51.2,516,1871,638
54820,799,461,338,50.7,115,684,185
54821,1471,700,771,59.5,234,1237,519
54822,4817,2459,2358,43.1,1092,3725,837
54824,2211,1238,973,48.6,444,1767,482
54826,692,328,364,53.9,79,613,196
54827,312,186,126,60.5,33,279,120
54828,776,396,380,41.8,173,603,171
54829,5706,2892,2814,45.8,1218,4488,1441
54830,3206,1715,1491,64.2,269,2937,1507
54832,434,216,218,53.8,56,378,130
54835,903,494,409,55.1,121,782,253
54836,1048,612,436,46.2,298,750,214
54837,3614,1878,1736,52.5,592,3022,871
54838,1223,668,555,60.6,123,1100,485
54839,327,163,164,45.1,68,259,84
54840,4742,2517,2225,44.2,932,3810,961
54841,275,127,148,43.9,64,211,62
54842,261,148,113,36.2,114,147,17
54843,12919,6562,6357,49.2,2522,10397,3255
54844,255,138,117,61.4,21,234,93
54845,129,68,61,50.8,25,104,13
54846,645,348,297,44.6,170,475,143
54847,2310,1132,1178,56.3,356,1954,695
54848,6016,3004,3012,47.9,1173,4843,1433
54849,1864,986,878,49.7,393,1471,448
54850,323,165,158,60.1,28,295,125
54853,3704,1840,1864,50.7,676,3028,1017
54854,902,490,412,42.1,179,723,162
54855,942,504,438,28.1,373,569,135
54856,1644,880,764,51.8,326,1318,462
54857,25,10,15,47.5,10,15,0
54858,1539,646,893,51.2,219,1320,424
54859,2260,1204,1056,54.4,388,1872,697
54861,219,97,122,36.6,70,149,18
54862,279,129,150,50.1,34,245,87
54864,1506,832,674,43.7,375,1131,174
54865,539,269,270,52.8,77,462,170
54867,536,256,280,30.5,150,386,115
54868,15865,7952,7913,42.6,3347,12518,3397
54870,1756,953,803,54.1,336,1420,480
54871,3296,1475,1821,43.4,763,2533,824
54872,2823,1477,1346,51.9,535,2288,798
54873,3285,1781,1504,57.4,426,2859,1032
54874,3721,1916,1805,47,794,2927,870
54875,1293,652,641,53.4,239,1054,380
54876,1757,901,856,52.9,296,1461,484
54880,30219,14723,15496,39.8,5801,24418,5210
54888,1296,630,666,57.3,183,1113,442
54889,2839,1348,1491,48.6,571,2268,731
54891,3338,1688,1650,49.1,619,2719,858
54893,3983,1968,2015,54.8,691,3292,1271
54895,813,428,385,57.6,98,715,243
54896,1498,902,596,60.5,93,1405,586
54901,37327,19975,17352,30.5,5744,31583,4381
54902,21706,10378,11328,39.5,4432,17274,3842
54904,22342,11410,10932,45.6,4456,17886,5045
54909,1988,1021,967,43.7,426,1562,379
54911,25780,13029,12751,36.2,5368,20412,4212
54913,23600,11972,11628,39.4,5550,18050,3650
54914,31361,15579,15782,37.6,6838,24523,5565
54915,43815,22246,21569,38.2,10524,33291,6180
54921,1436,798,638,40.7,338,1098,283
54922,1088,573,515,50.1,193,895,203
54923,8947,4613,4334,43,1964,6983,1624
54926,133,68,65,60.1,0,133,26
54927,409,166,243,41.3,114,295,39
54928,497,213,284,35.2,177,320,93
54929,8915,4433,4482,44.7,1531,7384,1772
54930,1859,988,871,41.8,473,1386,343
54931,398,136,262,42.3,108,290,58
54932,1307,724,583,45.4,267,1040,209
54933,285,175,110,39.8,105,180,42
54935,42498,20539,21959,38,9494,33004,7187
54937,21029,10376,10653,45.8,3828,17201,4384
54940,4528,2209,2319,47.5,1037,3491,845
54941,2453,1266,1187,54.6,407,2046,767
54942,10934,5408,5526,38.4,3144,7790,1164
54943,2247,1201,1046,51.7,449,1798,732
54944,9189,4760,4429,43.4,2181,7008,1632
54945,3401,1778,1623,47.3,650,2751,798
54946,480,398,82,79.9,0,480,434
54947,2264,1205,1059,46.9,443,1821,427
54948,183,97,86,50.9,32,151,39
54949,3341,1760,1581,47.6,650,2691,724
54950,2646,1310,1336,45.2,664,1982,471
54952,27042,13218,13824,38.1,6050,20992,4038
54956,46539,23807,22732,38.4,10846,35693,7092
54960,2613,1323,1290,59.2,371,2242,864
54961,14232,7117,7115,40.8,3489,10743,2480
54962,1100,589,511,42.6,228,872,214
54963,7200,3684,3516,44.6,1666,5534,1438
54964,956,512,444,43.3,252,704,176
54965,1212,649,563,53.3,206,1006,307
54966,2008,923,1085,41.4,465,1543,437
54967,457,232,225,51.9,93,364,117
54968,2751,1300,1451,51,459,2292,781
54970,3934,2433,1501,47.7,553,3381,828
54971,10758,5200,5558,43.9,2107,8651,2299
54974,1566,768,798,51.4,261,1305,415
54977,1450,712,738,46.9,321,1129,339
54978,83,41,42,38.8,18,65,15
54979,1786,1148,638,38.1,536,1250,304
54980,255,82,173,56.1,47,208,120
54981,14902,7838,7064,46.5,2798,12104,3442
54982,7116,3653,3463,50.4,1319,5797,1915
54983,4383,2125,2258,46.3,891,3492,843
54984,3158,1653,1505,51.9,456,2702,806
54985,522,384,138,39.6,1,521,53
54986,5410,2603,2807,51.1,1139,4271,1385
55001,2974,1583,1391,50.5,563,2411,710
55003,3902,2525,1377,40,613,3289,481
55005,4511,2303,2208,40.1,865,3646,556
55006,3593,1812,1781,37.1,934,2659,591
55007,2364,1202,1162,49.1,429,1935,506
55008,15589,7656,7933,41.1,3309,12280,2967
55009,8136,4193,3943,43.4,1643,6493,1576
55011,11003,5491,5512,40.4,2522,8481,1318
55012,2121,1156,965,49,245,1876,556
55013,6854,3362,3492,43.3,1484,5370,1570
55014,28740,14994,13746,42,6095,22645,4466
55016,38842,19160,19682,36.8,10447,28395,4724
55017,949,526,423,37,258,691,90
55018,954,491,463,45.6,204,750,154
55019,2167,1139,1028,40.1,562,1605,298
55020,4319,1925,2394,33.7,1266,3053,339
55021,30973,16416,14557,40.5,6955,24018,5496
55024,36697,18670,18027,35.6,11131,25566,2966
55025,25732,12682,13050,38.4,6175,19557,4005
55026,442,274,168,39.6,83,359,94
55027,2871,1480,1391,34.1,912,1959,307
55029,65,14,51,13.6,39,26,8
55030,1422,711,711,37,371,1051,258
55031,1880,986,894,41.4,427,1453,260
55032,3253,1666,1587,42.8,659,2594,429
55033,29454,15520,13934,42.9,6369,23085,5723
55036,40,15,25,57.6,3,37,14
55037,5015,2535,2480,44.6,1105,3910,1047
55038,23764,11524,12240,38.1,6014,17750,3167
55040,14240,7324,6916,36.5,3413,10827,2149
55041,7559,3621,3938,49.9,1512,6047,2012
55042,12647,6404,6243,41.4,3352,9295,1997
55043,3540,1757,1783,51.3,578,2962,845
55044,61134,31394,29740,37,16875,44259,6599
55045,7781,3986,3795,41.9,2154,5627,1160
55046,5999,3199,2800,32.2,1939,4060,561
55047,2296,1142,1154,56.6,369,1927,693
55049,2620,1302,1318,33.6,786,1834,297
55051,9591,4744,4847,45.8,2015,7576,2093
55052,1849,910,939,43.4,334,1515,334
55053,1037,560,477,39.9,262,775,178
55054,2635,1349,1286,37.1,773,1862,60
55055,4163,2251,1912,38.1,837,3326,751
55056,14206,7384,6822,40.8,3043,11163,2154
55057,25307,12391,12916,32.6,4487,20820,4031
55060,29657,14895,14762,40.4,7107,22550,5541
55063,9214,4756,4458,46.4,1723,7491,1976
55065,1294,673,621,38.9,357,937,156
55066,19002,9587,9415,42.7,3973,15029,3952
55068,31701,16055,15646,37.7,8101,23600,3949
55069,5837,3433,2404,39.8,1166,4671,762
55070,8391,4338,4053,35,2369,6022,957
55071,5895,3229,2666,39.2,1180,4715,770
55072,4465,2696,1769,42.3,690,3775,850
55073,4061,2107,1954,43.2,1251,2810,853
55074,2210,1158,1052,37.4,518,1692,267
55075,20647,10182,10465,36.9,4613,16034,2906
55076,21771,10317,11454,43.2,4191,17580,4306
55077,13910,7137,6773,39,3466,10444,1714
55079,8712,4415,4297,41.9,1952,6760,1316
55080,3231,1763,1468,41.3,759,2472,512
55082,36154,18024,18130,43.7,8040,28114,7435
55084,1962,916,1046,42,442,1520,335
55085,430,209,221,46.7,81,349,83
55087,414,209,205,43.3,92,322,132
55088,1668,825,843,49.8,364,1304,327
55089,1753,819,934,44.5,377,1376,338
55090,376,172,204,41.5,47,329,46
55092,11144,5826,5318,43.2,2311,8833,1797
55101,7575,3675,3900,36.5,509,7066,1046
55102,19548,10230,9318,39.9,2082,17466,3582
55103,14212,6823,7389,33.1,3851,10361,1438
55104,44498,21801,22697,33,8755,35743,4983
55105,27299,12640,14659,35,4536,22763,3821
55106,57662,28473,29189,30.9,17448,40214,5168
55107,14841,7373,7468,33.7,4301,10540,1432
55108,15315,7630,7685,34.7,2289,13026,2460
55109,34220,17060,17160,36,8373,25847,5826
55110,37986,18734,19252,43.5,8415,29571,7814
55111,100,100,0,64.4,0,100,15
55112,46095,22448,23647,36.9,10902,35193,7985
55113,41369,20037,21332,41.1,7377,33992,9142
55114,3588,1889,1699,30.8,298,3290,247
55115,8815,4269,4546,43.4,2070,6745,1771
55116,26595,12679,13916,39.8,5354,21241,5137
55117,45550,22599,22951,32.2,12753,32797,4803
55118,29026,13652,15374,42,5353,23673,6797
55119,45105,22991,22114,33.5,12528,32577,5788
55120,5194,2455,2739,41.1,1240,3954,976
55121,8923,4535,4388,35.5,1860,7063,1271
55122,31494,15535,15959,39.4,6765,24729,5101
55123,27821,13786,14035,39.5,6849,20972,3655
55124,55594,26854,28740,37.6,14339,41255,8681
55125,45835,22716,23119,38.5,10935,34900,6779
55126,27482,13083,14399,45.1,6015,21467,6029
55127,18601,8822,9779,44.5,4155,14446,4234
55128,28811,14115,14696,40.7,6098,22713,4886
55129,29714,14842,14872,36.9,9000,20714,2816
55130,19613,10046,9567,30.1,6559,13054,1666
55150,140,65,75,40,28,112,24
55155,0,0,0,-,0,0,0
55301,13103,6735,6368,33.2,3898,9205,937
55302,7178,3556,3622,44.1,1662,5516,1706
55303,52051,25899,26152,38.8,12410,39641,7899
55304,49175,24837,24338,40.4,12544,36631,7326
55305,21256,10528,10728,39.5,3834,17422,4768
55306,16378,8350,8028,36.7,3247,13131,2916
55307,3342,1586,1756,34.9,882,2460,603
55308,9617,5066,4551,36.5,2916,6701,1057
55309,20894,10358,10536,36.4,5645,15249,1812
55310,1487,765,722,48.4,340,1147,310
55311,37797,18484,19313,41.2,10134,27663,4580
55312,1458,728,730,42.7,362,1096,255
55313,25268,12916,12352,39.8,6445,18823,4110
55314,1073,538,535,50.1,231,842,292
55315,6811,3468,3343,38.2,1916,4895,683
55316,23666,11527,12139,41.3,5487,18179,3182
55317,21959,10951,11008,40.2,5520,16439,3267
55318,29647,14267,15380,37.5,7944,21703,3588
55319,5694,3038,2656,39.5,1524,4170,754
55320,5572,2824,2748,39.2,1451,4121,839
55321,5473,2903,2570,34.6,1791,3682,800
55322,3596,1940,1656,43.5,808,2788,526
55324,1181,615,566,52.6,230,951,322
55325,4653,2372,2281,39.6,1280,3373,883
55327,5168,2718,2450,45.4,1101,4067,747
55328,9730,4853,4877,36.9,2833,6897,1449
55329,2172,1179,993,43.4,505,1667,312
55330,44149,22388,21761,36.7,10867,33282,5643
55331,19226,9699,9527,48.3,4359,14867,3285
55332,1752,881,871,45.2,388,1364,468
55333,750,420,330,45.9,172,578,164
55334,2754,1387,1367,43.7,543,2211,542
55335,1617,847,770,50.1,321,1296,368
55336,8253,4286,3967,40,1827,6426,1609
55337,47697,22992,24705,37.3,10524,37173,7918
55338,1066,599,467,41,227,839,186
55339,966,487,479,44.1,172,794,191
55340,9414,4666,4748,38.3,2958,6456,1262
55341,3433,1680,1753,36.4,1104,2329,251
55342,1819,941,878,41.1,371,1448,331
55343,26813,13075,13738,37,5385,21428,4425
55344,14759,7052,7707,35.8,3269,11490,2192
55345,21440,10644,10796,43.9,5325,16115,4294
55346,18048,8796,9252,41.5,4379,13669,2968
55347,30816,15168,15648,42.1,7820,22996,3957
55349,3536,1762,1774,46,725,2811,701
55350,18636,9211,9425,42.6,4075,14561,3887
55352,10256,5031,5225,35.8,3026,7230,1105
55353,3167,1661,1506,37.9,775,2392,425
55354,3184,1552,1632,36.2,935,2249,382
55355,9552,4854,4698,45.1,2016,7536,2171
55356,5965,3229,2736,44.2,1763,4202,905
55357,3474,1826,1648,41.9,986,2488,504
55358,5486,2811,2675,39.6,1413,4073,753
55359,7253,3881,3372,41.5,2107,5146,1167
55360,3204,1587,1617,35.2,864,2340,272
55362,19885,9892,9993,35.3,5338,14547,2322
55363,5508,2803,2705,35.2,1770,3738,526
55364,14214,7398,6816,45.8,3012,11202,2556
55366,460,266,194,41.6,95,365,62
55367,1038,547,491,37.9,278,760,123
55368,1980,1001,979,44,413,1567,455
55369,37983,18462,19521,39.9,8385,29598,6137
55370,658,359,299,36.7,142,516,113
55371,17500,9138,8362,39.6,4310,13190,2692
55372,34184,17245,16939,40.1,8881,25303,4598
55373,5501,2703,2798,40.4,1210,4291,729
55374,15777,8110,7667,37.8,5038,10739,1700
55375,4213,2257,1956,34.1,1223,2990,245
55376,18591,10007,8584,35.5,5675,12916,1576
55378,32017,16535,15482,37.3,8191,23826,3746
55379,48318,23456,24862,35.2,12925,35393,5017
55381,1837,917,920,46.8,338,1499,450
55382,3509,1835,1674,46.8,801,2708,736
55384,1919,907,1012,55.5,159,1760,678
55385,1259,667,592,41.8,311,948,221
55386,9642,5072,4570,38.9,2577,7065,1300
55387,14409,7298,7111,37.7,3888,10521,2060
55388,5997,3054,2943,36.3,1470,4527,626
55389,2675,1362,1313,36.9,788,1887,375
55390,3059,1657,1402,38.1,774,2285,401
55391,15773,8128,7645,50.5,3357,12416,4123
55395,2574,1335,1239,44,461,2113,488
55396,2135,1109,1026,43,487,1648,492
55397,3168,1650,1518,38.4,704,2464,541
55398,17343,8703,8640,37,4803,12540,1835
55401,11510,6596,4914,35.2,692,10818,1282
55402,709,410,299,31,0,709,36
55403,17161,9939,7222,34.1,1062,16099,2104
55404,28172,15283,12889,31.1,6017,22155,2782
55405,17099,8629,8470,32.2,2721,14378,1756
55406,35726,17529,18197,38.9,6696,29030,5347
55407,36997,18491,18506,33.7,9097,27900,3593
55408,32312,17065,15247,29.7,4335,27977,2297
55409,11235,5502,5733,36.6,2138,9097,1349
55410,20765,10095,10670,39.3,5347,15418,2951
55411,30625,15224,15401,29.1,10651,19974,2613
55412,25762,12943,12819,34.4,7345,18417,2218
55413,14076,7448,6628,34.7,1526,12550,2342
55414,33342,17040,16302,22.8,1420,31922,1922
55415,6120,3546,2574,32.3,753,5367,384
55416,34715,16859,17856,35.3,5505,29210,5730
55417,25900,12773,13127,39.8,6029,19871,3601
55418,30797,16060,14737,37.6,5734,25063,4339
55419,29730,14702,15028,37.8,7932,21798,3845
55420,23433,11778,11655,39.3,5293,18140,3924
55421,30787,15953,14834,37.1,6685,24102,4883
55422,28373,13398,14975,40.3,5524,22849,5524
55423,36859,18347,18512,38.2,7030,29829,6380
55424,10203,5281,4922,40.9,3079,7124,1321
55425,10868,5275,5593,34.7,2621,8247,1527
55426,25491,12317,13174,37.2,4465,21026,4797
55427,25908,12646,13262,39.4,5246,20662,4068
55428,32967,15858,17109,38.1,7703,25264,5221
55429,28392,14077,14315,32.7,8567,19825,3038
55430,23363,12168,11195,33,6215,17148,2255
55431,19477,9378,10099,44.2,3285,16192,4380
55432,32670,16110,16560,35.6,7531,25139,4919
55433,34126,16881,17245,38.5,7283,26843,5963
55434,32682,16279,16403,37.3,7832,24850,4587
55435,14053,6395,7658,49.2,1843,12210,4653
55436,14337,6770,7567,47.1,2976,11361,3645
55437,19401,9547,9854,47.6,3173,16228,4298
55438,16009,7561,8448,44.4,3096,12913,4123
55439,9211,4312,4899,44.8,2456,6755,1809
55441,18289,9177,9112,40.8,3571,14718,3480
55442,13120,5880,7240,46.1,2389,10731,2715
55443,32912,15435,17477,37.4,8547,24365,4508
55444,17716,9128,8588,34.8,4879,12837,1963
55445,13459,6957,6502,35.4,3744,9715,1782
55446,27422,13866,13556,38.5,8111,19311,3442
55447,21506,10306,11200,42.2,4946,16560,3674
55448,29170,14913,14257,40.6,6333,22837,4689
55449,32569,16157,16412,37.5,9307,23262,3523
55450,0,0,0,-,0,0,0
55454,8892,4327,4565,24.4,2388,6504,1076
55455,4985,2225,2760,18.9,59,4926,0
55601,152,89,63,55.8,17,135,52
55602,321,193,128,60.6,22,299,128
55603,393,207,186,56.4,34,359,92
55604,3800,1939,1861,52.5,596,3204,1142
55605,607,305,302,44.2,135,472,108
55606,146,114,32,59.8,0,146,48
55607,245,114,131,47.5,72,173,59
55609,135,67,68,87.4,0,135,135
55612,532,228,304,60.2,36,496,210
55613,187,86,101,58.8,21,166,60
55614,2390,1167,1223,54.4,399,1991,759
55615,339,132,207,35.8,51,288,76
55616,7300,3790,3510,44.8,1569,5731,1572
55702,458,260,198,47.6,99,359,131
55703,898,453,445,40.8,285,613,165
55704,1073,552,521,43.4,251,822,233
55705,3235,1601,1634,54.2,523,2712,948
55706,1716,995,721,55.6,228,1488,479
55707,3323,1719,1604,43.8,817,2506,625
55708,749,415,334,42,124,625,126
55709,4414,2366,2048,47.4,848,3566,929
55710,1470,715,755,44.9,310,1160,331
55711,560,277,283,37.6,96,464,94
55712,606,304,302,54.6,96,510,179
55713,1081,512,569,48.2,242,839,267
55716,266,101,165,54.5,59,207,76
55717,252,149,103,51.2,43,209,65
55718,3125,1721,1404,43.7,669,2456,577
55719,5678,2823,2855,51.8,1215,4463,1586
55720,17511,8414,9097,37.2,4380,13131,2848
55721,3860,1825,2035,39.4,1018,2842,776
55722,947,494,453,38.4,254,693,198
55723,1925,975,950,56.8,334,1591,690
55724,784,440,344,60.3,88,696,279
55725,99,50,49,54.5,13,86,24
55726,1029,490,539,41.9,279,750,211
55731,5297,2655,2642,57.8,546,4751,1720
55732,1455,819,636,51.3,240,1215,351
55733,5308,2836,2472,43.2,1238,4070,819
55734,6437,3355,3082,42,1467,4970,1062
55735,1684,901,783,52.5,316,1368,456
55736,1251,661,590,53.7,232,1019,374
55738,603,315,288,47.9,121,482,144
55741,3112,1561,1551,51.9,558,2554,848
55742,191,107,84,54.3,29,162,62
55744,20207,9921,10286,46.5,4124,16083,5022
55746,16963,8507,8456,43.6,3401,13562,3858
55748,1374,692,682,47.1,287,1087,358
55749,507,298,209,51.1,86,421,70
55750,2100,1109,991,42.5,448,1652,456
55751,1343,701,642,54,283,1060,396
55752,434,219,215,57.1,26,408,144
55753,1160,493,667,40.2,344,816,232
55756,242,116,126,48.8,51,191,54
55757,680,389,291,45.7,136,544,138
55758,148,95,53,38,43,105,28
55760,2984,1466,1518,55.3,506,2478,1028
55763,464,253,211,56.6,55,409,138
55764,545,300,245,33.3,77,468,52
55765,735,394,341,54.1,129,606,177
55767,4823,3320,1503,48,501,4322,1054
55768,2649,1380,1269,51,462,2187,673
55769,2378,1358,1020,46.7,420,1958,539
55771,1601,841,760,48.3,315,1286,423
55772,103,35,68,51.3,30,73,39
55775,1369,773,596,50.8,227,1142,367
55779,3933,2166,1767,42.7,796,3137,580
55780,248,125,123,39.2,66,182,63
55781,822,406,416,55.1,130,692,283
55782,431,215,216,46.6,83,348,122
55783,2416,1327,1089,49.9,443,1973,669
55784,119,56,63,60.1,12,107,25
55785,363,168,195,52.5,36,327,88
55786,183,91,92,56.8,33,150,53
55787,618,301,317,56.1,96,522,149
55790,1871,987,884,60.6,250,1621,706
55792,9983,5075,4908,42.9,2023,7960,2349
55793,637,351,286,48.1,155,482,172
55795,1899,1130,769,41.9,378,1521,332
55796,112,68,44,62.5,4,108,41
55797,1296,643,653,47.7,274,1022,288
55798,605,304,301,43.7,150,455,142
55802,2692,1301,1391,57.5,177,2515,881
55803,17734,9096,8638,43.3,3338,14396,3682
55804,16118,7663,8455,41.3,3642,12476,2941
55805,10057,5049,5008,26.7,1696,8361,949
55806,9269,4535,4734,31.7,1889,7380,961
55807,9496,4810,4686,39.9,1579,7917,1721
55808,5312,2856,2456,41.7,919,4393,889
55810,8026,4006,4020,45.3,1502,6524,1645
55811,27832,13436,14396,38.1,5494,22338,5961
55812,11391,5932,5459,22.5,1455,9936,1019
55814,380,380,0,46.3,0,380,40
55901,58015,27990,30025,34.3,14462,43553,8755
55902,26047,12897,13150,40,5454,20593,4612
55903,0,0,0,-,0,0,0
55904,28816,14616,14200,36.7,6798,22018,4406
55905,0,0,0,-,0,0,0
55906,20023,9975,10048,41.8,4397,15626,3609
55909,1455,719,736,47.4,275,1180,283
55910,1244,671,573,48.3,273,971,294
55912,29316,14901,14415,38,7630,21686,5266
55917,3771,1935,1836,39.6,1019,2752,813
55918,1069,603,466,45.2,201,868,227
55919,1013,539,474,55.2,201,812,296
55920,8523,4089,4434,39.2,2538,5985,1175
55921,4608,2102,2506,46.4,954,3654,1021
55922,1016,535,481,31,359,657,104
55923,4351,2209,2142,40.8,1093,3258,854
55924,1184,618,566,41.9,277,907,211
55925,1197,614,583,37.8,304,893,163
55926,732,390,342,43.7,112,620,151
55927,4165,2186,1979,38.7,1003,3162,612
55929,1310,622,688,37.6,414,896,141
55931,470,207,263,37.9,135,335,95
55932,2035,1050,985,38.8,437,1598,285
55933,247,133,114,39.8,60,187,43
55934,3604,1767,1837,39.3,889,2715,716
55935,921,498,423,42.7,197,724,173
55936,1736,836,900,39.7,429,1307,327
55939,1841,940,901,50.6,341,1500,547
55940,2818,1446,1372,38.8,670,2148,507
55941,1154,646,508,35.6,312,842,150
55943,3007,1539,1468,43,840,2167,587
55944,7931,3987,3944,35.8,2188,5743,1182
55945,1321,696,625,47.1,234,1087,284
55946,3314,1707,1607,43.9,619,2695,721
55947,7402,3851,3551,45.8,1410,5992,1541
55949,1929,1031,898,41.4,509,1420,403
55950,117,64,53,62.8,4,113,48
55951,1332,731,601,47.1,315,1017,325
55952,2759,1424,1335,36.2,716,2043,398
55953,877,505,372,42.5,201,676,169
55954,1356,651,705,45.1,315,1041,339
55955,2679,1327,1352,43.1,647,2032,346
55956,2096,1122,974,46.7,458,1638,381
55957,804,422,382,42.3,221,583,149
55959,2031,1089,942,44.8,355,1676,332
55960,3256,1650,1606,42.9,920,2336,499
55961,532,256,276,38.8,151,381,115
55962,819,427,392,46.5,192,627,234
55963,5744,2909,2835,39,1520,4224,888
55964,4416,2279,2137,35.3,1361,3055,873
55965,2262,1132,1130,44.6,525,1737,477
55967,1049,556,493,40,315,734,156
55968,127,68,59,59.2,17,110,39
55969,1136,550,586,44.8,289,847,226
55970,1090,511,579,40.9,272,818,249
55971,2897,1460,1437,44,683,2214,672
55972,5326,2780,2546,37.9,1464,3862,774
55973,255,136,119,42.5,51,204,30
55974,2104,1056,1048,47.2,470,1634,654
55975,4613,2388,2225,40.5,1153,3460,893
55976,8526,3887,4639,37.1,2369,6157,1226
55977,186,100,86,41,55,131,38
55979,1027,520,507,28.5,331,696,151
55981,3869,1919,1950,53.9,558,3311,1239
55982,528,236,292,39.4,139,389,136
55983,1679,771,908,40.1,385,1294,334
55985,1762,897,865,37.3,411,1351,290
55987,34052,16589,17463,34,4845,29207,6337
55990,932,496,436,40.7,197,735,171
55991,1472,728,744,47.4,288,1184,249
55992,5535,2680,2855,43.1,1237,4298,1121
56001,50524,25442,25082,28.3,8882,41642,6875
56003,15360,7415,7945,38.1,3851,11509,2560
56007,21621,10651,10970,44.3,4746,16875,5073
56009,1458,712,746,48.2,279,1179,324
56010,1058,545,513,47.9,179,879,256
56011,9564,4967,4597,39,2513,7051,1608
56013,4469,2192,2277,44.1,934,3535,991
56014,700,369,331,48.9,155,545,161
56016,1035,554,481,38.1,247,788,159
56017,1851,971,880,47.1,473,1378,392
56019,825,441,384,43.4,209,616,185
56020,82,48,34,31.3,26,56,8
56021,1091,612,479,42.1,245,846,220
56022,74,57,17,47.4,17,57,18
56023,518,255,263,49.2,131,387,135
56024,3559,1824,1735,33.2,1018,2541,404
56025,487,258,229,39.3,124,363,100
56026,1812,927,885,46.2,397,1415,306
56027,645,317,328,46.3,122,523,168
56028,1042,548,494,46.7,193,849,275
56029,589,307,282,50.9,98,491,180
56030,17,11,6,17.5,9,8,2
56031,11861,5980,5881,46.2,2545,9316,2693
56032,353,189,164,32.9,113,240,57
56033,426,222,204,39.8,115,311,110
56034,384,206,178,48.3,32,352,53
56035,351,200,151,53.5,57,294,90
56036,1704,883,821,49.1,320,1384,335
56037,1509,768,741,47,308,1201,300
56039,932,463,469,42.4,217,715,219
56041,1028,517,511,43.1,283,745,211
56042,817,447,370,36.9,190,627,136
56043,396,180,216,51.6,55,341,105
56044,2095,1050,1045,40.9,555,1540,336
56045,944,456,488,40.3,280,664,196
56046,147,90,57,28.1,43,104,27
56048,4267,2272,1995,39,958,3309,649
56050,1435,725,710,43.2,311,1124,319
56051,737,387,350,43.5,186,551,148
56052,575,307,268,52.5,95,480,132
56054,1005,498,507,36.1,229,776,173
56055,3844,1920,1924,41.7,938,2906,762
56056,64,31,33,55.5,3,61,16
56057,3916,2037,1879,40.5,830,3086,574
56058,6087,2987,3100,40.2,1355,4732,1157
56060,439,208,231,41,103,336,78
56062,3307,1653,1654,37.5,857,2450,619
56063,3062,1546,1516,44.3,761,2301,616
56065,2802,1427,1375,37.3,772,2030,484
56068,984,520,464,45.3,209,775,176
56069,4864,2464,2400,40.3,1228,3636,874
56071,13252,6887,6365,36.7,3735,9517,1826
56072,2127,1104,1023,45.3,454,1673,476
56073,17418,8528,8890,40.4,3829,13589,3603
56074,1716,802,914,35.8,385,1331,299
56075,137,81,56,40.8,28,109,40
56078,490,264,226,33.4,138,352,68
56080,762,424,338,35.2,225,537,52
56081,6082,3197,2885,41.1,1492,4590,1220
56082,14544,7745,6799,36.2,2534,12010,2342
56083,819,397,422,46.6,177,642,185
56085,5171,2708,2463,46,1039,4132,1110
56087,3054,1566,1488,44.8,738,2316,819
56088,2062,1056,1006,36.3,467,1595,453
56089,242,137,105,42.5,58,184,38
56090,610,330,280,40.1,116,494,80
56091,280,134,146,53.1,58,222,78
56093,12658,5823,6835,39.8,3025,9633,2208
56096,2788,1432,1356,48.5,470,2318,635
56097,3614,1871,1743,46.6,837,2777,852
56098,1964,1054,910,45.8,349,1615,472
56101,6079,3089,2990,41.1,1412,4667,1439
56110,1659,844,815,37.5,493,1166,308
56111,353,173,180,51.3,62,291,35
56113,237,106,131,39.6,63,174,47
56114,341,192,149,50.7,68,273,72
56115,1290,695,595,37.4,349,941,244
56116,590,315,275,37.3,191,399,90
56117,374,215,159,38.4,97,277,48
56118,519,288,231,44.8,148,371,95
56119,1039,584,455,41.2,267,772,146
56120,991,490,501,46.4,203,788,275
56121,598,325,273,47.7,93,505,172
56122,668,355,313,45.9,153,515,155
56123,382,209,173,57.4,78,304,139
56125,45,21,24,67.3,0,45,24
56127,539,231,308,42.2,146,393,157
56128,2063,1106,957,39,582,1481,460
56129,832,397,435,38.1,247,585,163
56131,2321,1155,1166,45.1,536,1785,527
56132,464,242,222,59.4,59,405,151
56134,369,171,198,44.4,80,289,73
56136,1231,594,637,53.8,224,1007,400
56137,1104,577,527,42.1,238,866,241
56138,1052,512,540,42.5,280,772,184
56139,476,209,267,33,145,331,71
56140,61,21,40,65.8,11,50,33
56141,332,170,162,41.3,97,235,70
56142,998,526,472,42.3,241,757,262
56143,4523,2315,2208,47,892,3631,1051
56144,1082,506,576,45.1,254,828,214
56145,462,232,230,44.3,116,346,101
56146,48,28,20,37.8,7,41,8
56147,125,82,43,32.3,40,85,25
56149,1135,538,597,42.9,291,844,227
56150,2815,1424,1391,41.6,691,2124,675
56151,645,348,297,49.3,131,514,155
56152,1370,692,678,43.2,353,1017,264
56153,138,76,62,52.5,38,100,53
56155,535,316,219,43.9,127,408,79
56156,6352,3043,3309,39.4,1592,4760,1324
56157,814,421,393,34.4,271,543,78
56158,352,156,196,49.2,55,297,97
56159,2595,1219,1376,38.6,762,1833,519
56160,233,117,116,38.6,66,167,59
56161,315,162,153,45,65,250,50
56162,248,142,106,39.7,62,186,75
56164,5642,2741,2901,40.6,1549,4093,1134
56165,333,173,160,51.9,66,267,86
56166,204,98,106,47,41,163,50
56167,645,347,298,48.2,105,540,157
56168,768,395,373,43.2,187,581,172
56169,683,365,318,47.2,147,536,123
56170,502,262,240,49.8,105,397,109
56171,1612,798,814,50.1,361,1251,485
56172,2948,1432,1516,44.4,609,2339,828
56173,255,139,116,37.8,56,199,47
56174,345,195,150,44.1,86,259,79
56175,2964,1500,1464,40.4,776,2188,607
56176,999,509,490,41.9,196,803,241
56178,1733,904,829,42.8,436,1297,358
56180,1218,644,574,35.1,343,875,231
56181,1187,600,587,38.1,307,880,222
56183,1285,655,630,47.3,249,1036,342
56185,483,276,207,53.8,65,418,150
56186,419,236,183,36.6,118,301,56
56187,15355,7744,7611,33.9,4442,10913,2449
56201,24685,12056,12629,37.4,6262,18423,4635
56207,226,118,108,50.3,50,176,62
56208,2089,1091,998,51.9,465,1624,616
56209,2565,1411,1154,36.5,722,1843,395
56210,15,3,12,33.5,7,8,2
56211,544,291,253,39.6,139,405,73
56212,511,257,254,47.5,103,408,103
56214,639,315,324,42.1,152,487,153
56215,4696,2358,2338,43.8,1037,3659,1065
56216,671,362,309,44.5,115,556,136
56218,503,300,203,49.9,74,429,120
56219,981,474,507,46.3,249,732,261
56220,2621,1325,1296,45.1,577,2044,638
56221,802,427,375,41.8,166,636,204
56222,2185,1053,1132,39.6,545,1640,443
56223,1514,719,795,35.8,419,1095,288
56224,313,167,146,38.3,105,208,38
56225,678,319,359,54,158,520,165
56226,195,107,88,41.9,49,146,43
56227,242,133,109,49.2,51,191,51
56228,912,471,441,46.8,134,778,169
56229,1743,900,843,41.7,411,1332,289
56230,708,371,337,39.3,175,533,160
56231,355,179,176,43.3,92,263,70
56232,2308,1185,1123,41.1,577,1731,551
56235,500,236,264,39.5,80,420,107
56236,428,220,208,51.1,78,350,73
56237,537,255,282,47.1,116,421,121
56239,608,321,287,40.4,151,457,95
56240,873,427,446,44.6,231,642,250
56241,3696,1895,1801,41.6,826,2870,878
56243,1864,1008,856,37.3,525,1339,302
56244,1714,867,847,33,528,1186,268
56245,534,309,225,34.5,139,395,56
56248,811,450,361,48.4,120,691,202
56249,283,152,131,48.6,45,238,80
56251,901,487,414,43,198,703,148
56252,1246,591,655,41.6,341,905,253
56253,833,467,366,49.3,148,685,211
56255,381,208,173,40,98,283,58
56256,2358,1131,1227,55.5,383,1975,770
56257,453,227,226,47.4,108,345,138
56258,15593,7495,8098,35.1,4109,11484,2519
56260,898,480,418,48.2,152,746,182
56262,693,357,336,42.3,134,559,154
56263,486,265,221,40.6,120,366,104
56264,2175,1070,1105,41.7,537,1638,461
56265,7666,3946,3720,42.2,1875,5791,1666
56266,1542,768,774,40.8,359,1183,316
56267,6746,3463,3283,32.4,1412,5334,1091
56270,1155,570,585,34.9,336,819,214
56271,1322,774,548,37,287,1035,222
56273,5004,2549,2455,42.1,1204,3800,1106
56274,247,138,109,39.3,76,171,43
56276,219,117,102,48.1,25,194,52
56277,3089,1598,1491,38.5,736,2353,626
56278,2740,1386,1354,48.5,517,2223,754
56279,1129,588,541,36.8,255,874,202
56280,499,277,222,43.5,95,404,91
56281,642,325,317,32.4,187,455,126
56282,1497,801,696,36.9,389,1108,253
56283,6410,3182,3228,41.2,1477,4933,1526
56284,2108,1041,1067,35.9,621,1487,399
56285,1145,578,567,50.4,266,879,194
56287,100,50,50,21.3,42,58,8
56288,4728,2585,2143,49.5,911,3817,1160
56289,616,331,285,50.3,136,480,178
56291,433,225,208,43.3,105,328,80
56292,591,281,310,36.1,176,415,75
56293,1183,595,588,48.1,300,883,281
56294,82,48,34,59.5,3,79,28
56295,323,158,165,41.3,78,245,41
56296,1858,894,964,46.3,361,1497,542
56297,836,411,425,44.1,174,662,137
56301,35150,17747,17403,26.9,7786,27364,3732
56303,25299,12937,12362,37.1,5076,20223,4574
56304,16884,8942,7942,31.9,3792,13092,2254
56307,5374,2534,2840,39.1,1524,3850,944
56308,26369,13127,13242,42.9,5602,20767,6197
56309,1421,708,713,46,366,1055,307
56310,5209,2684,2525,40,1139,4070,787
56311,692,354,338,55,116,576,243
56312,2240,1207,1033,36.1,617,1623,339
56313,45,22,23,51.6,5,40,12
56314,1371,750,621,42.1,330,1041,193
56315,1897,948,949,40.5,478,1419,356
56316,1493,803,690,43.9,322,1171,297
56318,1076,573,503,46,255,821,190
56319,1256,645,611,47.5,267,989,287
56320,8447,4162,4285,42.6,2120,6327,1563
56321,1588,1577,11,20,7,1581,105
56323,601,289,312,39.9,129,472,125
56324,1072,589,483,47.7,220,852,216
56325,195,101,94,45.6,41,154,63
56326,1820,969,851,43.5,471,1349,421
56327,806,435,371,54.6,157,649,249
56328,169,76,93,57.7,29,140,40
56329,7866,4073,3793,36.2,2287,5579,1105
56330,1851,981,870,37.2,591,1260,217
56331,2245,1173,1072,33.1,677,1568,376
56332,1639,888,751,42.9,343,1296,302
56334,5875,3014,2861,46.7,1235,4640,1555
56335,227,122,105,35.6,60,167,42
56336,1590,852,738,54.3,245,1345,440
56338,1583,835,748,51.3,274,1309,372
56339,1009,484,525,37.7,275,734,187
56340,2294,1214,1080,39,584,1710,283
56342,2692,1485,1207,56.1,443,2249,832
56343,845,448,397,50.6,152,693,231
56345,15121,7358,7763,42.4,3304,11817,3408
56347,8109,4006,4103,39,2073,6036,1590
56349,769,425,344,45.9,171,598,135
56350,391,239,152,53.7,61,330,140
56352,5912,3121,2791,42.4,1440,4472,1243
56353,9409,4930,4479,38.7,2233,7176,1379
56354,1365,709,656,49,277,1088,311
56355,626,326,300,33.8,222,404,59
56356,267,141,126,35.5,74,193,53
56357,1164,602,562,36,375,789,125
56358,3181,1637,1544,43,733,2448,599
56359,3549,1754,1795,42.3,969,2580,746
56360,3748,1898,1850,51.8,708,3040,1120
56361,2650,1370,1280,41.1,633,2017,595
56362,5659,2983,2676,46.7,1188,4471,1373
56363,247,116,131,34.5,62,185,36
56364,5736,2891,2845,38.5,1517,4219,992
56367,7046,3632,3414,39.9,1735,5311,880
56368,4087,2077,2010,45.8,895,3192,884
56369,459,245,214,31.2,114,345,77
56371,101,67,34,35.6,28,73,19
56373,3240,1756,1484,39,856,2384,450
56374,10049,4566,5483,32,1890,8159,1345
56375,782,416,366,37.1,144,638,102
56376,301,137,164,38.4,66,235,51
56377,20852,10319,10533,34.1,5974,14878,2801
56378,8517,4276,4241,38.5,1931,6586,1767
56379,17251,8558,8693,36.1,4557,12694,2492
56381,2315,1169,1146,48.5,460,1855,588
56382,1360,729,631,43.8,295,1065,283
56384,324,184,140,36.7,83,241,51
56385,876,440,436,48.2,174,702,217
56386,654,327,327,53.9,117,537,200
56387,7703,3694,4009,39.9,1640,6063,1709
56389,77,42,35,36.1,16,61,1
56401,31347,15498,15849,39.9,7129,24218,5976
56425,8626,4101,4525,43.7,1872,6754,2042
56431,8958,4448,4510,57.3,1475,7483,3143
56433,1584,806,778,55.6,219,1365,485
56434,231,130,101,38.6,66,165,31
56435,2833,1447,1386,51.7,543,2290,735
56437,1351,709,642,35.3,401,950,208
56438,2796,1475,1321,43.8,677,2119,669
56440,1401,714,687,43.4,394,1007,352
56441,3601,1749,1852,51.6,601,3000,1106
56442,2688,1404,1284,60.9,314,2374,1118
56443,1375,688,687,56.3,218,1157,379
56444,3305,1594,1711,51.2,760,2545,879
56446,1604,835,769,40.9,435,1169,341
56447,846,399,447,59.4,128,718,314
56448,396,230,166,64.3,18,378,180
56449,1955,1106,849,40.3,497,1458,338
56450,1021,570,451,58.7,153,868,333
56452,1832,941,891,61.1,148,1684,738
56453,818,429,389,42.8,166,652,141
56455,1588,790,798,38.6,459,1129,305
56458,356,198,158,47.5,63,293,91
56461,3351,1787,1564,43.1,749,2602,667
56464,4858,2415,2443,37.4,1587,3271,951
56465,2241,1158,1083,54.5,338,1903,631
56466,3036,1543,1493,49.5,560,2476,824
56467,2719,1397,1322,54.5,557,2162,819
56468,4522,2422,2100,52.8,720,3802,1211
56469,950,517,433,60.9,106,844,346
56470,10653,5409,5244,48.9,2141,8512,2977
56472,8521,4488,4033,41.9,2046,6475,1931
56473,3264,1730,1534,46,691,2573,610
56474,4444,2357,2087,47.5,898,3546,1120
56475,1722,990,732,42.2,386,1336,301
56477,2608,1281,1327,42.9,644,1964,515
56479,4891,2570,2321,44,1199,3692,1205
56481,2375,1195,1180,38.2,685,1690,461
56482,7456,3753,3703,39,1931,5525,1331
56484,3178,1543,1635,54,528,2650,1057
56501,18085,9006,9079,43.3,3983,14102,4084
56510,2275,1108,1167,43.2,516,1759,479
56511,1937,984,953,44.1,452,1485,466
56514,3943,1993,1950,35.2,1121,2822,557
56515,2799,1344,1455,59.6,384,2415,1107
56516,320,173,147,34.5,91,229,53
56517,279,143,136,43.2,82,197,54
56518,402,210,192,31.4,125,277,68
56519,304,157,147,43.3,81,223,82
56520,3889,2067,1822,42.8,786,3103,733
56521,795,404,391,44.2,138,657,147
56522,505,247,258,38.8,126,379,105
56523,395,212,183,41.5,106,289,88
56524,706,393,313,54.1,150,556,210
56525,75,40,35,59.5,5,70,29
56527,895,456,439,40.1,222,673,153
56528,1721,902,819,53.5,305,1416,477
56529,4621,2236,2385,39.3,1104,3517,564
56531,1915,985,930,41.8,466,1449,409
56533,282,157,125,45,63,219,39
56534,1284,692,592,52.6,285,999,252
56535,1242,672,570,51.6,295,947,391
56536,407,197,210,41.7,98,309,113
56537,19870,9463,10407,42.7,4383,15487,4461
56540,1916,896,1020,42,500,1416,457
56541,47,32,15,45.7,13,34,15
56542,2434,1224,1210,48.3,543,1891,666
56543,231,116,115,38.1,59,172,33
56544,5683,2948,2735,41.6,1383,4300,1098
56545,660,372,288,37.5,180,480,125
56546,233,122,111,41.3,54,179,43
56547,2868,1419,1449,36.8,840,2028,430
56548,754,404,350,41.6,184,570,165
56549,4839,2344,2495,39.4,1486,3353,827
56550,267,132,135,43.2,67,200,44
56551,2191,1144,1047,51.6,401,1790,741
56552,540,308,232,40.7,176,364,130
56553,197,120,77,60.4,17,180,81
56554,2698,1339,1359,47.6,626,2072,631
56556,1303,760,543,35.4,333,970,286
56557,2863,1446,1417,36.3,888,1975,478
56560,43860,22043,21817,32.2,10659,33201,5719
56562,502,165,337,19.5,4,498,0
56563,1449,564,885,19.6,0,1449,0
56565,121,64,57,24.7,44,77,2
56566,613,320,293,26.4,217,396,78
56567,3163,1666,1497,38.3,803,2360,620
56568,138,67,71,51.8,27,111,29
56569,1275,608,667,36.5,356,919,259
56570,1162,612,550,51.1,210,952,303
56571,1716,905,811,59.1,243,1473,575
56572,5854,3035,2819,46.5,1287,4567,1408
56573,6733,3396,3337,42.5,1551,5182,1565
56574,282,129,153,53.5,34,248,43
56575,648,322,326,55.6,158,490,200
56576,860,460,400,59.5,140,720,307
56578,713,396,317,51.1,161,552,168
56579,1105,597,508,37,297,808,160
56580,1253,655,598,36.9,410,843,142
56581,262,142,120,47.2,42,220,64
56583,165,98,67,40.4,43,122,29
56584,1386,760,626,48,336,1050,324
56585,1063,555,508,50.3,241,822,343
56586,1808,948,860,51.6,368,1440,484
56587,1203,624,579,56.2,205,998,389
56588,461,261,200,53.5,77,384,156
56589,1819,937,882,39.8,531,1288,381
56590,368,203,165,50.2,64,304,98
56591,683,334,349,26.1,261,422,57
56592,527,286,241,34.3,185,342,84
56594,512,266,246,39.6,121,391,98
56601,34476,17126,17350,35.7,7833,26643,5941
56621,4482,2202,2280,41.3,1075,3407,912
56623,2657,1331,1326,55,402,2255,848
56626,314,118,196,33,134,180,22
56627,206,101,105,62.9,8,198,89
56628,1543,807,736,60.4,234,1309,646
56629,191,81,110,57.3,31,160,63
56630,2086,977,1109,47.2,433,1653,477
56633,4804,2485,2319,30.1,1626,3178,729
56634,1835,939,896,37.3,533,1302,321
56636,4938,2634,2304,47.1,1036,3902,1208
56637,168,74,94,51,28,140,34
56639,368,186,182,59.8,37,331,136
56641,406,214,192,42.5,106,300,97
56644,683,371,312,48.3,150,533,166
56646,328,159,169,37.5,91,237,67
56647,833,453,380,40.3,166,667,153
56649,8892,4565,4327,46.8,1697,7195,2175
56650,958,455,503,51.9,169,789,309
56651,618,315,303,41.7,204,414,100
56652,406,182,224,44.8,119,287,107
56653,1243,652,591,54.3,167,1076,340
56654,63,23,40,44.9,17,46,18
56655,1446,744,702,64.5,140,1306,708
56657,194,114,80,66.4,9,185,102
56658,0,0,0,-,0,0,0
56659,173,95,78,42.8,40,133,40
56660,306,146,160,62.8,52,254,126
56661,976,447,529,50.6,210,766,299
56662,581,311,270,62.5,37,544,240
56663,153,97,56,59.3,11,142,42
56666,1202,646,556,18.2,592,610,107
56667,785,395,390,36.2,214,571,136
56668,213,96,117,47.9,40,173,69
56669,261,130,131,62.2,28,233,101
56670,1228,623,605,29.2,499,729,80
56671,2960,1572,1388,23.9,1241,1719,189
56672,1960,986,974,55.4,333,1627,657
56673,529,359,170,35.2,166,363,56
56676,1729,910,819,44.1,359,1370,388
56678,1755,927,828,37.6,477,1278,247
56680,113,65,48,59.3,16,97,49
56681,258,134,124,57.8,24,234,75
56683,607,314,293,50.1,113,494,152
56684,400,203,197,40.9,92,308,83
56685,95,54,41,66.3,3,92,51
56686,1027,586,441,43.4,238,789,194
56688,113,66,47,59.3,25,88,52
56701,12898,6470,6428,39.7,2819,10079,2433
56710,400,207,193,45.3,99,301,110
56711,65,28,37,55.2,0,65,8
56713,986,495,491,41,261,725,194
56714,1203,698,505,41.3,281,922,219
56715,303,170,133,59.6,44,259,120
56716,9048,4541,4507,40.5,1797,7251,1842
56720,9,3,6,61.8,0,9,4
56721,10905,5657,5248,34.4,3109,7796,1254
56722,357,183,174,41.3,82,275,67
56723,827,447,380,40.5,185,642,139
56724,109,56,53,57.6,22,87,43
56725,971,513,458,41.8,257,714,171
56726,1521,776,745,39.4,392,1129,275
56727,879,507,372,46.4,172,707,161
56728,1135,569,566,52.1,253,882,322
56729,127,63,64,44.8,42,85,19
56731,116,45,71,52.1,33,83,16
56732,1006,492,514,48.7,177,829,268
56733,368,182,186,41.9,84,284,81
56734,596,314,282,57.8,75,521,203
56735,732,372,360,42.8,199,533,162
56736,650,345,305,56.8,103,547,211
56737,719,360,359,46.3,152,567,205
56738,1435,730,705,39.7,353,1082,338
56742,834,431,403,38.5,253,581,128
56744,600,305,295,33.6,192,408,88
56748,608,319,289,43.1,122,486,115
56750,2306,1184,1122,44.3,558,1748,529
56751,5744,2854,2890,41.7,1408,4336,1119
56754,483,275,208,41,118,365,42
56755,65,37,28,59.6,8,57,19
56756,655,332,323,35.2,169,486,73
56757,807,363,444,56.8,122,685,203
56758,326,148,178,51.9,60,266,110
56759,367,204,163,45.9,70,297,57
56760,405,238,167,48.3,51,354,80
56761,388,225,163,52.3,65,323,85
56762,2407,1177,1230,39.3,643,1764,536
56763,5201,2851,2350,42.6,1179,4022,936
57001,1608,861,747,50.3,328,1280,556
57002,1647,818,829,29.9,432,1215,154
57003,2136,1157,979,34.1,711,1425,191
57004,3900,1999,1901,36.9,1115,2785,731
57005,12169,6268,5901,39.2,3517,8652,1456
57006,23402,12121,11281,28.1,4798,18604,3020
57007,2366,1138,1228,19.2,9,2357,0
57010,529,338,191,46,75,454,68
57012,1122,589,533,37.6,261,861,162
57013,4512,2193,2319,45.7,1031,3481,1056
57014,1763,932,831,41,447,1316,347
57015,846,450,396,38.9,257,589,114
57016,704,378,326,48.7,121,583,197
57017,1481,804,677,34.3,463,1018,217
57018,1445,710,735,36.7,439,1006,264
57020,1885,1012,873,39.3,508,1377,176
57021,437,236,201,45.2,112,325,52
57022,5544,2753,2791,38.8,1581,3963,918
57024,473,240,233,42.3,132,341,77
57025,3063,1610,1453,36.7,825,2238,408
57026,1475,778,697,34.7,423,1052,179
57027,156,86,70,75,18,138,85
57028,3105,1500,1605,40.7,816,2289,692
57029,2330,1123,1207,41.9,660,1670,533
57030,2696,1324,1372,47.1,596,2100,495
57031,766,458,308,42.8,136,630,134
57032,8960,4596,4364,32.5,2741,6219,673
57033,6050,3265,2785,36.4,1712,4338,933
57034,761,349,412,47.3,170,591,147
57035,1345,661,684,34,433,912,159
57036,640,328,312,44.2,154,486,122
57037,1008,473,535,36.2,271,737,187
57038,1577,766,811,43.8,386,1191,277
57039,3759,1894,1865,38.5,1033,2726,571
57040,299,158,141,60.5,33,266,109
57041,133,67,66,59.9,22,111,20
57042,8178,4168,4010,42.4,1713,6465,1821
57043,1537,771,766,50.6,355,1182,455
57045,1298,635,663,39.2,365,933,257
57046,702,345,357,47.6,110,592,125
57047,293,158,135,37.4,44,249,53
57048,1299,622,677,41.4,333,966,171
57049,7661,3802,3859,38,1778,5883,1365
57050,200,108,92,42.6,66,134,30
57051,226,131,95,51.5,25,201,64
57052,343,199,144,43.8,128,215,50
57053,2046,955,1091,37.7,555,1491,304
57054,584,368,216,45.5,105,479,169
57055,1200,584,616,49.7,227,973,293
57057,203,79,124,32.1,79,124,19
57058,1964,1048,916,40.9,536,1428,451
57059,1242,574,668,42,284,958,289
57061,174,84,90,24.7,73,101,16
57062,2626,2045,581,38.6,227,2399,345
57063,889,411,478,42.3,201,688,213
57064,7240,3695,3545,31.9,2450,4790,432
57065,386,219,167,49.5,59,327,114
57066,1294,670,624,56,245,1049,446
57067,255,163,92,35.9,99,156,27
57068,1666,940,726,47.1,392,1274,250
57069,12872,6311,6561,23.6,2091,10781,1318
57070,1279,617,662,46.1,260,1019,406
57071,3069,1536,1533,30.4,793,2276,457
57072,529,291,238,41,126,403,80
57073,542,279,263,52.7,145,397,202
57075,1115,621,494,56.3,158,957,299
57076,419,210,209,59.7,44,375,115
57077,1410,764,646,37.4,408,1002,170
57078,20266,10452,9814,41.4,4248,16018,4107
57103,35785,18389,17396,35.7,9685,26100,5335
57104,26627,14529,12098,34.8,5347,21280,3255
57105,22754,11456,11298,36.6,4652,18102,3806
57106,50299,25173,25126,33.9,13524,36775,5813
57107,10994,5503,5491,33.4,2616,8378,1280
57108,31255,14953,16302,37.7,7849,23406,5218
57110,21138,10430,10708,35,5992,15146,2555
57117,18,18,0,42.8,1,17,0
57197,725,256,469,19.6,12,713,0
57201,26119,13243,12876,39.2,6065,20054,4722
57212,2084,1030,1054,40.6,589,1495,422
57213,479,217,262,38.7,165,314,73
57214,176,83,93,29.5,53,123,27
57216,1584,872,712,54.9,249,1335,491
57217,237,129,108,62.8,36,201,108
57218,356,201,155,39.7,80,276,29
57219,521,255,266,38.2,136,385,120
57220,878,459,419,43.5,208,670,225
57221,1020,533,487,24.6,349,671,177
57223,1317,672,645,36.1,410,907,190
57224,168,98,70,65.5,13,155,90
57225,1745,865,880,45.4,441,1304,480
57226,1820,943,877,43.6,394,1426,480
57227,511,254,257,19.8,244,267,44
57231,1733,891,842,44.9,428,1305,500
57232,540,236,304,38.5,151,389,93
57233,257,169,88,20.6,101,156,32
57234,1372,711,661,39.6,406,966,248
57235,843,432,411,49.1,214,629,214
57236,120,61,59,37.9,36,84,36
57237,691,352,339,43.3,176,515,127
57238,306,176,130,55.3,63,243,96
57239,387,216,171,60.7,55,332,164
57241,998,492,506,31,342,656,126
57242,415,235,180,32.8,132,283,35
57243,569,236,333,50.7,120,449,155
57245,196,100,96,39.5,53,143,28
57246,145,70,75,60.4,21,124,48
57247,175,96,79,34,38,137,45
57248,1083,581,502,31.7,345,738,181
57249,950,472,478,50.5,149,801,240
57251,191,145,46,21,57,134,14
57252,4669,2256,2413,43.7,979,3690,1088
57255,526,247,279,31.2,171,355,93
57256,223,129,94,44.3,61,162,32
57257,574,351,223,32.5,205,369,83
57258,261,158,103,38.9,48,213,46
57259,605,340,265,37.5,166,439,132
57260,1029,524,505,45.8,255,774,210
57261,296,136,160,61,50,246,140
57262,5389,2737,2652,33.3,1656,3733,911
57263,477,238,239,40.5,158,319,92
57264,252,131,121,43,51,201,50
57265,204,98,106,31.3,54,150,34
57266,571,326,245,30.2,190,381,61
57268,520,271,249,45.6,126,394,99
57269,179,89,90,54.3,27,152,47
57270,758,359,399,37.6,189,569,211
57271,224,115,109,26.1,107,117,40
57272,208,92,116,32.2,76,132,17
57273,1173,560,613,39.4,364,809,254
57274,2685,1422,1263,44,535,2150,645
57276,1018,547,471,38.9,247,771,175
57278,972,478,494,25.2,409,563,130
57279,933,522,411,54.2,173,760,277
57301,18967,9381,9586,39.7,4480,14487,3860
57311,1699,863,836,37.4,471,1228,290
57312,673,322,351,46,171,502,156
57313,1193,585,608,39,370,823,291
57314,648,321,327,36.7,165,483,102
57315,1064,555,509,36.3,357,707,215
57317,641,372,269,46.1,165,476,116
57319,936,488,448,42.2,315,621,180
57321,342,175,167,35.7,98,244,24
57322,315,185,130,46.8,91,224,63
57323,212,90,122,57.9,46,166,86
57324,396,206,190,38,114,282,62
57325,3199,1613,1586,41,728,2471,571
57328,1173,563,610,41.1,253,920,277
57329,350,177,173,47.2,75,275,77
57330,548,257,291,36.6,179,369,112
57331,237,118,119,51.8,33,204,42
57332,767,369,398,40.2,191,576,142
57334,809,394,415,37.6,247,562,132
57335,227,86,141,45.8,59,168,65
57337,61,22,39,70.4,0,61,38
57339,1341,729,612,23.4,510,831,84
57340,186,107,79,42.5,30,156,31
57341,146,52,94,15.9,74,72,17
57342,298,151,147,53.4,59,239,72
57344,103,60,43,71.8,0,103,77
57345,1094,564,530,45.3,260,834,299
57346,43,35,8,59.9,0,43,0
57348,891,453,438,43.6,286,605,256
57349,1498,794,704,47.8,326,1172,394
57350,15899,7736,8163,37.1,4402,11497,2993
57353,806,425,381,40.1,228,578,127
57354,15,4,11,80.9,0,15,15
57355,1323,751,572,39.2,397,926,227
57356,2195,1143,1052,33.8,680,1515,343
57358,9,5,4,64.2,0,9,2
57359,612,339,273,38.4,160,452,104
57361,191,144,47,44.2,38,153,26
57362,1935,947,988,48.7,393,1542,537
57363,905,463,442,35.1,268,637,108
57364,4,0,4,-,0,4,4
57365,522,280,242,55.5,86,436,161
57366,2728,1408,1320,37.4,728,2000,455
57367,289,146,143,52.6,68,221,79
57368,1074,551,523,38.7,290,784,124
57369,2671,1315,1356,39.2,789,1882,571
57370,739,423,316,36,187,552,112
57371,191,107,84,24.8,25,166,40
57373,383,197,186,50.4,84,299,77
57374,290,162,128,48.8,77,213,61
57375,632,328,304,34.9,178,454,124
57376,865,460,405,48.1,165,700,258
57379,73,35,38,47.5,18,55,9
57380,3410,1574,1836,30.5,1185,2225,543
57381,426,200,226,39.9,81,345,75
57382,1141,559,582,55.8,201,940,396
57383,817,446,371,48.3,183,634,233
57384,1156,575,581,37.9,308,848,224
57385,1335,674,661,44.5,332,1003,388
57386,342,202,140,38.1,83,259,54
57401,32217,15840,16377,36.4,7299,24918,5477
57420,186,129,57,37.1,66,120,64
57421,54,18,36,11.1,34,20,2
57422,157,83,74,43.5,30,127,25
57424,306,142,164,38.6,85,221,46
57426,48,31,17,54.5,12,36,24
57427,438,250,188,46,65,373,80
57428,498,247,251,49,108,390,168
57429,71,30,41,58.5,4,67,28
57430,1900,973,927,47.5,358,1542,471
57432,239,131,108,49.4,43,196,49
57433,355,210,145,46.9,78,277,123
57434,485,203,282,46.6,87,398,109
57435,282,144,138,51.6,67,215,71
57436,483,215,268,56.5,80,403,137
57437,1338,601,737,59.8,201,1137,581
57438,1034,474,560,43.3,206,828,320
57439,22,1,21,-,0,22,22
57440,506,242,264,43.7,45,461,85
57441,607,317,290,49.2,135,472,117
57442,2129,1066,1063,42.6,587,1542,508
57445,1910,999,911,37.1,491,1419,375
57446,628,250,378,37.9,225,403,132
57448,446,279,167,54.1,91,355,132
57449,333,155,178,27.3,134,199,67
57450,567,277,290,46.2,117,450,132
57451,2543,1259,1284,40.1,628,1915,477
57452,243,101,142,39.4,39,204,34
57454,726,407,319,40,207,519,139
57455,131,54,77,57.8,23,108,46
57456,674,328,346,41.4,182,492,107
57457,88,60,28,48.9,16,72,23
57460,321,183,138,45.5,74,247,72
57461,304,149,155,40.9,87,217,66
57465,405,187,218,42.8,112,293,50
57466,190,92,98,60.3,48,142,69
57467,386,214,172,33.5,167,219,74
57468,277,164,113,50.3,64,213,60
57469,3109,1736,1373,44.6,720,2389,717
57470,117,60,57,34.9,50,67,21
57471,505,292,213,44,102,403,93
57472,1077,541,536,40.6,286,791,256
57473,288,128,160,48.8,113,175,60
57474,234,116,118,47.4,66,168,45
57475,119,64,55,66.3,12,107,66
57476,427,253,174,47.5,117,310,69
57477,128,71,57,33.7,48,80,18
57479,599,346,253,38,165,434,77
57481,375,192,183,41.3,89,286,74
57501,17380,8651,8729,39.3,4260,13120,2983
57520,145,71,74,62.3,8,137,64
57521,201,105,96,28.4,95,106,60
57522,496,307,189,39,60,436,96
57523,968,531,437,48.3,218,750,287
57528,1014,479,535,35.3,346,668,271
57529,271,160,111,47.2,37,234,53
57531,93,49,44,44.2,26,67,10
57532,2937,1711,1226,42.2,688,2249,604
57533,1697,820,877,42.7,422,1275,416
57534,148,73,75,37.8,24,124,7
57536,313,172,141,49.4,84,229,68
57537,130,57,73,24.9,27,103,42
57538,258,150,108,44.2,52,206,67
57540,162,74,88,53.2,20,142,9
57541,194,120,74,45.1,49,145,39
57543,837,366,471,39.3,167,670,229
57544,451,239,212,34.7,123,328,105
57547,111,67,44,63.2,0,111,47
57548,1651,863,788,24.9,637,1014,174
57551,2085,1016,1069,34.9,667,1418,300
57552,540,267,273,53,95,445,183
57553,202,107,95,29.8,54,148,39
57555,3516,1744,1772,27.9,1411,2105,297
57559,752,321,431,33.7,230,522,150
57560,497,273,224,38,110,387,56
57562,120,17,103,49.2,44,76,38
57563,62,46,16,41.4,19,43,12
57564,797,408,389,53.2,192,605,178
57566,990,589,401,20.9,443,547,14
57567,1027,441,586,56,210,817,280
57568,635,341,294,51,104,531,89
57569,252,128,124,30.5,55,197,86
57570,2572,1255,1317,23.5,977,1595,131
57571,31,15,16,58.5,8,23,12
57572,1474,720,754,26.4,526,948,124
57574,106,39,67,51.4,23,83,11
57576,87,41,46,53.6,0,87,11
57577,1175,497,678,23.8,505,670,53
57579,1346,637,709,35.9,399,947,243
57580,4168,2098,2070,45.6,878,3290,912
57584,80,41,39,66.7,5,75,46
57585,110,53,57,51.5,28,82,30
57601,3514,1756,1758,41.1,770,2744,772
57620,606,319,287,45.6,160,446,130
57621,250,134,116,24.6,103,147,13
57622,280,127,153,27.2,57,223,20
57623,912,429,483,35,225,687,120
57625,3906,1961,1945,26.8,1493,2413,301
57626,802,400,402,50.1,172,630,194
57630,31,17,14,59.6,0,31,6
57631,348,171,177,58.5,21,327,134
57632,730,409,321,41.3,231,499,152
57633,402,210,192,38.2,98,304,58
57634,157,76,81,23.7,71,86,17
57636,77,44,33,48.2,13,64,25
57638,1910,950,960,49.8,318,1592,559
57639,355,165,190,21.5,158,197,11
57640,44,32,12,48.6,5,39,4
57641,235,127,108,49.8,52,183,65
57642,2009,1003,1006,26.7,770,1239,204
57644,259,127,132,57,55,204,89
57645,142,75,67,51.1,27,115,43
57646,267,128,139,39.1,77,190,45
57648,419,220,199,52.4,53,366,123
57649,255,133,122,43.4,85,170,34
57650,13,10,3,51.5,5,8,0
57651,73,39,34,33.9,31,42,5
57652,409,216,193,20.7,178,231,4
57656,842,417,425,32.8,262,580,120
57657,218,125,93,31.3,69,149,37
57658,410,212,198,26.1,161,249,26
57659,12,9,3,38.2,5,7,2
57660,95,46,49,32.9,25,70,19
57661,183,95,88,26.2,57,126,11
57701,45046,22626,22420,37.2,9862,35184,8154
57702,34985,18072,16913,47.1,7129,27856,8766
57703,16951,9000,7951,38,4028,12923,2299
57706,2339,1537,802,21.8,536,1803,0
57714,1168,525,643,20,572,596,89
57716,362,221,141,47.6,18,344,85
57717,8468,4138,4330,38.5,2015,6453,1579
57718,7507,3693,3814,41.4,1571,5936,1625
57719,11583,5942,5641,31.1,2827,8756,1025
57720,695,372,323,46.3,145,550,141
57722,143,83,60,61.7,13,130,62
57724,238,128,110,60.8,10,228,105
57725,245,104,141,65.9,21,224,131
57730,5809,2749,3060,57,816,4993,1861
57732,1944,1032,912,57.2,174,1770,647
57735,1614,862,752,43.7,386,1228,339
57737,47,18,29,-,0,47,0
57738,364,230,134,60.9,29,335,177
57741,134,81,53,60.5,13,121,23
57744,2243,1218,1025,43.9,612,1631,371
57745,1851,1028,823,47.7,414,1437,354
57747,5590,2843,2747,59.4,735,4855,2016
57748,295,155,140,28.8,120,175,41
57750,197,90,107,32.3,58,139,24
57751,947,468,479,55.5,190,757,198
57752,2439,1075,1364,23.2,980,1459,160
57754,3542,1692,1850,53.3,517,3025,1075
57755,130,48,82,28.9,34,96,10
57756,681,295,386,32.8,212,469,80
57758,60,18,42,20.7,8,52,0
57759,338,196,142,21.8,23,315,65
57760,951,497,454,49.7,163,788,234
57761,1188,604,584,39.7,356,832,198
57762,517,232,285,51.8,114,403,155
57763,384,203,181,47.6,103,281,88
57764,1968,1135,833,28.1,626,1342,104
57766,123,52,71,64.6,0,123,58
57767,180,110,70,57.1,47,133,65
57769,4121,2137,1984,40.5,1152,2969,469
57770,5815,2837,2978,25.9,2256,3559,429
57772,1381,742,639,26.2,492,889,135
57773,221,123,98,44.2,61,160,14
57775,358,186,172,33.5,123,235,42
57776,0,0,0,-,0,0,0
57779,267,75,192,58.3,0,267,24
57780,64,51,13,57.9,0,64,9
57782,63,21,42,42.2,28,35,12
57783,16533,8198,8335,41.2,3024,13509,3677
57785,10523,5306,5217,43.1,2232,8291,2083
57787,677,350,327,33.7,214,463,21
57788,675,230,445,37.5,86,589,162
57790,1076,499,577,40.8,323,753,244
57791,163,78,85,55.3,22,141,38
57792,86,42,44,76.2,0,86,86
57793,2107,1159,948,45.8,560,1547,408
57794,857,499,358,21.9,346,511,21
57799,565,199,366,19.4,0,565,0
58001,261,136,125,36.4,75,186,65
58002,0,0,0,-,0,0,0
58004,371,202,169,40.5,75,296,68
58005,892,494,398,38.7,251,641,105
58006,508,271,237,40.5,151,357,99
58007,114,67,47,38.3,16,98,18
58008,213,116,97,48.7,44,169,48
58009,30,16,14,58.2,0,30,5
58011,441,236,205,48.3,101,340,97
58012,2736,1510,1226,33.4,788,1948,312
58013,110,67,43,61.8,9,101,44
58015,256,123,133,42,56,200,24
58016,206,88,118,44.2,14,192,1
58017,326,183,143,57.2,64,262,99
58018,467,247,220,41.2,136,331,80
58021,595,318,277,38.7,182,413,30
58027,1450,725,725,50,258,1192,374
58029,77,50,27,37.1,11,66,19
58030,662,396,266,38.1,189,473,150
58031,399,173,226,35.7,130,269,30
58032,747,379,368,48.6,101,646,249
58033,433,237,196,42.4,91,342,64
58035,263,142,121,51.3,54,209,37
58036,337,178,159,41.4,78,259,46
58038,248,128,120,58.3,33,215,81
58040,1001,547,454,31.9,278,723,138
58041,1520,808,712,41.4,402,1118,388
58042,1291,612,679,36.4,413,878,101
58043,132,63,69,52.2,38,94,22
58045,2103,1069,1034,42.4,480,1623,423
58046,739,381,358,40.1,214,525,179
58047,4427,2313,2114,38.5,1409,3018,567
58048,462,250,212,40.1,108,354,57
58049,292,165,127,53.6,30,262,62
58051,1866,985,881,33.5,626,1240,196
58052,562,292,270,43.8,124,438,109
58053,1368,669,699,44.8,322,1046,349
58054,3183,1609,1574,41.8,763,2420,695
58056,141,71,70,66.5,14,127,73
58057,180,103,77,49.2,29,151,33
58058,129,56,73,39.9,36,93,29
58059,1462,775,687,33.6,408,1054,128
58060,1201,687,514,43.8,243,958,191
58061,320,165,155,42.5,92,228,39
58062,152,88,64,65,8,144,76
58063,401,201,200,43.8,126,275,76
58064,463,247,216,37.8,135,328,94
58065,9,7,2,71.5,0,9,6
58067,259,135,124,34.2,85,174,62
58068,314,173,141,39.3,76,238,51
58069,130,68,62,52,25,105,22
58071,411,197,214,49.8,65,346,95
58072,7928,3942,3986,41.9,1627,6301,1754
58074,35,19,16,-,0,35,0
58075,8955,4558,4397,36.5,1742,7213,1714
58076,528,329,199,19.6,0,528,0
58077,759,385,374,40.9,184,575,92
58078,39243,19650,19593,32.5,10821,28422,4083
58079,452,224,228,43.4,134,318,76
58081,785,382,403,37.6,219,566,129
58102,32256,17485,14771,29.1,5109,27147,3662
58103,48577,24421,24156,34.2,10105,38472,7645
58104,46165,22429,23736,34,10095,36070,5738
58105,2533,1277,1256,19.2,67,2466,0
58201,42353,21550,20803,31.9,9077,33276,6460
58202,2976,1610,1366,19.3,62,2914,0
58203,16280,8966,7314,28.3,2954,13326,1698
58204,1860,911,949,22.4,832,1028,0
58205,253,219,34,21,0,253,0
58210,269,150,119,49.4,67,202,73
58212,370,197,173,50.6,44,326,120
58214,418,208,210,49.1,86,332,97
58216,168,94,74,39.4,32,136,18
58218,775,436,339,40.3,247,528,170
58219,69,34,35,70.2,0,69,35
58220,2204,1036,1168,44.5,440,1764,493
58222,209,108,101,60.1,31,178,89
58223,138,76,62,60.5,25,113,40
58224,55,25,30,59.6,7,48,17
58225,1081,566,515,43.8,275,806,269
58227,535,251,284,47.8,96,439,100
58228,716,387,329,34.8,169,547,105
58229,62,27,35,64,5,57,31
58230,568,307,261,48.6,110,458,165
58231,459,225,234,35.8,113,346,91
58233,277,157,120,52.6,30,247,66
58235,577,265,312,41.3,175,402,70
58236,42,36,6,82.3,0,42,30
58237,5156,2607,2549,40.3,1271,3885,1019
58238,104,57,47,47.7,28,76,27
58239,20,14,6,43.7,2,18,3
58240,1171,614,557,45.6,263,908,274
58241,218,133,85,20.2,78,140,21
58243,546,303,243,43.3,166,380,88
58244,43,20,23,48.8,8,35,6
58249,2224,1128,1096,50.4,499,1725,644
58250,210,121,89,48,42,168,62
58251,1941,925,1016,46.7,410,1531,410
58254,516,271,245,54.1,76,440,172
58255,0,0,0,-,0,0,0
58256,824,424,400,37.8,243,581,126
58257,2340,1180,1160,28.9,475,1865,378
58258,263,100,163,51.5,61,202,90
58259,470,213,257,53.9,68,402,134
58260,227,127,100,52.1,62,165,83
58261,1295,663,632,44.2,327,968,211
58262,116,80,36,69.1,14,102,69
58265,561,337,224,38.9,135,426,105
58266,157,117,40,42.9,52,105,22
58267,1426,725,701,40,376,1050,360
58269,219,90,129,60.9,17,202,104
58270,1905,941,964,48.7,395,1510,518
58271,590,312,278,43.3,133,457,140
58272,229,114,115,58.9,60,169,67
58273,154,86,68,55.6,23,131,68
58274,925,482,443,37.4,263,662,184
58275,796,422,374,41,187,609,142
58276,434,209,225,55.2,63,371,128
58277,151,72,79,55.2,20,131,38
58278,1882,970,912,47.5,438,1444,228
58281,58,38,20,68.2,6,52,37
58282,1254,732,522,45.3,287,967,325
58301,10190,5016,5174,38.1,2592,7598,2046
58310,10,5,5,-,0,10,10
58311,69,39,30,35.8,5,64,18
58313,49,27,22,57.9,10,39,13
58316,5920,3016,2904,27.8,2169,3751,506
58317,188,110,78,33.5,73,115,30
58318,3874,2097,1777,43.1,844,3030,1003
58321,99,62,37,53.1,14,85,29
58323,80,55,25,18.6,36,44,8
58324,1388,709,679,47,332,1056,279
58325,64,47,17,54.5,2,62,22
58327,354,173,181,27.9,103,251,19
58329,2940,1313,1627,31.2,917,2023,420
58330,514,233,281,71.9,45,469,294
58331,172,98,74,49.1,36,136,34
58332,227,112,115,56.1,37,190,68
58335,1256,595,661,15.5,710,546,38
58338,104,62,42,51.6,20,84,31
58339,23,13,10,20.1,11,12,2
58341,2526,1209,1317,49.8,546,1980,711
58343,55,24,31,66.8,7,48,30
58344,1012,480,532,35,272,740,190
58345,157,91,66,37.8,13,144,42
58346,546,300,246,43.4,142,404,74
58348,727,357,370,51.7,131,596,204
58351,345,181,164,54.1,62,283,68
58352,480,259,221,37.7,127,353,64
58353,92,53,39,62.2,4,88,39
58355,49,30,19,34.3,17,32,13
58356,1711,852,859,46.2,336,1375,516
58357,557,313,244,36.6,165,392,137
58361,264,128,136,52.5,43,221,89
58362,20,9,11,-,0,20,0
58363,74,43,31,60.4,0,74,24
58365,167,98,69,55,8,159,61
58366,873,417,456,33.4,261,612,99
58367,1519,757,762,33.8,550,969,279
58368,3408,1679,1729,42.5,784,2624,801
58369,1011,547,464,42.3,185,826,189
58370,1255,631,624,24.8,497,758,99
58372,115,58,57,40.5,48,67,36
58374,534,309,225,55.3,104,430,123
58377,221,123,98,58.5,32,189,61
58379,286,143,143,22,130,156,14
58380,431,274,157,49.2,123,308,131
58381,440,244,196,35.9,119,321,58
58382,116,73,43,61.3,2,114,49
58384,258,133,125,56.9,23,235,69
58385,196,97,99,37,64,132,44
58386,62,37,25,59.3,2,60,21
58401,17410,8770,8640,41.6,3392,14018,3641
58402,114,91,23,80,2,112,70
58405,680,343,337,19.6,0,680,0
58413,992,472,520,59.4,117,875,341
58415,211,105,106,38.6,56,155,38
58416,404,213,191,55.1,73,331,131
58418,415,221,194,53.2,80,335,116
58420,358,159,199,32.5,147,211,19
58421,2981,1523,1458,44.9,643,2338,698
58422,202,106,96,28.3,83,119,28
58423,60,34,26,75.4,0,60,48
58424,445,273,172,26.6,138,307,35
58425,1316,612,704,50,303,1013,412
58426,195,95,100,41.6,76,119,46
58428,233,128,105,42,64,169,48
58429,271,152,119,46.4,65,206,74
58430,150,97,53,46.8,32,118,43
58431,135,75,60,64.5,5,130,59
58433,1229,562,667,49.6,264,965,366
58436,1715,887,828,37.1,376,1339,427
58438,730,357,373,53.1,144,586,143
58439,248,148,100,43,48,200,36
58440,90,53,37,40.9,23,67,22
58441,324,132,192,44.6,106,218,65
58442,496,239,257,48,130,366,139
58443,135,48,87,48.1,21,114,34
58444,161,86,75,58.7,17,144,71
58445,208,122,86,30.1,92,116,29
58448,339,190,149,54.8,47,292,69
58451,66,24,42,60,10,56,16
58452,52,43,9,13.4,33,19,4
58454,326,198,128,49,89,237,78
58455,384,170,214,33.9,118,266,75
58456,601,317,284,34.2,164,437,146
58458,1089,554,535,43.1,230,859,258
58460,137,71,66,54.5,22,115,50
58461,442,241,201,35.9,98,344,63
58463,579,298,281,57.9,48,531,236
58464,229,115,114,39.8,88,141,54
58466,460,228,232,58.6,64,396,177
58467,558,271,287,48,136,422,122
58472,398,214,184,41.3,107,291,94
58474,2806,1400,1406,38.5,735,2071,430
58475,121,63,58,61.5,9,112,54
58476,412,256,156,50.1,104,308,27
58477,147,54,93,23.2,43,104,26
58478,126,59,67,64.2,7,119,58
58479,161,83,78,55.1,24,137,36
58480,196,94,102,56,33,163,49
58481,212,94,118,44,33,179,63
58482,979,551,428,50.8,219,760,270
58483,354,205,149,48.4,87,267,82
58484,99,53,46,37.5,30,69,12
58486,164,77,87,41.1,36,128,27
58487,617,309,308,35,218,399,112
58488,149,103,46,64.3,7,142,56
58490,297,166,131,49.4,64,233,94
58492,387,201,186,54.8,43,344,101
58494,422,239,183,32.6,130,292,62
58495,1204,578,626,47.5,260,944,332
58496,125,66,59,65.3,0,125,64
58497,178,84,94,47.8,12,166,37
58501,28579,15044,13535,37.8,5872,22707,5114
58503,36944,17858,19086,39.1,9319,27625,6569
58504,29545,15051,14494,35.5,6977,22568,4401
58505,0,0,0,-,0,0,0
58520,253,140,113,50.3,52,201,28
58521,705,333,372,55.1,84,621,195
58523,3272,1579,1693,40.9,704,2568,651
58524,62,33,29,59.7,5,57,27
58528,766,372,394,20.5,349,417,35
58529,717,353,364,47.2,189,528,180
58530,1113,580,533,40.5,326,787,209
58531,341,184,157,66.1,12,329,181
58532,275,155,120,50.1,49,226,77
58533,957,460,497,50.5,200,757,319
58535,444,220,224,52.9,87,357,117
58538,2274,1146,1128,26,800,1474,140
58540,3154,1600,1554,46,769,2385,856
58541,548,287,261,49.7,144,404,137
58542,250,129,121,49.3,69,181,93
58544,565,305,260,52.3,114,451,154
58545,3247,1733,1514,47.1,721,2526,784
58549,299,180,119,31.3,99,200,28
58552,1358,647,711,57.5,199,1159,420
58554,28814,14811,14003,36,6746,22068,4532
58558,913,463,450,42.6,221,692,120
58559,364,203,161,41.2,94,270,52
58560,288,155,133,26.5,104,184,38
58561,1039,512,527,46.5,250,789,282
58562,301,163,138,59.4,52,249,102
58563,1951,1040,911,53.3,366,1585,469
58564,98,55,43,34.5,26,72,13
58565,182,88,94,63.2,7,175,79
58566,255,109,146,42.2,68,187,33
58568,526,261,265,32.7,160,366,92
58569,108,51,57,40.3,39,69,16
58570,484,242,242,33.4,164,320,69
58571,784,369,415,39.8,231,553,160
58572,337,181,156,57.6,55,282,86
58573,763,381,382,46.4,158,605,185
58575,850,420,430,50,153,697,220
58576,1073,515,558,46.4,226,847,224
58577,1850,1000,850,37,472,1378,334
58579,1022,558,464,46.5,198,824,195
58580,523,285,238,35.7,70,453,76
58581,291,189,102,48.4,62,229,90
58601,29309,15297,14012,33.9,7851,21458,3781
58620,183,104,79,57.8,40,143,71
58621,1271,642,629,45.3,280,991,296
58622,1781,1032,749,34.9,610,1171,274
58623,2030,1007,1023,40.6,499,1531,449
58625,288,164,124,55.6,81,207,91
58626,636,361,275,34.6,178,458,94
58627,181,98,83,39.8,39,142,38
58630,479,267,212,51.8,68,411,124
58631,989,431,558,49.4,181,808,303
58632,274,136,138,55,57,217,42
58634,318,177,141,42,77,241,35
58636,934,460,474,37,285,649,148
58638,966,435,531,41.2,283,683,221
58639,1764,887,877,45.4,420,1344,473
58640,1226,702,524,43.5,239,987,224
58641,71,34,37,51.4,24,47,6
58642,321,158,163,37.8,110,211,58
58643,122,71,51,49.8,24,98,31
58644,21,15,6,59.4,0,21,3
58645,243,135,108,59.7,17,226,96
58646,1041,505,536,45.4,225,816,294
58647,1301,586,715,38.2,238,1063,250
58649,311,183,128,55.2,44,267,101
58650,425,234,191,58.6,85,340,147
58651,516,243,273,51.6,110,406,101
58652,1198,637,561,38.2,336,862,190
58653,708,395,313,40.2,219,489,187
58654,230,98,132,57.5,37,193,76
58655,591,332,259,37,187,404,93
58656,368,164,204,42.8,79,289,71
58701,32855,16788,16067,35.5,7431,25424,5086
58703,22780,12366,10414,32.2,4845,17935,2559
58704,4658,2496,2162,23.1,1989,2669,0
58705,285,228,57,21,0,285,0
58707,509,195,314,19.7,5,504,0
58710,565,289,276,48.5,85,480,124
58711,251,142,109,32.3,87,164,34
58712,78,47,31,69,0,78,52
58713,175,140,35,11.3,107,68,0
58716,306,138,168,36.6,96,210,74
58718,1157,572,585,39.8,351,806,198
58721,433,248,185,47.4,90,343,77
58722,1526,784,742,32.9,404,1122,208
58723,210,127,83,41.2,53,157,54
58725,347,189,158,38.8,82,265,38
58727,143,72,71,62.9,11,132,60
58730,1350,641,709,41.7,364,986,323
58731,355,209,146,42.2,69,286,39
58733,256,141,115,45.6,42,214,59
58734,220,113,107,63.5,6,214,98
58735,483,300,183,37.8,174,309,73
58736,469,260,209,53.1,84,385,99
58737,177,89,88,31.5,67,110,34
58740,777,452,325,31.9,213,564,117
58741,672,316,356,40.7,169,503,121
58744,114,64,50,61.8,4,110,43
58746,1581,809,772,47.3,344,1237,389
58748,139,78,61,47.9,22,117,51
58750,482,234,248,39.4,110,372,106
58752,380,211,169,44.7,87,293,88
58755,206,137,69,49.2,52,154,0
58756,161,88,73,63.9,13,148,80
58757,1171,681,490,26,540,631,85
58758,271,117,154,45.5,67,204,76
58759,665,349,316,48,132,533,182
58760,237,112,125,46.2,50,187,66
58761,848,372,476,40.4,209,639,190
58762,190,79,111,39.5,67,123,50
58763,3982,1943,2039,34.1,1200,2782,431
58765,350,182,168,55.5,79,271,123
58768,402,155,247,34.4,163,239,35
58769,174,108,66,45.5,5,169,46
58770,1679,863,816,38.7,434,1245,237
58771,519,241,278,42.1,154,365,91
58772,159,80,79,51.7,17,142,34
58773,990,490,500,43.2,306,684,175
58775,181,93,88,50.8,27,154,44
58776,255,191,64,33.7,84,171,21
58778,125,72,53,34.6,34,91,18
58779,340,192,148,38,83,257,59
58781,607,330,277,47.1,143,464,112
58782,497,297,200,32.9,143,354,84
58783,434,232,202,55.7,77,357,101
58784,2860,1559,1301,34.7,755,2105,401
58785,1630,827,803,36.5,562,1068,241
58787,65,28,37,36.9,7,58,30
58788,827,434,393,51.7,172,655,258
58789,443,225,218,40.4,138,305,70
58790,1460,678,782,40.1,379,1081,305
58792,258,142,116,45.8,82,176,51
58793,586,292,294,53.1,102,484,143
58794,206,150,56,23,73,133,10
58795,153,96,57,61.3,22,131,70
58801,33579,18166,15413,31.2,10213,23366,2638
58830,154,101,53,61.4,14,140,61
58831,1133,598,535,36.1,322,811,75
58833,213,123,90,43.2,37,176,29
58835,904,489,415,38,330,574,89
58838,309,163,146,45.9,67,242,68
58843,951,515,436,36.1,314,637,150
58844,100,56,44,29.9,11,89,2
58845,582,375,207,57.5,138,444,93
58847,293,185,108,33.4,89,204,58
58849,1171,597,574,38.8,297,874,327
58852,1973,1024,949,37.2,411,1562,344
58853,494,234,260,39.4,134,360,72
58854,9173,4998,4175,29.3,2885,6288,653
58856,70,47,23,47.8,4,66,18
59001,1337,634,703,56.6,209,1128,450
59002,187,77,110,36.5,66,121,31
59003,1125,531,594,44.8,180,945,263
59006,1132,462,670,30.4,415,717,230
59007,135,88,47,42.9,25,110,26
59008,420,221,199,47.4,62,358,83
59010,193,113,80,60.6,14,179,51
59011,3148,1603,1545,43.2,626,2522,773
59012,60,35,25,57.3,11,49,14
59013,141,77,64,52.5,20,121,26
59014,1516,806,710,46.5,247,1269,340
59015,367,199,168,46.8,45,322,67
59016,966,513,453,40,267,699,123
59018,626,295,331,58,73,553,212
59019,4283,2188,2095,45.6,983,3300,907
59020,86,43,43,44,5,81,22
59022,2180,1093,1087,25.4,840,1340,228
59024,326,160,166,55.6,76,250,79
59025,32,28,4,28.7,1,31,0
59026,118,81,37,54.5,17,101,21
59027,660,344,316,59.9,19,641,290
59028,446,247,199,62.8,36,410,195
59029,780,465,315,45.8,147,633,164
59030,1160,638,522,50.2,70,1090,303
59031,473,221,252,17.8,241,232,46
59032,442,228,214,56.7,26,416,124
59033,124,66,58,39.5,27,97,13
59034,5199,2494,2705,34.3,1477,3722,858
59035,182,99,83,44.2,29,153,46
59036,1577,696,881,47.5,341,1236,423
59037,2267,1248,1019,39,526,1741,330
59038,612,320,292,54.4,119,493,132
59039,23,10,13,65.4,0,23,15
59041,2080,1030,1050,48.1,421,1659,539
59043,3038,1444,1594,20,1374,1664,227
59044,12851,6659,6192,39.6,3075,9776,2023
59046,496,234,262,46.3,92,404,131
59047,13565,6780,6785,44.2,2546,11019,2868
59050,1602,796,806,32.9,523,1079,132
59052,130,67,63,67.5,7,123,68
59053,203,115,88,63.3,24,179,60
59054,236,120,116,51.5,40,196,53
59055,123,63,60,33.3,59,64,16
59057,919,541,378,48,80,839,108
59058,22,7,15,55.7,0,22,8
59059,191,90,101,53.4,42,149,52
59061,242,129,113,67,17,225,143
59062,50,31,19,60.6,10,40,13
59063,1946,965,981,37.3,469,1477,330
59064,244,144,100,46.6,80,164,37
59065,101,57,44,54.9,13,88,29
59066,660,331,329,30.6,221,439,55
59067,217,144,73,39.5,60,157,49
59068,3514,1651,1863,57.5,510,3004,1170
59069,544,287,257,53.5,94,450,130
59070,1407,712,695,44.7,296,1111,321
59071,113,42,71,65.5,9,104,65
59072,4483,2263,2220,51.6,845,3638,1295
59074,421,223,198,60.7,49,372,132
59075,172,97,75,58.8,53,119,56
59076,44,21,23,53.1,10,34,14
59077,65,33,32,38.5,16,49,13
59078,120,74,46,52.8,17,103,34
59079,3508,1574,1934,47.4,795,2713,647
59081,114,65,49,56.9,13,101,22
59082,13,9,4,43.2,3,10,1
59083,3,0,3,-,0,3,3
59085,112,44,68,50,27,85,48
59086,822,411,411,60.2,116,706,340
59087,356,199,157,50,62,294,77
59088,1180,510,670,44.1,261,919,220
59089,576,305,271,30.5,206,370,64
59101,40848,20098,20750,36,8747,32101,5443
59102,48480,23530,24950,40.6,9910,38570,11192
59105,34895,18104,16791,36.4,9344,25551,5554
59106,19057,9208,9849,40.3,5067,13990,3205
59201,5532,2831,2701,31.8,1652,3880,854
59211,255,163,92,8.9,142,113,6
59212,370,193,177,36.1,93,277,35
59213,822,444,378,30.8,261,561,108
59214,54,31,23,63,5,49,27
59215,907,458,449,54.5,116,791,240
59217,191,92,99,16.6,106,85,22
59218,1069,551,518,37.8,279,790,156
59219,205,119,86,48.2,39,166,67
59221,1905,1012,893,41,439,1466,423
59222,208,114,94,55.5,34,174,49
59223,44,18,26,55.3,16,28,19
59225,574,309,265,30.1,216,358,70
59226,653,310,343,21.8,315,338,91
59230,4455,2207,2248,44.5,1059,3396,1107
59231,428,156,272,37.8,49,379,126
59240,17,10,7,68.5,2,15,11
59241,435,270,165,48.5,66,369,104
59242,68,36,32,54.5,12,56,18
59243,425,233,192,32.3,127,298,51
59244,56,25,31,39.5,18,38,1
59247,303,176,127,49.1,56,247,63
59248,1046,569,477,49.1,241,805,279
59250,302,171,131,32.4,11,291,15
59252,82,33,49,35.6,27,55,17
59253,88,47,41,36.8,18,70,9
59254,1900,963,937,49.4,325,1575,500
59255,3078,1507,1571,25.8,1154,1924,213
59256,122,48,74,34.7,53,69,12
59257,67,40,27,40.6,5,62,16
59258,178,97,81,41.8,14,164,45
59259,354,176,178,51.1,41,313,98
59260,104,60,44,57,16,88,14
59261,407,209,198,58.3,70,337,131
59262,744,350,394,31.2,189,555,120
59263,1188,589,599,51.4,234,954,402
59270,8585,4309,4276,39.5,2158,6427,1463
59273,13,6,7,34.3,3,10,1
59274,287,173,114,55.1,58,229,93
59275,559,290,269,49.1,137,422,104
59276,23,11,12,62.1,0,23,0
59301,11610,5855,5755,42.4,2292,9318,2352
59311,142,83,59,56.8,10,132,42
59312,10,5,5,67.3,0,10,6
59313,2284,1061,1223,37.7,452,1832,508
59314,71,33,38,59.5,10,61,32
59315,88,39,49,55.5,14,74,25
59316,29,13,16,67.4,0,29,19
59317,1097,560,537,42.6,243,854,301
59318,149,74,75,34.1,58,91,14
59319,21,18,3,62.4,1,20,6
59322,126,69,57,27.5,56,70,7
59323,2327,1161,1166,41.8,692,1635,220
59324,662,357,305,57.2,103,559,222
59326,420,216,204,37.3,189,231,63
59327,2308,1185,1123,44.2,456,1852,694
59330,8300,4320,3980,41.5,1846,6454,1644
59332,180,105,75,60,40,140,43
59333,30,15,15,41,0,30,4
59336,222,129,93,43.5,70,152,32
59337,602,295,307,51,89,513,183
59338,162,66,96,62.5,19,143,43
59339,149,68,81,47.4,27,122,37
59343,47,19,28,45.9,9,38,14
59344,525,259,266,32.5,223,302,68
59345,41,20,21,61.8,3,38,12
59347,355,195,160,38.7,88,267,61
59349,875,476,399,55.7,100,775,357
59351,212,116,96,63,20,192,66
59353,1129,544,585,46.4,299,830,262
59354,214,150,64,17.5,107,107,0
59401,13660,7237,6423,37.5,2405,11255,2349
59404,28417,14394,14023,40.5,6912,21505,5599
59405,34010,16859,17151,34.3,7872,26138,6019
59410,621,323,298,61.1,86,535,242
59411,863,388,475,27.5,354,509,89
59412,1493,798,695,44.3,310,1183,359
59414,672,432,240,45.8,126,546,150
59416,370,232,138,45.4,50,320,89
59417,7532,3561,3971,28.3,2436,5096,753
59418,94,43,51,27.9,41,53,1
59419,70,37,33,59.7,4,66,17
59420,251,143,108,46.9,44,207,56
59421,2025,1027,998,52.8,308,1717,603
59422,2746,1303,1443,50.4,600,2146,703
59424,61,23,38,28.2,20,41,8
59425,3698,1834,1864,42.5,887,2811,802
59427,5008,2678,2330,42.3,1229,3779,798
59430,593,280,313,53.7,117,476,96
59432,163,86,77,57.1,29,134,61
59433,469,255,214,41.1,121,348,106
59434,414,197,217,43.3,55,359,76
59435,36,24,12,63.5,0,36,13
59436,2222,1110,1112,35,651,1571,404
59440,263,144,119,46.9,41,222,17
59441,138,56,82,38.6,38,100,21
59442,1846,908,938,37.2,502,1344,450
59443,498,297,201,37.6,127,371,104
59444,237,105,132,46.8,58,179,57
59446,632,336,296,44,152,480,120
59447,360,194,166,37.3,125,235,52
59448,690,369,321,27.9,238,452,39
59450,522,259,263,44.3,136,386,106
59451,249,112,137,36.2,67,182,30
59452,522,251,271,51.2,108,414,160
59453,279,167,112,59.6,50,229,108
59454,135,81,54,48.5,14,121,27
59456,194,120,74,33.9,56,138,13
59457,8783,4640,4143,45.7,1738,7045,2175
59460,156,102,54,69.4,0,156,115
59461,53,27,26,83.4,2,51,40
59462,142,95,47,59.7,20,122,49
59463,103,54,49,69.8,0,103,82
59464,553,282,271,46.4,107,446,159
59465,40,29,11,60.3,6,34,11
59466,103,63,40,49.6,14,89,21
59467,96,63,33,59,18,78,6
59468,634,330,304,41.3,174,460,175
59469,156,90,66,41.6,44,112,30
59471,357,185,172,50.4,53,304,81
59472,541,291,250,55.9,86,455,160
59474,3331,2024,1307,44,523,2808,651
59477,329,218,111,39.5,129,200,92
59479,736,448,288,49.3,214,522,217
59480,303,167,136,61,36,267,89
59482,992,516,476,20.4,401,591,80
59483,358,163,195,54.5,38,320,123
59484,84,45,39,62.1,0,84,33
59485,712,381,331,43.4,198,514,155
59486,1213,574,639,45.6,223,990,311
59487,1394,724,670,40.1,279,1115,202
59489,335,183,152,62.6,57,278,155
59501,12358,6173,6185,33.8,3155,9203,2045
59520,1151,503,648,46.4,245,906,279
59521,3662,1994,1668,30.1,1201,2461,361
59522,1324,564,760,35.5,333,991,315
59523,2131,1071,1060,45.5,556,1575,477
59524,729,334,395,44.4,213,516,217
59525,212,122,90,45.5,63,149,43
59526,2791,1376,1415,26.8,951,1840,315
59527,1210,621,589,33.3,341,869,126
59528,226,103,123,55.9,29,197,47
59529,140,80,60,64.8,26,114,69
59530,137,85,52,51.1,47,90,35
59531,385,204,181,36.2,136,249,43
59532,105,50,55,62.3,3,102,24
59535,40,28,12,36.3,14,26,6
59537,71,28,43,60.4,2,69,16
59538,3102,1677,1425,42.9,803,2299,574
59540,561,302,259,30.8,225,336,70
59542,303,164,139,44.5,46,257,68
59544,177,97,80,40.1,54,123,22
59545,60,22,38,79,5,55,34
59546,116,66,50,65.3,0,116,61
59547,48,22,26,48.5,10,38,13
59601,31447,15388,16059,40.7,5965,25482,6604
59602,29846,15058,14788,40,7172,22674,5168
59623,0,0,0,-,0,0,0
59625,155,46,109,20.7,0,155,0
59631,371,231,140,54.7,47,324,97
59632,2412,1334,1078,43.7,486,1926,293
59633,289,153,136,54,35,254,54
59634,5255,2542,2713,44.5,1277,3978,1146
59635,7815,4087,3728,44.2,1786,6029,1375
59636,27,27,0,23,0,27,0
59638,594,314,280,41.3,162,432,135
59639,1171,630,541,55.3,170,1001,339
59640,67,40,27,61.8,0,67,32
59642,37,29,8,55.9,0,37,9
59643,680,358,322,47.2,113,567,202
59644,4504,2336,2168,48.1,852,3652,1160
59645,1719,913,806,56.2,274,1445,558
59647,412,207,205,42.2,139,273,136
59648,335,176,159,60.8,14,321,117
59701,33990,17502,16488,40.4,6845,27145,6720
59710,243,138,105,57.8,36,207,92
59711,9424,4953,4471,49.6,1232,8192,2342
59713,206,105,101,32.9,87,119,53
59714,23248,11681,11567,36.1,5926,17322,2634
59715,39061,20962,18099,31,5597,33464,5591
59716,2144,1086,1058,37.3,242,1902,163
59718,42538,22078,20460,31.9,7834,34704,5014
59720,368,192,176,67.6,0,368,221
59721,462,245,217,56.4,80,382,142
59722,5704,3826,1878,45.9,739,4965,1128
59724,100,54,46,44.8,13,87,30
59725,8081,4090,3991,39.5,1496,6585,1670
59727,329,171,158,47.1,71,258,64
59728,373,211,162,48.5,49,324,75
59729,2391,1279,1112,50.7,458,1933,726
59730,2384,1279,1105,38.5,602,1782,334
59731,197,108,89,38.7,53,144,54
59732,238,116,122,38,56,182,41
59733,172,73,99,26.4,59,113,23
59735,297,166,131,36.9,47,250,33
59736,146,73,73,57.4,16,130,57
59739,281,156,125,50.6,47,234,101
59740,435,286,149,59.2,44,391,158
59741,5315,2929,2386,41.6,1467,3848,924
59743,186,99,87,57.2,18,168,33
59745,156,102,54,33.4,21,135,23
59746,100,51,49,65.5,16,84,52
59747,204,83,121,55.2,25,179,73
59748,343,194,149,36,96,247,37
59749,2026,923,1103,56.2,339,1687,683
59750,393,136,257,28.3,54,339,32
59751,276,133,143,40.5,73,203,61
59752,4545,2237,2308,44.6,1003,3542,759
59754,1065,577,488,54.2,140,925,280
59755,127,60,67,67.5,4,123,74
59756,339,285,54,51.2,0,339,93
59758,1804,887,917,38.7,456,1348,316
59759,3647,1932,1715,55.3,491,3156,1078
59760,252,137,115,43.4,60,192,51
59761,310,167,143,60.8,9,301,133
59762,212,103,109,64.8,9,203,105
59801,31094,15067,16027,31.1,5095,25999,3755
59802,19533,10631,8902,35.9,2922,16611,3007
59803,17109,8694,8415,42.3,3673,13436,2961
59804,7847,4032,3815,44.8,1331,6516,2136
59808,22921,10912,12009,35.8,4985,17936,3313
59812,1318,587,731,19.3,5,1313,0
59820,2007,1068,939,45.8,424,1583,417
59821,2780,1263,1517,41.2,696,2084,515
59823,1791,953,838,45.3,280,1511,334
59824,1520,795,725,47.9,282,1238,370
59825,2229,1144,1085,45.7,472,1757,418
59826,616,326,290,64.5,45,571,290
59827,294,173,121,70.2,4,290,197
59828,5432,2846,2586,51,855,4577,1442
59829,2219,1290,929,60.2,237,1982,792
59830,143,55,88,51.3,12,131,46
59831,602,319,283,33.8,188,414,69
59832,891,454,437,56.1,194,697,276
59833,5728,2872,2856,50.3,1053,4675,1599
59834,2028,1000,1028,44.6,504,1524,451
59837,368,194,174,44.3,66,302,66
59840,14625,6753,7872,49,2569,12056,3905
59841,904,460,444,21.7,343,561,46
59842,125,69,56,43.8,29,96,0
59843,256,133,123,30.1,59,197,39
59844,732,342,390,57.1,166,566,253
59845,1303,687,616,50.8,220,1083,365
59846,1295,597,698,61.3,119,1176,507
59847,6601,3582,3019,32,1729,4872,812
59848,95,66,29,43.9,15,80,29
59851,40,8,32,48,0,40,10
59853,905,481,424,49,201,704,312
59854,195,90,105,58.6,23,172,69
59855,376,212,164,52.4,73,303,120
59856,226,149,77,67.7,7,219,141
59858,1678,826,852,54,241,1437,534
59859,4115,2081,2034,55.2,613,3502,1388
59860,11528,5872,5656,47.6,2402,9126,2840
59863,173,132,41,37.6,0,173,40
59864,7057,3394,3663,36.4,1994,5063,1140
59865,3899,1872,2027,35.7,1051,2848,707
59866,941,460,481,49.5,235,706,346
59867,15,5,10,-,0,15,15
59868,1944,1072,872,59.8,203,1741,788
59870,12182,6297,5885,45.1,2731,9451,2908
59871,302,180,122,66.7,7,295,191
59872,2394,1276,1118,56,430,1964,765
59873,2663,1421,1242,57.7,415,2248,916
59874,2023,989,1034,55.8,405,1618,539
59875,4054,2075,1979,51.6,686,3368,1018
59901,60177,29732,30445,39.9,13958,46219,11211
59910,658,347,311,54.7,79,579,204
59911,9161,4462,4699,52,1485,7676,2671
59912,15381,7881,7500,40.3,3615,11766,2521
59913,544,264,280,55.9,107,437,182
59914,342,187,155,63.4,53,289,154
59915,357,140,217,30,129,228,129
59916,186,99,87,65.8,0,186,96
59917,5001,2588,2413,53.3,961,4040,1460
59918,625,285,340,43,167,458,98
59919,891,614,277,33.9,279,612,178
59920,1525,704,821,42.3,353,1172,266
59922,2501,1151,1350,52.4,645,1856,544
59923,9545,4769,4776,55.2,1361,8184,2896
59925,1654,931,723,45.5,425,1229,276
59926,280,148,132,61.1,22,258,120
59927,328,196,132,47.4,20,308,79
59928,190,116,74,66.4,0,190,108
59929,215,115,100,44.1,56,159,81
59930,697,351,346,64.7,84,613,337
59931,269,120,149,57.4,48,221,77
59932,1347,712,635,64.2,66,1281,429
59933,21,7,14,37.9,7,14,0
59934,763,425,338,38.4,197,566,158
59935,3505,1702,1803,46.6,860,2645,1002
59936,514,259,255,56.8,71,443,180
59937,14183,7282,6901,47.8,2330,11853,3735
60002,24398,12370,12028,42.3,5691,18707,3770
60004,52189,26122,26067,42.1,12485,39704,10002
60005,29216,14457,14759,42.3,6441,22775,5547
60007,32768,15723,17045,42.6,7229,25539,5866
60008,22863,11535,11328,37.9,5013,17850,3264
60010,46674,22832,23842,47,11544,35130,10512
60012,11736,5568,6168,42.8,2693,9043,1663
60013,26266,13409,12857,40.3,5772,20494,3676
60014,48568,24473,24095,40.5,11625,36943,7422
60015,27835,14123,13712,44,6558,21277,5041
60016,61988,30174,31814,41.8,12771,49217,11244
60018,28820,14664,14156,41.1,6413,22407,4638
60020,11051,5145,5906,48.2,1531,9520,2467
60021,5199,2482,2717,42.5,1121,4078,671
60022,8529,4100,4429,45.2,2397,6132,1706
60025,40858,19607,21251,45.5,9978,30880,8989
60026,14743,6871,7872,46.7,3744,10999,3872
60029,546,291,255,50.1,130,416,102
60030,35978,18510,17468,41.5,7541,28437,6689
60031,37202,18285,18917,40.4,7582,29620,5163
60033,13574,6658,6916,34.8,4033,9541,2142
60034,2061,974,1087,39.7,520,1541,267
60035,30215,14632,15583,48,7169,23046,7644
60040,5227,2835,2392,36.3,1303,3924,841
60041,8843,4394,4449,40.8,2005,6838,1162
60042,8589,4128,4461,40.9,1769,6820,1292
60043,2537,1219,1318,40.5,916,1621,341
60044,10271,4722,5549,45,2470,7801,2361
60045,21159,10287,10872,45.2,4348,16811,5081
60046,34854,17591,17263,39.1,8681,26173,4401
60047,43750,21977,21773,42.7,10477,33273,6210
60048,29452,14360,15092,43.2,7500,21952,5072
60050,31820,15666,16154,42.1,6543,25277,5667
60051,23598,12550,11048,43.1,4787,18811,3437
60053,24910,12330,12580,44.6,5327,19583,5762
60056,56651,28276,28375,41.5,12423,44228,10339
60060,37131,18775,18356,39.7,7898,29233,5925
60061,27602,13723,13879,40.7,6848,20754,4437
60062,42004,20097,21907,49.6,8436,33568,10998
60064,15380,8066,7314,28.9,3760,11620,1768
60067,38380,18457,19923,42.8,8142,30238,6943
60068,39332,19597,19735,45.1,9225,30107,8044
60069,8602,4245,4357,51.6,1469,7133,2436
60070,15721,7939,7782,41,3322,12399,2731
60071,3938,2060,1878,44.4,776,3162,1037
60072,959,465,494,48.2,246,713,173
60073,62071,32057,30014,33.2,17801,44270,5134
60074,37222,18452,18770,36.4,9117,28105,5122
60075,0,0,0,-,0,0,0
60076,33170,16222,16948,42.7,7861,25309,6917
60077,29330,14826,14504,43.1,6132,23198,5889
60081,9194,5202,3992,46.3,1856,7338,1299
60083,9699,4822,4877,43.5,2117,7582,1937
60084,17301,8779,8522,38.7,4156,13145,2294
60085,71465,36157,35308,33.7,17764,53701,7670
60087,27815,13254,14561,34.3,7133,20682,3669
60088,14143,9849,4294,20.9,1240,12903,55
60089,42867,20566,22301,41.6,10483,32384,6256
60090,38753,18999,19754,39.6,7206,31547,6598
60091,27591,13436,14155,45.7,8118,19473,5728
60093,20272,9920,10352,45.4,6047,14225,4030
60096,6655,3318,3337,51.1,978,5677,1238
60097,11865,6187,5678,39.3,2850,9015,1630
60098,33116,16270,16846,39.8,6991,26125,5550
60099,31523,15601,15922,33.5,8382,23141,4138
60101,37175,18365,18810,39.9,7197,29978,6260
60102,32227,16358,15869,41.8,6564,25663,4499
60103,42047,21092,20955,41,9714,32333,6333
60104,18621,8512,10109,36.6,4340,14281,2738
60106,20321,10276,10045,37.3,4652,15669,2912
60107,39450,19499,19951,39,9052,30398,5763
60108,23647,11447,12200,42.6,4593,19054,5486
60109,434,207,227,36.6,128,306,75
60110,39383,19428,19955,32.6,11253,28130,3685
60111,153,81,72,58.4,25,128,59
60112,4783,2700,2083,31.6,1098,3685,463
60113,245,136,109,34.8,67,178,28
60115,42456,21131,21325,25.3,7812,34644,4412
60118,15623,7800,7823,44.1,2634,12989,2831
60119,10872,5805,5067,45.5,2615,8257,2075
60120,50589,26267,24322,32.8,14120,36469,4769
60123,49537,24805,24732,38.6,11738,37799,7744
60124,24172,12420,11752,42.8,5268,18904,3576
60126,48032,23665,24367,41.5,11695,36337,8601
60129,224,117,107,41.6,50,174,68
60130,14165,6705,7460,42.2,2035,12130,2531
60131,18258,9100,9158,36.8,4597,13661,2055
60133,37222,18101,19121,34.7,10222,27000,4287
60134,30938,14990,15948,39.5,8052,22886,4436
60135,7021,3454,3567,42.8,1075,5946,1272
60136,8481,4214,4267,35.5,2748,5733,780
60137,38945,19507,19438,41,9877,29068,7258
60139,33161,16702,16459,35.1,7274,25887,4229
60140,21287,10653,10634,39.4,5156,16131,2861
60141,280,214,66,70.2,0,280,244
60142,29449,14063,15386,49.3,6189,23260,9839
60143,11645,5480,6165,42.6,2600,9045,1728
60144,83,40,43,38.7,18,65,11
60145,2539,1321,1218,36.4,753,1786,355
60146,2193,1178,1015,45.2,407,1786,421
60148,52598,25663,26935,38.2,10921,41677,8603
60150,2007,1032,975,34.4,557,1450,247
60151,3944,2018,1926,45.7,701,3243,630
60152,12264,6118,6146,37.8,2891,9373,2080
60153,23385,11460,11925,37,5342,18043,3000
60154,16694,7617,9077,51.7,2495,14199,4657
60155,7965,4143,3822,39.4,2001,5964,1493
60156,28958,14355,14603,35.9,7856,21102,2745
60157,2550,1260,1290,49.7,442,2108,569
60160,25177,12911,12266,34.5,6371,18806,2735
60162,8213,4008,4205,41.9,1515,6698,1430
60163,5273,2674,2599,40.6,1190,4083,864
60164,21371,10796,10575,38,5230,16141,3151
60165,4566,2311,2255,32.9,1231,3335,241
60169,33910,16744,17166,35.4,7720,26190,3682
60171,10532,5082,5450,34.2,2757,7775,1375
60172,24016,11650,12366,42.6,4702,19314,4012
60173,14067,7063,7004,34.2,3029,11038,1040
60174,30799,15208,15591,42.1,5810,24989,5530
60175,25957,13533,12424,42.5,6496,19461,3764
60176,11600,6164,5436,38,2764,8836,1694
60177,23931,12383,11548,39,5789,18142,2763
60178,21996,10405,11591,37.7,5623,16373,3360
60180,1721,964,757,29.3,523,1198,267
60181,30973,15286,15687,35.9,6444,24529,4405
60183,0,0,0,-,0,0,0
60184,2220,1084,1136,52.2,334,1886,544
60185,34049,17276,16773,38.4,8365,25684,4090
60187,29258,14555,14703,35.6,6306,22952,4669
60188,42219,20947,21272,39.5,8841,33378,6579
60189,31036,15093,15943,40.9,7375,23661,5450
60190,11652,5970,5682,46,2525,9127,2270
60191,14193,7225,6968,42,2695,11498,2655
60192,16536,8518,8018,44.3,3754,12782,2855
60193,39451,19808,19643,42,8973,30478,7464
60194,20312,9668,10644,40,5014,15298,3370
60195,5018,2401,2617,35.9,1025,3993,485
60201,43122,21362,21760,34.9,7206,35916,8400
60202,33868,15956,17912,39.8,7049,26819,4933
60203,4540,2257,2283,43.3,1239,3301,883
60208,191,95,96,19.5,11,180,0
60301,3207,1411,1796,34.7,253,2954,431
60302,33063,15078,17985,41.8,7452,25611,6434
60304,17564,8262,9302,39,4753,12811,2481
60305,11568,5603,5965,40.5,2782,8786,2026
60401,7833,4145,3688,39.3,1935,5898,1127
60402,64659,33350,31309,36.5,16243,48416,8488
60403,17225,8669,8556,39.3,3171,14054,3730
60404,19668,10208,9460,42.4,4397,15271,4169
60406,24959,12813,12146,35.1,6070,18889,2931
60407,1581,975,606,42.1,383,1198,268
60408,5307,2630,2677,41.7,1162,4145,735
60409,35708,16926,18782,37.6,8673,27035,4913
60410,13970,6719,7251,38.4,3730,10240,1825
60411,53222,25210,28012,35.9,13791,39431,7451
60415,14284,7207,7077,35.3,3158,11126,2005
60416,9372,4728,4644,40.4,2241,7131,1585
60417,15390,7357,8033,49.1,2647,12743,3916
60418,10733,5158,5575,49.5,1517,9216,2822
60419,21283,10392,10891,39.1,5013,16270,3673
60420,4746,2417,2329,34.9,1222,3524,760
60421,3850,1966,1884,44.7,537,3313,655
60422,9735,4687,5048,46.4,2235,7500,1908
60423,32596,16583,16013,42.5,8443,24153,5298
60424,2309,1168,1141,37.7,558,1751,348
60425,8623,3874,4749,41.2,2030,6593,1516
60426,23213,11110,12103,36,5366,17847,3702
60428,11155,5331,5824,33.7,3390,7765,1711
60429,15069,6538,8531,34.1,4655,10414,2127
60430,20430,9957,10473,39.2,5520,14910,3464
60431,27357,13295,14062,35.1,7627,19730,2922
60432,20483,10596,9887,32.8,5429,15054,1914
60433,15485,7768,7717,38.3,3578,11907,2572
60435,48574,24110,24464,37,11720,36854,6554
60436,18452,9378,9074,34.2,4566,13886,1943
60437,88,40,48,38.7,14,74,8
60438,29059,14218,14841,40.7,6874,22185,4334
60439,24670,12677,11993,45.8,5448,19222,5292
60440,51412,25247,26165,38.7,11619,39793,7259
60441,37046,19181,17865,38.9,8579,28467,4432
60442,13135,6992,6143,36.1,3594,9541,1401
60443,20735,9327,11408,43.2,4375,16360,3836
60444,1928,1014,914,35.8,486,1442,223
60445,14632,7312,7320,39,3464,11168,2284
60446,41253,20755,20498,35.3,9589,31664,4367
60447,15662,7954,7708,35.4,4162,11500,1371
60448,24626,12160,12466,42.7,5413,19213,3945
60449,9564,4815,4749,48.3,1271,8293,1459
60450,20729,10508,10221,40.8,4491,16238,3870
60451,37488,19313,18175,37.9,10147,27341,4653
60452,26939,12914,14025,40,5848,21091,4195
60453,57665,28161,29504,41.1,12977,44688,10647
60455,17204,8131,9073,38.9,3771,13433,2787
60456,4299,2127,2172,39.7,861,3438,705
60457,14650,7559,7091,36.6,4041,10609,2076
60458,14360,7077,7283,30.2,3638,10722,1602
60459,29122,14851,14271,37.6,7488,21634,4373
60460,1319,693,626,41.5,330,989,253
60461,4988,2162,2826,42,1044,3944,1385
60462,40942,21012,19930,44.1,9121,31821,9346
60463,13687,6772,6915,50.9,2478,11209,4148
60464,9779,4856,4923,51,1788,7991,2963
60465,18278,9242,9036,42.2,3705,14573,3751
60466,21243,9671,11572,37.4,5327,15916,3248
60467,25161,12714,12447,49.8,4532,20629,6245
60468,5782,2801,2981,42.6,1063,4719,926
60469,5423,2964,2459,32.1,1327,4096,504
60470,387,209,178,38.9,86,301,67
60471,13237,5864,7373,38.9,3004,10233,2173
60472,4812,1939,2873,30.9,1258,3554,738
60473,21695,10033,11662,42.4,4746,16949,3862
60474,684,357,327,41.8,146,538,127
60475,10185,5155,5030,39.3,2315,7870,1902
60476,2169,1063,1106,45.1,396,1773,410
60477,36543,18010,18533,40.7,7362,29181,7456
60478,16591,7588,9003,38.7,3850,12741,2527
60479,676,341,335,43.1,111,565,90
60480,5300,2612,2688,47.9,848,4452,1174
60481,11303,5848,5455,45.7,1889,9414,2278
60482,11084,5548,5536,39.3,2428,8656,1787
60484,6633,2699,3934,33.7,1906,4727,866
60487,26198,13587,12611,41.2,5800,20398,3875
60490,22343,11132,11211,36.4,5789,16554,1846
60491,22779,11284,11495,43.1,5238,17541,4543
60501,11655,5916,5739,37.4,2734,8921,1817
60502,23056,11080,11976,39.4,6104,16952,2622
60503,16660,7803,8857,35.4,5073,11587,1073
60504,39128,19485,19643,34.1,10566,28562,3092
60505,59466,30000,29466,33.5,16480,42986,6172
60506,50300,25747,24553,35.8,12027,38273,7056
60510,28393,14164,14229,38.6,7249,21144,4585
60511,1756,926,830,38.5,487,1269,283
60512,880,354,526,40.5,251,629,60
60513,19366,9177,10189,40.8,4518,14848,2571
60514,9691,4754,4937,41.4,2833,6858,1449
60515,29112,14146,14966,43.6,6489,22623,5755
60516,28617,14385,14232,42.6,5991,22626,5568
60517,33282,16605,16677,37.8,7725,25557,3944
60518,3514,1855,1659,43.9,699,2815,602
60519,70,45,25,64.9,8,62,34
60520,2927,1522,1405,38.7,797,2130,367
60521,18102,9134,8968,43,5658,12444,2869
60523,10179,4576,5603,56.1,1913,8266,3988
60525,31647,15373,16274,43.9,7561,24086,6317
60526,13468,6519,6949,41.5,3507,9961,2587
60527,28983,14583,14400,49.2,5416,23567,7684
60530,901,499,402,37.6,197,704,77
60531,2269,1128,1141,38.1,527,1742,262
60532,29135,15182,13953,38,5486,23649,4504
60534,10670,5243,5427,39.9,2565,8105,1913
60536,88,42,46,33.5,27,61,10
60537,551,318,233,42.9,142,409,87
60538,30101,15536,14565,33.3,8640,21461,3002
60539,246,183,63,52.4,49,197,0
60540,42756,21239,21517,41,9627,33129,7303
60541,3447,1585,1862,36.6,891,2556,439
60542,18105,8838,9267,41.5,3863,14242,2504
60543,40714,20262,20452,39.8,10665,30049,5329
60544,28073,13511,14562,40.2,6836,21237,5298
60545,13704,6960,6744,36.2,3147,10557,1596
60546,16470,8317,8153,41.1,4265,12205,3113
60548,12040,6480,5560,39,2666,9374,2404
60549,691,411,280,35.4,174,517,73
60550,1177,523,654,52.2,207,970,371
60551,4850,3340,1510,37.6,655,4195,565
60552,4538,2108,2430,40.2,971,3567,757
60553,666,341,325,41.3,158,508,98
60554,12029,6048,5981,44.7,3011,9018,2755
60555,14436,7192,7244,38.4,3083,11353,2282
60556,2216,1013,1203,36.4,634,1582,209
60557,218,130,88,56.5,0,218,38
60558,13557,6992,6565,42,4318,9239,1993
60559,24411,11463,12948,40.3,4823,19588,4371
60560,26932,13275,13657,34.9,7567,19365,3301
60561,22997,11352,11645,45.6,4002,18995,5404
60563,38702,18908,19794,36.6,9156,29546,5753
60564,46832,23133,23699,39.5,12623,34209,4729
60565,38942,19315,19627,42.5,9777,29165,6260
60585,24754,12557,12197,38.9,7031,17723,1846
60586,48029,23999,24030,33.2,13411,34618,3684
60601,16398,7701,8697,31.8,1154,15244,2046
60602,938,498,440,32.4,131,807,44
60603,1110,582,528,40,45,1065,207
60604,737,359,378,34.6,15,722,155
60605,34314,16869,17445,32.9,3119,31195,3928
60606,3513,1764,1749,35.2,111,3402,211
60607,28797,14454,14343,30.9,3046,25751,1376
60608,82749,46272,36477,34.1,14243,68506,9334
60609,63241,31345,31896,35.4,15345,47896,8009
60610,42904,20278,22626,32.3,3753,39151,6873
60611,35247,16970,18277,38.3,1940,33307,7535
60612,34459,16267,18192,34.2,7582,26877,3456
60613,51961,26362,25599,33.7,6111,45850,4812
60614,71701,35459,36242,31,10565,61136,6859
60615,42780,19805,22975,34.7,6791,35989,5944
60616,52707,25732,26975,37.6,7109,45598,8970
60617,83188,37931,45257,36.8,20629,62559,13578
60618,92235,46014,46221,35.4,19659,72576,8282
60619,60443,26115,34328,41.3,12544,47899,11630
60620,68330,30064,38266,39.1,15749,52581,12602
60621,26997,13287,13710,37.4,6325,20672,4106
60622,53944,27044,26900,32.2,7717,46227,3781
60623,76611,37043,39568,34.4,19314,57297,10902
60624,35664,16973,18691,34.8,8901,26763,4449
60625,80296,39525,40771,35.6,15826,64470,8156
60626,50135,24308,25827,35.7,7871,42264,5477
60628,61419,28230,33189,40.4,12607,48812,11071
60629,108997,53890,55107,32.9,28527,80470,14090
60630,55295,27516,27779,40.6,11018,44277,9404
60631,30418,14660,15758,40.9,7036,23382,5832
60632,86372,44456,41916,33.1,21798,64574,10555
60633,12440,6203,6237,37.5,2801,9639,1897
60634,75873,36586,39287,41.2,15445,60428,11159
60636,29833,14337,15496,37.4,6597,23236,5710
60637,51145,22639,28506,31.2,11437,39708,6613
60638,57799,29514,28285,38.3,13660,44139,8420
60639,85248,42530,42718,35.5,21709,63539,11237
60640,67317,34978,32339,37.4,8171,59146,8829
60641,68968,34592,34376,37.3,14906,54062,7999
60642,21444,11073,10371,32,1941,19503,1232
60643,48270,21957,26313,42.8,11173,37097,9570
60644,49445,23370,26075,35.6,13201,36244,6650
60645,48692,24821,23871,37.2,13154,35538,7104
60646,28770,13556,15214,41.3,6793,21977,5452
60647,85685,42415,43270,32.7,14481,71204,6742
60649,50143,22144,27999,37.5,10918,39225,8392
60651,65229,31129,34100,34.4,16828,48401,8222
60652,42223,20481,21742,38,9986,32237,5625
60653,34364,14430,19934,36.5,8482,25882,5450
60654,23475,11917,11558,32.4,1015,22460,1657
60655,28000,14034,13966,40.9,7027,20973,4184
60656,29180,15105,14075,40.8,5588,23592,4954
60657,71192,36495,34697,30.9,8894,62298,6292
60659,42621,21009,21612,36.7,11698,30923,5613
60660,42895,21769,21126,36.1,5368,37527,6079
60661,11513,5998,5515,32.1,780,10733,277
60706,24233,11977,12256,44.6,4737,19496,5059
60707,40845,19428,21417,40.5,8664,32181,6586
60712,13268,6497,6771,44.3,3141,10127,3764
60714,30857,15263,15594,47.1,5448,25409,8009
60803,22198,10961,11237,39.5,5158,17040,3774
60804,84189,41508,42681,33.4,22110,62079,8237
60805,19730,9414,10316,39.6,4904,14826,3065
60827,25538,11215,14323,30.2,8487,17051,2523
60901,33968,16553,17415,37.8,8173,25795,5554
60910,581,318,263,46.1,104,477,127
60911,1206,628,578,39.3,269,937,208
60912,565,327,238,39.8,126,439,116
60913,1457,685,772,55.9,211,1246,477
60914,28443,13782,14661,34.9,6394,22049,3981
60915,10081,4970,5111,36.6,1994,8087,1637
60917,407,189,218,46.9,65,342,77
60918,622,313,309,54.7,135,487,131
60919,517,240,277,34.8,92,425,95
60920,204,93,111,47.4,42,162,65
60921,1523,876,647,42,372,1151,234
60922,2557,1240,1317,36.1,632,1925,415
60924,1590,770,820,42,362,1228,389
60926,76,47,29,58.6,4,72,20
60927,2233,1083,1150,42.9,487,1746,445
60928,559,265,294,48.7,102,457,164
60929,624,277,347,43.7,125,499,125
60930,768,361,407,49.3,155,613,242
60931,594,320,274,36.5,182,412,104
60932,397,260,137,15.9,199,198,0
60933,300,150,150,41.3,72,228,70
60934,208,100,108,42.9,32,176,49
60935,1235,564,671,32,414,821,151
60936,4230,2123,2107,44.3,888,3342,767
60938,1718,841,877,44.7,336,1382,440
60939,0,0,0,-,0,0,0
60940,3399,1720,1679,38.1,1143,2256,558
60941,1639,857,782,41.7,395,1244,377
60942,5717,2848,2869,44.6,1211,4506,1150
60945,242,94,148,45.3,69,173,46
60946,401,161,240,35.6,99,302,50
60948,1741,910,831,49.2,386,1355,446
60949,517,258,259,33.7,126,391,60
60950,12081,6226,5855,46.6,2456,9625,2776
60951,759,429,330,43.4,143,616,155
60952,653,320,333,33.1,179,474,77
60953,2444,1150,1294,39.4,627,1817,471
60954,5612,3021,2591,40,1263,4349,1016
60955,1877,953,924,39.5,505,1372,282
60956,122,56,66,41.4,23,99,32
60957,5642,2967,2675,40.7,1317,4325,1104
60958,1476,675,801,52.9,239,1237,409
60959,938,471,467,53.8,109,829,190
60960,872,464,408,32.7,247,625,98
60961,898,430,468,47.6,226,672,193
60962,637,291,346,28.5,245,392,54
60963,1506,745,761,39.7,430,1076,261
60964,4887,2582,2305,44.2,1165,3722,1024
60966,1600,843,757,46.6,269,1331,288
60967,0,0,0,-,0,0,0
60968,516,249,267,40.3,154,362,103
60969,60,33,27,42.3,16,44,10
60970,6025,2877,3148,50.5,1061,4964,1415
60973,406,214,192,29.3,138,268,58
60974,310,152,158,41.2,87,223,59
61001,1289,600,689,53,216,1073,348
61006,1460,715,745,48.5,334,1126,366
61007,325,169,156,41.3,107,218,51
61008,34227,16975,17252,40.5,7946,26281,5944
61010,7399,3785,3614,39.4,1715,5684,1090
61011,2681,1462,1219,48.4,384,2297,487
61012,2424,1327,1097,30,655,1769,232
61013,621,339,282,49.6,109,512,165
61014,1064,573,491,50,153,911,151
61015,903,419,484,36.8,273,630,115
61016,5185,2610,2575,45.6,1226,3959,1050
61018,953,504,449,43.7,225,728,204
61019,3256,1508,1748,43.6,866,2390,892
61020,3170,1548,1622,34.8,1020,2150,352
61021,22593,12301,10292,43.7,4106,18487,4782
61024,2524,1317,1207,44.3,635,1889,474
61025,4465,2412,2053,52.6,726,3739,964
61027,102,55,47,26.5,40,62,8
61028,1639,801,838,51.3,268,1371,515
61030,2292,1006,1286,35.6,601,1691,376
61031,1745,810,935,42.7,348,1397,378
61032,29359,14056,15303,45.6,5828,23531,7004
61036,6796,3261,3535,58,1043,5753,2654
61037,105,35,70,69.4,9,96,59
61038,1233,700,533,39.1,303,930,260
61039,829,455,374,36.4,249,580,109
61041,1436,709,727,38.5,445,991,302
61042,428,272,156,43.1,61,367,95
61043,159,68,91,47.1,31,128,35
61044,235,116,119,35.9,71,164,5
61046,2659,1420,1239,49.6,480,2179,804
61047,1626,889,737,49.3,313,1313,243
61048,3851,2014,1837,46.6,954,2897,1003
61049,644,369,275,43.2,164,480,93
61050,357,194,163,51,52,305,57
61051,1549,825,724,40.4,349,1200,321
61052,1038,518,520,42.2,264,774,192
61053,2839,1341,1498,40.7,660,2179,656
61054,3633,1681,1952,48.2,966,2667,1163
61057,67,22,45,48.4,23,44,15
61059,176,120,56,42.5,29,147,19
61060,1482,793,689,43.2,338,1144,273
61061,6880,3410,3470,52.6,1177,5703,1749
61062,2015,1031,984,37.6,615,1400,293
61063,4144,2188,1956,41.7,975,3169,781
61064,3898,1971,1927,41.9,783,3115,803
61065,10681,5495,5186,36.3,2927,7754,1227
61067,604,305,299,62.1,20,584,263
61068,14862,7495,7367,39,3273,11589,2521
61070,1389,653,736,52.7,260,1129,407
61071,13766,6834,6932,41.4,3133,10633,2535
61072,11077,5357,5720,41.9,2399,8678,1870
61073,20567,10437,10130,38.2,5864,14703,3195
61074,4093,2145,1948,48.3,660,3433,1103
61075,1026,560,466,50.8,181,845,339
61077,118,61,57,-,0,118,0
61078,1255,572,683,38.6,364,891,293
61079,213,106,107,52.4,42,171,50
61080,10780,5092,5688,37.9,2712,8068,1632
61081,21138,10801,10337,44,4191,16947,4899
61084,3118,1555,1563,49.6,611,2507,616
61085,2923,1517,1406,48,594,2329,715
61087,1755,858,897,42.3,433,1322,398
61088,6094,3121,2973,46,1447,4647,1163
61089,575,288,287,50,88,487,176
61091,0,0,0,-,0,0,0
61101,20481,10003,10478,37.4,5672,14809,3278
61102,16875,8594,8281,34.5,4235,12640,2330
61103,23441,11336,12105,40.6,5301,18140,4602
61104,18306,9678,8628,34.9,4851,13455,2205
61107,29386,13886,15500,43.2,6285,23101,6866
61108,29673,14952,14721,39.7,6707,22966,6083
61109,26382,12623,13759,35.6,5941,20441,3870
61111,22756,10748,12008,36.5,4825,17931,4089
61112,113,65,48,84.2,0,113,94
61114,15017,7006,8011,48.3,2880,12137,4134
61115,22542,10990,11552,40.5,4893,17649,3722
61201,37838,18777,19061,35.3,8414,29424,6445
61230,932,480,452,38.6,263,669,162
61231,5158,2616,2542,44.3,1072,4086,1144
61232,1506,757,749,50.3,271,1235,249
61233,253,138,115,50.6,51,202,64
61234,1073,559,514,43.3,238,835,213
61235,1464,669,795,44.4,350,1114,347
61236,65,27,38,37.1,5,60,0
61237,0,0,0,-,0,0,0
61238,2985,1526,1459,40.9,642,2343,479
61239,1174,541,633,34.7,251,923,224
61240,5880,3090,2790,48.7,1280,4600,1441
61241,6775,3283,3492,43.4,1237,5538,1364
61242,1136,638,498,50.7,222,914,282
61243,277,148,129,49.9,26,251,42
61244,23239,11316,11923,40.3,5564,17675,4142
61250,2713,1309,1404,42.8,784,1929,568
61251,382,180,202,36.3,106,276,79
61252,5424,2707,2717,47.2,1139,4285,1146
61254,12103,6038,6065,44.1,2753,9350,2836
61256,2063,1014,1049,35.6,488,1575,416
61257,836,411,425,45.5,165,671,206
61258,188,109,79,42,48,140,26
61259,1379,712,667,52.5,238,1141,276
61260,595,318,277,44.9,100,495,167
61261,644,304,340,49.1,100,544,162
61262,734,344,390,44.4,165,569,169
61263,808,351,457,34.7,259,549,127
61264,9927,5009,4918,46.1,1998,7929,2431
61265,44006,21821,22185,39.2,10144,33862,8577
61270,7096,3527,3569,42.1,1656,5440,1458
61272,1357,629,728,36.2,420,937,203
61273,3175,1628,1547,37.6,944,2231,432
61274,269,138,131,53.5,26,243,62
61275,4393,2150,2243,46.6,1005,3388,878
61276,77,53,24,26.9,28,49,19
61277,2978,1486,1492,46.6,669,2309,683
61278,657,320,337,43.9,170,487,180
61279,944,478,466,41.8,200,744,244
61281,2553,1356,1197,49.4,502,2051,512
61282,8234,4052,4182,45,1546,6688,2035
61283,1422,785,637,41.7,381,1041,256
61284,1745,831,914,59.5,280,1465,630
61285,2661,1811,850,41.3,320,2341,494
61301,10380,5186,5194,40.8,2143,8237,2081
61310,3556,1864,1692,49.3,578,2978,853
61311,217,121,96,44.7,0,217,84
61312,433,218,215,48.7,87,346,79
61313,232,108,124,45.7,0,232,11
61314,889,462,427,48.3,203,686,121
61315,248,138,110,36.2,50,198,35
61316,196,103,93,41.5,36,160,41
61317,460,230,230,54.9,96,364,166
61318,620,320,300,40.5,140,480,117
61319,1297,712,585,52.6,177,1120,304
61320,675,317,358,41.8,171,504,156
61321,312,162,150,27.4,83,229,25
61322,1481,852,629,42.7,367,1114,262
61323,105,58,47,60.4,10,95,40
61324,85,53,32,55.1,13,72,16
61325,1028,583,445,39.1,196,832,204
61326,2083,1030,1053,41.2,452,1631,458
61327,1385,681,704,44.2,309,1076,164
61328,78,38,40,47,0,78,0
61329,1314,607,707,39.4,318,996,169
61330,1222,600,622,46.5,244,978,245
61331,0,0,0,-,0,0,0
61332,139,74,65,44.3,28,111,33
61333,270,139,131,44.7,62,208,61
61334,604,326,278,44,109,495,97
61335,362,189,173,43.3,79,283,110
61336,484,278,206,48.8,88,396,112
61337,500,228,272,33.6,136,364,63
61338,238,129,109,45.3,37,201,43
61340,480,276,204,44.4,115,365,95
61341,7196,3472,3724,44.2,1702,5494,1473
61342,8389,4186,4203,41.3,1848,6541,1704
61344,262,132,130,49.2,44,218,64
61345,701,376,325,47.7,113,588,123
61346,47,24,23,62.8,1,46,21
61348,4501,2360,2141,41,1008,3493,931
61349,1054,524,530,39.5,260,794,207
61350,24385,11899,12486,41.7,5613,18772,4375
61353,1238,606,632,34.5,348,890,201
61354,10422,4957,5465,46.9,2194,8228,2486
61356,10959,5162,5797,46.2,2138,8821,2922
61358,374,163,211,49.5,68,306,72
61359,431,203,228,44.6,97,334,135
61360,3379,1737,1642,43.2,798,2581,542
61361,1351,677,674,41,245,1106,187
61362,5855,2997,2858,43.4,1228,4627,1332
61363,300,157,143,44.3,69,231,66
61364,18245,9080,9165,42.2,3569,14676,4053
61367,902,441,461,27.9,257,645,105
61368,1314,697,617,40.6,300,1014,220
61369,1393,679,714,51.4,273,1120,387
61370,1168,659,509,41.8,248,920,201
61371,85,85,0,28.1,0,85,0
61372,269,141,128,32.3,71,198,30
61373,2117,1060,1057,44.7,523,1594,319
61374,46,16,30,73.1,5,41,28
61375,1163,676,487,52.1,219,944,311
61376,1960,966,994,45.3,372,1588,497
61377,1469,665,804,40.2,247,1222,356
61378,493,228,265,27,178,315,58
61379,1224,590,634,43.1,275,949,248
61401,30809,15172,15637,42.2,5723,25086,7104
61402,1748,1748,0,40.7,0,1748,45
61410,3730,1978,1752,39.4,982,2748,622
61411,346,151,195,42.1,77,269,33
61412,1154,592,562,50.2,248,906,274
61413,1012,579,433,46.2,247,765,231
61414,794,431,363,51.3,143,651,237
61415,1684,900,784,48.4,302,1382,338
61416,247,138,109,42.6,45,202,56
61417,237,99,138,50.6,5,232,61
61418,658,326,332,47.3,135,523,169
61419,151,65,86,62.1,17,134,51
61420,1002,559,443,41.7,184,818,231
61421,1407,714,693,43.8,330,1077,267
61422,3042,1461,1581,42.8,612,2430,594
61423,497,257,240,41.8,37,460,83
61424,34,19,15,61.8,4,30,3
61425,392,213,179,62.3,37,355,66
61426,105,44,61,29.6,12,93,0
61427,2095,1116,979,47.2,411,1684,463
61428,1162,506,656,49.4,292,870,279
61430,618,294,324,51.9,99,519,182
61431,315,155,160,53.7,42,273,114
61432,686,341,345,41.3,174,512,148
61433,22,22,0,-,0,22,0
61434,2986,1435,1551,40.9,794,2192,542
61435,155,52,103,25.9,49,106,0
61436,787,381,406,59.1,96,691,196
61437,664,334,330,51.4,95,569,188
61438,691,358,333,43.8,126,565,171
61439,250,144,106,34.5,86,164,56
61440,774,397,377,32.8,242,532,131
61441,815,432,383,39.6,229,586,184
61442,678,338,340,50.5,100,578,189
61443,13584,6792,6792,43.7,2871,10713,3050
61447,1133,614,519,40.2,289,844,173
61448,4076,1796,2280,42.8,1052,3024,983
61449,229,141,88,51.5,34,195,82
61450,1756,926,830,48.5,354,1402,465
61451,225,109,116,31.9,44,181,17
61452,146,57,89,41.7,26,120,34
61453,691,366,325,33.7,151,540,104
61454,505,256,249,44,106,399,166
61455,17653,8265,9388,31.2,2751,14902,3194
61458,464,245,219,53.8,74,390,139
61459,348,209,139,46.4,86,262,59
61460,179,87,92,48.8,45,134,43
61462,10855,5148,5707,38.9,2418,8437,2157
61465,1250,689,561,49.8,209,1041,330
61466,267,181,86,39.2,59,208,47
61467,1244,584,660,38.2,385,859,137
61468,190,82,108,35.4,55,135,28
61469,1926,977,949,53.9,288,1638,608
61470,505,230,275,47.8,65,440,89
61471,136,67,69,38.3,36,100,29
61472,387,205,182,54.5,51,336,102
61473,1307,703,604,41,289,1018,355
61474,285,151,134,36.1,81,204,57
61475,192,123,69,47.5,40,152,74
61476,605,300,305,37.8,153,452,71
61477,499,249,250,47.3,68,431,82
61478,383,251,132,15.3,220,163,28
61479,24,12,12,81.8,0,24,16
61480,1352,629,723,38,348,1004,263
61482,520,238,282,36.6,134,386,62
61483,1861,940,921,46.3,400,1461,481
61484,737,398,339,50.8,118,619,168
61485,387,180,207,40.6,102,285,74
61486,1450,719,731,46.2,245,1205,284
61488,1284,615,669,39.7,273,1011,286
61489,841,427,414,39,230,611,174
61490,1103,584,519,45.8,193,910,261
61491,2276,1127,1149,45.4,460,1816,524
61501,1646,785,861,41.4,405,1241,260
61516,754,399,355,35.8,200,554,118
61517,3196,1509,1687,42.1,958,2238,637
61519,249,132,117,41.6,68,181,33
61520,16176,8628,7548,44.7,2710,13466,3419
61523,10356,5119,5237,42.1,2544,7812,2076
61524,358,169,189,55.3,38,320,125
61525,11543,5739,5804,35.1,3918,7625,1492
61526,808,380,428,56.8,147,661,282
61528,3435,1844,1591,42.4,976,2459,446
61529,2730,1238,1492,37.7,829,1901,463
61530,6614,3107,3507,39.1,1282,5332,1312
61531,3144,1570,1574,38.9,829,2315,598
61532,410,235,175,42.1,92,318,49
61533,2363,1195,1168,35.6,630,1733,335
61534,2057,1089,968,37.6,627,1430,238
61535,2163,1136,1027,40.9,661,1502,330
61536,3207,1581,1626,54.1,497,2710,875
61537,2727,1351,1376,44.4,602,2125,589
61539,150,71,79,44,39,111,24
61540,2771,1351,1420,45.1,617,2154,634
61541,99,52,47,49.4,7,92,19
61542,3407,1705,1702,43.4,766,2641,706
61543,111,66,45,43.4,20,91,24
61544,872,426,446,33.5,299,573,129
61545,766,412,354,38.6,207,559,128
61546,3791,1847,1944,47.7,753,3038,933
61547,3835,1954,1881,43.1,1082,2753,689
61548,12301,6032,6269,41.4,2981,9320,2203
61550,18483,8603,9880,43.2,4319,14164,4447
61552,220,150,70,34.7,83,137,16
61553,259,114,145,37,97,162,36
61554,40775,20261,20514,42.2,8088,32687,7901
61559,3845,1887,1958,46.4,896,2949,797
61560,586,313,273,68.3,24,562,319
61561,2500,1256,1244,41.9,632,1868,545
61562,92,72,20,77.1,0,92,57
61563,556,292,264,42.7,92,464,131
61564,1053,540,513,37.8,281,772,173
61565,1433,765,668,41.5,339,1094,305
61567,500,284,216,54.3,82,418,129
61568,4606,2214,2392,41.3,1157,3449,956
61569,1010,447,563,40.5,213,797,167
61570,1663,845,818,42.1,378,1285,321
61571,24712,12199,12513,39.2,6680,18032,4140
61572,1029,529,500,43.2,183,846,228
61602,862,530,332,36.7,32,830,169
61603,15789,8101,7688,35.3,4093,11696,1882
61604,28220,13643,14577,39.7,6087,22133,5455
61605,13776,6213,7563,35.9,4112,9664,2089
61606,7232,3812,3420,23.4,1044,6188,604
61607,10522,5404,5118,43.6,2398,8124,2030
61610,4695,2319,2376,36.9,670,4025,489
61611,23447,12251,11196,43,4569,18878,5046
61614,28399,12819,15580,38.6,6402,21997,6310
61615,23167,11655,11512,38,4666,18501,4132
61616,5890,2848,3042,39.7,1267,4623,1060
61625,438,241,197,19.8,0,438,0
61701,35480,17201,18279,36,6835,28645,5338
61704,37517,19191,18326,35.9,8984,28533,4978
61705,12746,6320,6426,40.3,3346,9400,1980
61720,319,166,153,31.4,109,210,57
61721,573,284,289,54.6,118,455,215
61722,701,359,342,38.6,184,517,136
61723,2498,1239,1259,39.8,595,1903,484
61724,439,233,206,41.9,107,332,71
61725,1644,772,872,38.8,416,1228,260
61726,2508,1205,1303,38.2,614,1894,377
61727,9421,4691,4730,41.8,2013,7408,1820
61728,1301,579,722,36.5,322,979,257
61729,1184,613,571,31.6,387,797,122
61730,369,183,186,47.7,110,259,80
61731,145,71,74,29.8,50,95,22
61732,2017,941,1076,42.2,439,1578,312
61733,870,422,448,39.6,177,693,126
61734,2520,1211,1309,46.6,577,1943,649
61735,363,182,181,37.5,109,254,34
61736,2578,1245,1333,34.8,833,1745,434
61737,444,237,207,44.4,80,364,63
61738,4186,2254,1932,38,1031,3155,646
61739,4635,2193,2442,42.4,1268,3367,1086
61740,1556,749,807,41.4,370,1186,374
61741,1635,806,829,30.8,487,1148,192
61742,1390,668,722,40.6,426,964,210
61743,165,97,68,41.6,31,134,43
61744,1506,717,789,50.9,326,1180,333
61745,4507,2150,2357,40.8,1322,3185,685
61747,1452,656,796,50.2,277,1175,343
61748,2732,1407,1325,40.9,752,1980,428
61749,491,274,217,61.3,42,449,147
61750,129,64,65,15,76,53,0
61751,60,25,35,58,0,60,22
61752,4461,2336,2125,41.3,1041,3420,763
61753,3279,1751,1528,40.7,759,2520,608
61754,1107,601,506,39.1,266,841,114
61755,4530,2244,2286,40.7,1129,3401,680
61756,2564,1369,1195,41.2,746,1818,476
61759,1350,651,699,41.9,300,1050,258
61760,2257,1248,1009,40.3,536,1721,408
61761,53423,25294,28129,25.3,9205,44218,6152
61764,13688,7206,6482,41.6,2723,10965,2558
61769,673,317,356,37.2,173,500,132
61770,1146,539,607,37.8,329,817,186
61771,986,486,500,38.4,365,621,118
61772,252,107,145,48,37,215,39
61773,352,173,179,40.6,95,257,91
61774,836,474,362,41.4,132,704,159
61775,240,146,94,52.6,51,189,73
61776,1321,650,671,47.9,211,1110,248
61777,1049,529,520,39.5,272,777,204
61778,591,268,323,42.7,107,484,120
61801,27965,13880,14085,24.1,2257,25708,2534
61802,19722,9741,9981,39.6,3702,16020,3671
61810,183,87,96,50.2,31,152,33
61811,595,296,299,50,74,521,181
61812,288,132,156,48.5,77,211,69
61813,1665,820,845,44.2,301,1364,265
61814,1287,607,680,41.9,358,929,272
61815,298,164,134,44.3,67,231,33
61816,442,222,220,42.8,70,372,95
61817,2471,1256,1215,41.6,382,2089,433
61818,1579,737,842,38.4,405,1174,278
61820,38128,20550,17578,22.2,3787,34341,1770
61821,29072,14053,15019,35.5,6359,22713,4939
61822,27929,14256,13673,38.1,6471,21458,4673
61830,422,216,206,41,114,308,90
61831,139,80,59,60.7,19,120,61
61832,32631,15615,17016,39.2,8082,24549,6394
61833,1831,913,918,51.8,225,1606,479
61834,8281,4900,3381,42.2,1593,6688,1674
61839,589,259,330,42.3,156,433,83
61840,530,266,264,55,111,419,127
61841,1057,473,584,43.3,260,797,255
61842,2434,1188,1246,49.4,429,2005,486
61843,2138,1139,999,36.3,486,1652,288
61844,810,404,406,56,121,689,235
61845,251,141,110,58.8,47,204,61
61846,4666,2522,2144,42,850,3816,1057
61847,1194,582,612,50.3,220,974,342
61848,263,129,134,41.4,47,216,35
61849,1955,1014,941,41.9,500,1455,301
61850,466,231,235,42,134,332,97
61851,296,157,139,49.3,47,249,56
61852,138,68,70,56.2,10,128,13
61853,14288,7167,7121,38.5,4124,10164,1695
61854,1409,697,712,46.4,271,1138,266
61855,103,36,67,56.4,18,85,31
61856,8315,4170,4145,40.3,1922,6393,1803
61857,146,75,71,54.3,17,129,44
61858,2797,1313,1484,38.7,818,1979,580
61859,1244,647,597,37,275,969,202
61862,694,378,316,38.8,204,490,167
61863,821,414,407,41.7,213,608,141
61864,1754,912,842,36.5,470,1284,280
61865,1395,744,651,38.5,445,950,204
61866,13442,6380,7062,36.2,3654,9788,2256
61870,1230,654,576,39.7,319,911,248
61871,343,169,174,41.4,71,272,67
61872,543,265,278,59.7,82,461,174
61873,5811,2786,3025,40,1571,4240,993
61874,8653,3735,4918,38.1,2124,6529,1676
61875,1196,586,610,34.2,378,818,141
61876,833,448,385,35.6,293,540,150
61877,1185,595,590,40.8,254,931,254
61878,1217,582,635,49.3,192,1025,287
61880,4570,2008,2562,37.9,970,3600,519
61882,632,362,270,48,158,474,134
61883,4412,2069,2343,38.2,1155,3257,704
61884,1081,556,525,51.1,66,1015,213
61910,4947,2525,2422,34.8,1550,3397,724
61911,4647,2278,2369,32.8,1298,3349,978
61912,1173,544,629,48.7,196,977,259
61913,1229,529,700,46.5,238,991,304
61914,1783,839,944,46.4,408,1375,479
61917,493,269,224,55,116,377,154
61919,776,353,423,55.4,160,616,220
61920,20923,10326,10597,31.3,2855,18068,3129
61924,2317,1203,1114,43.9,548,1769,496
61925,1054,565,489,42.9,230,824,108
61928,643,285,358,37.6,162,481,93
61929,639,336,303,40.6,151,488,152
61930,749,329,420,38.7,217,532,129
61931,1336,632,704,35.9,455,881,287
61932,542,249,293,41.7,126,416,114
61933,1114,550,564,44.6,279,835,180
61936,286,139,147,40.4,107,179,35
61937,1663,750,913,42.6,412,1251,303
61938,20965,10248,10717,42.1,4434,16531,4187
61940,294,160,134,49.6,54,240,89
61941,196,111,85,31.8,62,134,10
61942,972,476,496,57.3,150,822,380
61943,1430,710,720,50.1,280,1150,360
61944,11562,5675,5887,45.7,2057,9505,2753
61949,152,75,77,55.7,20,132,35
61951,7777,3926,3851,40.2,1978,5799,1415
61953,6305,3168,3137,39.2,1478,4827,1036
61955,193,105,88,38.5,68,125,33
61956,2931,1489,1442,41.4,590,2341,574
61957,1778,928,850,41.2,388,1390,407
62001,1766,886,880,51.8,291,1475,494
62002,30166,14600,15566,41.4,6472,23694,5874
62006,485,229,256,40.1,115,370,91
62009,1713,929,784,39.8,372,1341,332
62010,11133,5519,5614,41.1,2502,8631,2306
62011,273,167,106,47.8,54,219,113
62012,6678,3584,3094,41.2,1549,5129,1261
62013,527,211,316,43.1,108,419,106
62014,3749,2036,1713,41.2,798,2951,544
62015,592,303,289,37.4,158,434,66
62016,3519,1907,1612,44.2,712,2807,783
62017,943,487,456,42.8,161,782,222
62018,2954,1406,1548,40.7,794,2160,451
62019,317,211,106,59,30,287,122
62021,925,496,429,57,124,801,201
62022,978,450,528,38.1,187,791,162
62023,150,84,66,31.3,59,91,27
62024,9350,4800,4550,44.3,1779,7571,1646
62025,35947,17522,18425,35.1,7738,28209,4920
62026,1054,464,590,19.1,0,1054,0
62027,519,295,224,50.5,90,429,98
62028,1070,539,531,21.2,111,959,190
62030,75,34,41,39.5,30,45,20
62031,717,380,337,50.2,122,595,153
62032,754,418,336,50.8,130,624,205
62033,4628,2356,2272,42.7,1054,3574,961
62034,14497,7298,7199,39.6,3358,11139,2745
62035,16172,7904,8268,49.7,2718,13454,4154
62036,548,260,288,56.7,75,473,232
62037,1542,807,735,53,224,1318,426
62040,40716,20495,20221,39.3,8880,31836,7094
62044,2256,1006,1250,40.1,570,1686,323
62045,520,264,256,60.3,53,467,235
62046,919,402,517,34.5,277,642,132
62047,1760,944,816,47.9,391,1369,343
62048,1626,748,878,39.9,332,1294,349
62049,8195,5013,3182,41.3,1538,6657,1541
62050,278,101,177,43,31,247,36
62051,793,382,411,48,76,717,147
62052,12625,6065,6560,42.2,2868,9757,2592
62053,332,188,144,39.1,97,235,29
62054,367,199,168,55.1,39,328,118
62056,8758,4333,4425,45.1,1674,7084,2042
62058,770,438,332,48.3,165,605,203
62059,629,260,369,29.7,183,446,106
62060,3534,1598,1936,46.1,550,2984,666
62061,1672,867,805,36.8,437,1235,343
62062,8461,3856,4605,48.8,1504,6957,1834
62063,977,422,555,54.6,70,907,171
62067,2106,919,1187,49,370,1736,532
62069,3230,1586,1644,49.2,519,2711,827
62074,1213,578,635,44,333,880,190
62075,3168,1502,1666,38.1,730,2438,747
62076,73,36,37,66.5,4,69,43
62077,317,128,189,48.2,60,257,60
62078,102,45,57,46.5,22,80,17
62079,469,236,233,39.7,109,360,0
62080,2688,1327,1361,41.7,711,1977,461
62081,359,102,257,34.6,105,254,47
62082,2547,1470,1077,51.4,428,2119,624
62083,157,99,58,56.7,37,120,20
62084,1601,762,839,40.2,355,1246,264
62085,167,74,93,60.3,22,145,64
62086,1213,576,637,48.6,197,1016,260
62087,2121,1045,1076,33.6,517,1604,271
62088,6439,3001,3438,43.9,1269,5170,1143
62089,528,264,264,58.7,72,456,192
62090,1053,447,606,44.6,170,883,222
62091,325,149,176,39.1,98,227,50
62092,2422,1126,1296,40.7,627,1795,467
62093,500,319,181,40.6,88,412,87
62094,1048,562,486,36.4,253,795,160
62095,10801,5217,5584,34.8,2499,8302,1494
62097,2723,1479,1244,47.6,413,2310,433
62098,32,11,21,65.8,0,32,20
62201,5166,2025,3141,40.2,918,4248,740
62203,6076,2917,3159,46.1,644,5432,1449
62204,5908,2585,3323,37,1728,4180,1105
62205,5754,3018,2736,52.3,745,5009,1554
62206,13477,6221,7256,30.7,4878,8599,1639
62207,6637,2613,4024,35,2008,4629,1119
62208,16690,8500,8190,39.6,3788,12902,2613
62214,1050,578,472,37.3,209,841,174
62215,2074,1056,1018,43,475,1599,354
62216,2980,1430,1550,35.8,790,2190,423
62217,718,391,327,51.7,155,563,233
62218,2009,957,1052,42.9,519,1490,318
62219,1046,581,465,43.6,199,847,216
62220,19277,9140,10137,40,4579,14698,3124
62221,29454,14349,15105,38.5,6784,22670,4519
62223,16534,7973,8561,43.5,3044,13490,3222
62225,5359,2894,2465,22.5,2175,3184,42
62226,29333,14487,14846,41,5794,23539,5000
62230,6352,3221,3131,39.8,1370,4982,1270
62231,6680,3339,3341,39,1293,5387,1160
62232,6920,3590,3330,43.7,1174,5746,1004
62233,8217,5505,2712,43.8,868,7349,1253
62234,32491,15950,16541,39.7,6756,25735,5498
62236,14630,7267,7363,41.5,3716,10914,2270
62237,2411,1264,1147,52.7,443,1968,663
62238,522,260,262,32,117,405,70
62239,4076,1941,2135,44,714,3362,565
62240,2197,1228,969,30.2,882,1315,228
62241,900,404,496,46.8,228,672,219
62242,1534,850,684,40.2,395,1139,370
62243,6271,3098,3173,43.5,1362,4909,1193
62244,933,522,411,41.6,266,667,176
62245,1698,847,851,48,379,1319,332
62246,10117,5623,4494,39.8,1578,8539,1796
62248,540,269,271,34.9,149,391,63
62249,16649,8097,8552,41.9,3656,12993,2987
62250,652,386,266,32.8,197,455,83
62253,717,345,372,45.2,154,563,148
62254,6586,3152,3434,36.7,975,5611,1294
62255,1030,510,520,42.5,289,741,175
62256,34,14,20,46,7,27,6
62257,1897,947,950,48.8,263,1634,459
62258,10572,5277,5295,38.5,2594,7978,1402
62260,6461,3203,3258,46.1,1187,5274,1221
62261,12,12,0,-,0,12,12
62262,1854,1057,797,41,373,1481,377
62263,5109,2484,2625,43.4,1053,4056,961
62264,3237,1621,1616,41.4,721,2516,622
62265,4418,2145,2273,40.9,979,3439,576
62266,13,13,0,-,0,13,0
62268,1001,549,452,45.9,202,799,204
62269,35467,17405,18062,37.3,9827,25640,5606
62271,1994,962,1032,46,441,1553,521
62272,1898,946,952,35.2,594,1304,343
62273,259,134,125,54.8,53,206,95
62274,7942,4786,3156,40.4,1291,6651,1461
62275,3004,1462,1542,38.1,689,2315,460
62277,1007,546,461,41,204,803,161
62278,6692,3350,3342,40.8,1630,5062,1461
62279,70,23,47,35.5,21,49,12
62280,562,316,246,41.9,155,407,59
62281,2811,1466,1345,37.5,815,1996,257
62282,646,340,306,40.8,119,527,121
62284,745,415,330,31,224,521,40
62285,4512,2243,2269,44,1041,3471,993
62286,5372,2630,2742,42.6,1208,4164,1221
62288,2701,1275,1426,47.6,482,2219,777
62289,397,199,198,48.7,41,356,70
62292,824,392,432,37.6,167,657,149
62293,4392,2241,2151,42.3,883,3509,1020
62294,15289,7334,7955,36.6,4137,11152,2071
62295,1449,678,771,44.3,260,1189,298
62297,338,183,155,62.4,36,302,157
62298,17192,8611,8581,43.4,3295,13897,3422
62301,30944,15199,15745,39.8,6434,24510,5903
62305,19473,9355,10118,44.7,4452,15021,4357
62311,777,393,384,40.9,209,568,132
62312,1933,900,1033,37,493,1440,308
62313,330,221,109,45.6,54,276,36
62314,470,242,228,37.6,81,389,76
62316,876,445,431,38.1,247,629,124
62319,240,137,103,58.4,41,199,86
62320,2557,1288,1269,36.1,829,1728,413
62321,3717,1980,1737,49.7,617,3100,949
62323,247,149,98,43.6,34,213,38
62324,1398,841,557,44.8,284,1114,319
62325,471,248,223,37,128,343,59
62326,2315,1279,1036,39.2,612,1703,505
62330,1472,727,745,50.4,247,1225,354
62334,166,91,75,48.1,45,121,27
62336,94,57,37,55.7,16,78,21
62338,1010,573,437,48.9,131,879,205
62339,1005,466,539,40.2,230,775,254
62340,1700,903,797,45.5,324,1376,338
62341,3453,1570,1883,44.3,812,2641,777
62343,761,324,437,36.3,171,590,121
62344,20,9,11,66.9,0,20,17
62345,379,224,155,43.2,74,305,75
62346,128,61,67,54.1,25,103,46
62347,1999,1028,971,45.2,502,1497,382
62348,219,99,120,38.8,56,163,23
62349,680,319,361,57.9,95,585,211
62351,1934,954,980,38.9,501,1433,366
62352,215,108,107,49.3,49,166,65
62353,5006,3435,1571,36.9,782,4224,706
62354,1435,728,707,44.8,260,1175,395
62355,1062,538,524,42.9,200,862,202
62356,633,372,261,19.9,252,381,56
62357,261,156,105,34.9,62,199,36
62358,513,300,213,44.2,121,392,119
62359,126,72,54,21,17,109,18
62360,1898,901,997,34.2,610,1288,315
62361,330,186,144,35.7,105,225,79
62362,353,168,185,51.9,74,279,94
62363,5195,2482,2713,49.1,1032,4163,1465
62365,406,250,156,53.7,90,316,70
62366,1440,810,630,30.8,486,954,199
62367,1349,755,594,49.7,187,1162,343
62370,332,136,196,53.5,44,288,76
62373,267,164,103,56.7,32,235,78
62374,211,123,88,47.9,26,185,38
62375,508,256,252,47.4,101,407,99
62376,1106,575,531,39.9,286,820,164
62378,814,298,516,38.8,234,580,135
62379,1800,831,969,43.4,426,1374,450
62380,452,198,254,23.4,162,290,58
62401,19240,9539,9701,39.6,4566,14674,3555
62410,1248,682,566,39.6,319,929,233
62411,4070,2066,2004,44,836,3234,962
62413,286,145,141,57.9,6,280,85
62414,1644,768,876,40.7,363,1281,367
62417,2807,1461,1346,43.4,688,2119,478
62418,2076,1066,1010,37.3,442,1634,321
62419,258,122,136,40.3,54,204,38
62420,4082,1874,2208,39.9,971,3111,854
62421,406,212,194,57.6,76,330,158
62422,938,454,484,42.7,247,691,155
62423,843,454,389,34.9,285,558,134
62424,2475,1275,1200,31.8,816,1659,201
62425,843,490,353,34.2,248,595,56
62426,890,487,403,51.4,134,756,233
62427,1948,874,1074,38.2,516,1432,384
62428,2801,1327,1474,40.4,690,2111,532
62431,719,341,378,39.9,179,540,163
62432,639,261,378,44.2,178,461,43
62433,1150,574,576,40.3,212,938,185
62434,335,180,155,57.1,53,282,120
62436,760,371,389,49.5,180,580,170
62438,211,110,101,58.9,0,211,79
62439,7005,3539,3466,40.7,1370,5635,1423
62440,1055,542,513,51.6,170,885,215
62441,6927,3505,3422,43.1,1508,5419,1341
62442,2540,1263,1277,43.5,590,1950,461
62443,1849,875,974,38.6,437,1412,292
62444,407,203,204,46.6,73,334,180
62445,1150,677,473,35.8,275,875,153
62446,353,198,155,43.1,91,262,67
62447,3172,1598,1574,43.2,658,2514,736
62448,5411,2855,2556,46.9,1074,4337,1195
62449,2957,1533,1424,47.8,581,2376,732
62450,12327,6075,6252,43.3,2820,9507,2537
62451,1981,986,995,46.8,411,1570,431
62452,325,183,142,47.8,51,274,86
62454,10604,5953,4651,41,2020,8584,1889
62458,2275,1154,1121,43.3,509,1766,416
62459,289,135,154,29.8,105,184,17
62460,1171,669,502,45.1,165,1006,234
62461,652,337,315,56.3,106,546,206
62462,1197,655,542,32.7,335,862,163
62463,1160,581,579,45.4,252,908,347
62464,157,111,46,23.9,45,112,20
62465,913,462,451,37.4,220,693,171
62466,4171,2885,1286,39.9,638,3533,597
62467,3929,2049,1880,38.8,974,2955,560
62468,2369,1277,1092,47.8,443,1926,565
62469,388,252,136,29.7,149,239,38
62471,10305,5588,4717,42.2,1770,8535,1800
62473,1143,577,566,49.7,204,939,270
62474,624,303,321,52.1,90,534,190
62475,289,150,139,21.6,113,176,16
62476,1385,739,646,46.8,242,1143,313
62477,778,417,361,41.4,158,620,202
62478,351,158,193,44.5,59,292,58
62479,808,397,411,37.2,248,560,159
62480,522,266,256,48.4,135,387,122
62481,329,161,168,41.9,107,222,45
62501,2242,1120,1122,47.6,492,1750,434
62510,1495,752,743,44.5,298,1197,364
62512,502,238,264,54.3,81,421,144
62513,1485,717,768,45.3,307,1178,311
62514,380,211,169,34.9,107,273,84
62515,1059,545,514,54.9,186,873,355
62517,238,128,110,28.2,43,195,26
62518,181,74,107,42.6,46,135,69
62519,46,23,23,31.5,0,46,6
62520,1513,684,829,51.3,298,1215,329
62521,33453,16548,16905,42.1,7930,25523,7243
62522,15010,6812,8198,35.4,3224,11786,2446
62523,800,604,196,38.3,0,800,90
62526,30572,14052,16520,42.6,5627,24945,6852
62530,1415,715,700,36.2,323,1092,301
62531,1892,1055,837,42.7,363,1529,317
62532,64,22,42,24,21,43,16
62533,788,343,445,37.5,244,544,106
62534,1062,536,526,49.9,173,889,296
62535,3856,2061,1795,41.4,1067,2789,774
62536,741,388,353,55,145,596,158
62537,329,162,167,29.6,113,216,36
62538,471,242,229,43.4,113,358,130
62539,1151,593,558,42.4,279,872,261
62540,1186,622,564,53.5,126,1060,241
62541,46,22,24,31.4,0,46,12
62543,652,363,289,31.3,138,514,73
62544,1600,771,829,42.7,353,1247,364
62545,1296,653,643,47.9,190,1106,285
62546,1564,843,721,42.8,396,1168,294
62547,767,470,297,40.2,222,545,121
62548,2202,972,1230,43.5,592,1610,395
62549,6684,3226,3458,37.9,2045,4639,1104
62550,2902,1475,1427,39.2,845,2057,487
62551,924,500,424,36.3,292,632,143
62553,359,186,173,47.9,66,293,72
62554,1727,744,983,41.4,432,1295,260
62555,1545,726,819,39.2,360,1185,157
62556,321,160,161,47.2,61,260,85
62557,7002,3621,3381,46.1,1283,5719,1668
62558,3489,1750,1739,45.8,627,2862,758
62560,1408,721,687,35.7,388,1020,200
62561,5107,2516,2591,50.1,1058,4049,1041
62563,5759,2780,2979,44.3,1490,4269,1115
62565,7590,3527,4063,46.3,1666,5924,1774
62567,899,480,419,48.7,104,795,188
62568,16292,8703,7589,40.2,3570,12722,3018
62570,630,278,352,26.9,199,431,32
62571,1321,651,670,56,171,1150,294
62572,530,264,266,40.7,105,425,38
62573,1319,676,643,40.2,334,985,295
62601,329,154,175,37.1,99,230,37
62610,150,74,76,45,40,110,26
62611,1114,558,556,39,266,848,282
62612,1482,691,791,47.4,281,1201,296
62613,3857,1797,2060,37,1124,2733,487
62615,5490,2603,2887,36,1428,4062,805
62617,478,215,263,56.2,46,432,111
62618,7318,3796,3522,36.2,1892,5426,1034
62621,1219,677,542,44.3,240,979,223
62622,90,43,47,34.3,40,50,16
62624,266,149,117,58.1,59,207,64
62625,874,489,385,51.2,142,732,226
62626,7840,3796,4044,45,1430,6410,1982
62627,1023,571,452,47.6,206,817,244
62628,799,397,402,42.8,183,616,151
62629,15245,7018,8227,35.6,4553,10692,1710
62630,686,425,261,45.4,156,530,168
62631,294,168,126,51.4,65,229,88
62633,603,255,348,47.7,69,534,117
62634,984,506,478,40.6,264,720,150
62635,671,326,345,35.7,202,469,134
62638,1288,718,570,50.6,295,993,291
62639,213,125,88,47.5,42,171,83
62640,3273,1614,1659,46.2,642,2631,768
62642,1417,716,701,45.5,296,1121,251
62643,696,386,310,30.5,213,483,60
62644,4690,2418,2272,43.8,1009,3681,1097
62649,408,193,215,49,80,328,94
62650,24627,12239,12388,40.5,4451,20176,4986
62655,719,321,398,34.8,231,488,88
62656,18216,8789,9427,40.2,3021,15195,3589
62661,1477,844,633,31.1,406,1071,158
62663,185,89,96,52.2,35,150,47
62664,2945,1431,1514,46.2,667,2278,686
62665,1361,623,738,48.3,282,1079,358
62666,517,264,253,41.9,131,386,61
62667,560,274,286,49.5,79,481,138
62668,1322,647,675,39.1,313,1009,294
62670,2514,1138,1376,46.1,521,1993,527
62671,530,254,276,39.7,129,401,74
62672,150,66,84,54.2,12,138,48
62673,328,133,195,54.3,49,279,75
62674,1398,683,715,46.2,330,1068,325
62675,5877,2956,2921,45.4,1150,4727,1423
62677,2176,1124,1052,50.8,449,1727,500
62681,5717,3213,2504,47.6,1004,4713,1324
62682,751,361,390,37,182,569,86
62684,5669,2637,3032,41.8,1390,4279,1059
62685,1692,777,915,45.5,420,1272,305
62688,852,453,399,46.5,164,688,220
62689,557,310,247,37.6,127,430,82
62690,3830,1596,2234,41,825,3005,629
62691,2355,1150,1205,44.8,466,1889,573
62692,2228,1031,1197,43.6,545,1683,432
62693,1805,922,883,40.6,474,1331,316
62694,2891,1373,1518,44.3,637,2254,578
62695,473,247,226,50.2,66,407,80
62701,1078,715,363,39.3,1,1077,129
62702,32539,16140,16399,38.4,7478,25061,5370
62703,28809,13794,15015,37.9,6100,22709,5062
62704,40495,19559,20936,39.6,7934,32561,7347
62706,0,0,0,-,0,0,0
62707,7725,4099,3626,48.5,1398,6327,1651
62711,17759,7879,9880,46.6,4183,13576,4441
62712,10275,4980,5295,46.4,1932,8343,2420
62801,19976,10619,9357,42.3,4150,15826,4004
62803,1128,596,532,36.2,354,774,181
62806,3316,1635,1681,40.9,832,2484,681
62807,832,384,448,41.3,176,656,153
62808,1902,1096,806,39.5,459,1443,247
62809,288,164,124,39.7,94,194,41
62810,1032,554,478,36.6,262,770,208
62811,256,85,171,39.4,79,177,62
62812,11396,5808,5588,42,2705,8691,2342
62814,1782,853,929,39,467,1315,289
62815,280,139,141,48.5,60,220,35
62816,1104,553,551,49.6,155,949,314
62817,573,301,272,62.1,51,522,132
62818,409,196,213,48.9,96,313,77
62819,267,126,141,44.6,36,231,75
62820,133,58,75,37,20,113,24
62821,7005,3451,3554,45.8,1437,5568,1789
62822,2597,1332,1265,42.2,580,2017,540
62823,1751,841,910,38.9,417,1334,307
62824,1865,883,982,36.9,496,1369,286
62825,243,127,116,54.2,30,213,42
62827,1097,562,535,49,204,893,192
62828,1359,684,675,40.5,409,950,251
62829,128,82,46,28.8,0,128,0
62830,1338,672,666,44.3,257,1081,299
62831,380,169,211,53.1,50,330,108
62832,8986,4469,4517,43.2,1920,7066,1793
62833,334,198,136,35.7,105,229,79
62835,1325,577,748,46.3,242,1083,406
62836,913,490,423,40.6,237,676,151
62837,8300,4205,4095,45.2,1672,6628,1927
62838,1540,811,729,41.8,335,1205,349
62839,6286,3088,3198,43.8,1237,5049,1325
62841,140,88,52,44.5,45,95,51
62842,673,341,332,43,141,532,175
62843,90,60,30,68,14,76,45
62844,2002,962,1040,41.5,472,1530,397
62846,2026,1578,448,43.1,183,1843,296
62848,514,250,264,52.3,88,426,119
62849,2039,1011,1028,40.5,553,1486,410
62850,627,308,319,16.8,333,294,43
62851,247,140,107,42.8,24,223,45
62852,132,69,63,55.4,12,120,33
62853,998,525,473,35,307,691,168
62854,1582,745,837,46.3,356,1226,410
62856,351,177,174,44.2,84,267,58
62858,3343,1749,1594,39.1,951,2392,681
62859,5283,2534,2749,42.7,1072,4211,1264
62860,468,269,199,45.5,116,352,80
62861,124,73,51,37.4,19,105,14
62862,303,159,144,55.1,57,246,76
62863,9519,4564,4955,44,2053,7466,2136
62864,23253,11546,11707,40.5,5317,17936,4751
62865,1894,931,963,52.5,249,1645,485
62867,485,209,276,41.9,61,424,82
62868,1706,878,828,40.2,367,1339,335
62869,2729,1321,1408,39.1,750,1979,494
62870,2232,1158,1074,46.1,502,1730,456
62871,620,371,249,42,150,470,157
62872,1112,567,545,39.6,304,808,203
62874,335,179,156,46.7,47,288,78
62875,1235,592,643,45.2,304,931,273
62876,135,79,56,53.5,17,118,37
62877,441,242,199,46.3,92,349,121
62878,250,132,118,55.4,34,216,89
62879,46,24,22,45.8,7,39,11
62880,636,356,280,52.8,130,506,181
62881,10995,5448,5547,39.3,2583,8412,1941
62882,2162,1055,1107,45.5,475,1687,427
62883,594,311,283,43.4,131,463,114
62884,2809,1388,1421,41.3,620,2189,491
62885,369,187,182,44.1,93,276,105
62886,390,192,198,47.9,55,335,101
62887,241,117,124,33.4,64,177,24
62888,1893,1039,854,45.4,386,1507,399
62889,1111,607,504,49,245,866,209
62890,2338,1132,1206,40.6,530,1808,559
62891,700,332,368,40.3,201,499,161
62892,190,100,90,48.5,37,153,42
62893,927,472,455,48.3,183,744,162
62894,841,418,423,45,191,650,148
62895,2014,999,1015,47.3,439,1575,521
62896,10959,5487,5472,43.4,2388,8571,2131
62897,530,237,293,36.8,126,404,65
62898,1955,949,1006,36.8,558,1397,296
62899,1672,746,926,38.4,486,1186,286
62901,23178,12075,11103,25.9,3013,20165,2583
62902,4344,2338,2006,39.6,818,3526,703
62903,2585,1207,1378,28.6,528,2057,399
62905,583,304,279,49.3,91,492,184
62906,7217,3727,3490,45.6,1460,5757,1948
62907,1873,873,1000,36.2,574,1299,391
62908,443,176,267,36.8,93,350,92
62910,2150,1023,1127,40.1,525,1625,337
62912,1668,788,880,35,422,1246,307
62914,1880,911,969,43.2,357,1523,458
62915,431,219,212,34.3,100,331,54
62916,830,447,383,41.5,107,723,138
62917,2516,1221,1295,47.5,520,1996,541
62918,10844,5072,5772,36.9,2796,8048,1759
62919,731,366,365,57.8,80,651,266
62920,3017,1550,1467,49.7,503,2514,745
62921,243,137,106,38.6,60,183,36
62922,2824,1539,1285,45.1,600,2224,615
62923,404,214,190,42.3,83,321,96
62924,2812,1273,1539,40.4,716,2096,478
62926,2167,1122,1045,40,551,1616,390
62927,299,157,142,46.2,49,250,52
62928,71,24,47,61,10,61,28
62930,5630,2764,2866,48.7,881,4749,1301
62931,1335,671,664,54.5,195,1140,464
62932,1238,669,569,41.6,292,946,286
62933,1253,510,743,42.7,333,920,325
62934,715,368,347,55.3,94,621,183
62935,2200,1115,1085,39.2,462,1738,454
62938,2874,1526,1348,52.2,446,2428,735
62939,2693,1292,1401,49.9,445,2248,696
62940,729,366,363,23.9,183,546,61
62941,500,230,270,54.7,30,470,157
62942,565,283,282,34.7,137,428,71
62943,312,142,170,35.1,95,217,31
62946,11795,5710,6085,40.3,2664,9131,2270
62947,401,237,164,62.3,28,373,175
62948,12679,6012,6667,41.1,2456,10223,2338
62949,770,350,420,42.9,167,603,227
62950,160,103,57,39.5,31,129,40
62951,5574,3023,2551,49,1007,4567,1012
62952,3050,1499,1551,40.4,739,2311,559
62953,333,197,136,26.7,100,233,46
62954,590,272,318,62.4,74,516,250
62956,1206,516,690,41.5,291,915,351
62957,655,350,305,41.5,139,516,107
62958,2091,1105,986,47.2,436,1655,378
62959,27255,14164,13091,41.2,5749,21506,5719
62960,10719,5176,5543,46.7,2206,8513,2292
62961,45,24,21,45.5,7,38,16
62962,0,0,0,-,0,0,0
62963,798,457,341,39.3,228,570,126
62964,1170,597,573,48.7,214,956,278
62965,45,21,24,56.6,5,40,10
62966,14198,6407,7791,40.1,3429,10769,3129
62967,344,179,165,59.3,97,247,156
62969,342,174,168,60.1,38,304,66
62970,405,232,173,57.5,51,354,160
62972,1128,573,555,53.1,203,925,320
62974,1523,732,791,48.1,266,1257,279
62975,169,89,80,59.1,0,169,53
62976,351,136,215,45.9,70,281,76
62977,632,319,313,47.1,115,517,134
62979,948,480,468,43.9,141,807,268
62982,1131,584,547,45.1,212,919,174
62983,1521,763,758,46,279,1242,314
62984,1558,769,789,43.8,374,1184,341
62985,998,425,573,45.4,167,831,174
62987,1788,946,842,39.7,537,1251,392
62988,1141,585,556,45.9,228,913,288
62990,1155,513,642,32.3,394,761,249
62992,718,377,341,41.3,117,601,64
62994,697,310,387,32.2,209,488,88
62995,6408,4360,2048,39.6,1276,5132,874
62996,656,349,307,35.3,207,449,107
62997,656,359,297,30.8,167,489,50
62998,198,84,114,60.4,27,171,82
62999,1520,720,800,42.9,317,1203,316
63005,19734,10265,9469,45.5,4385,15349,3400
63010,34744,17294,17450,40.3,7337,27407,5897
63011,36515,18161,18354,44.2,8168,28347,7900
63012,10763,5550,5213,35.7,2601,8162,1082
63013,1191,599,592,51.2,256,935,332
63014,502,246,256,62.5,62,440,244
63015,2029,901,1128,52.7,301,1728,421
63016,6341,3230,3111,46,1065,5276,1008
63017,42686,20562,22124,47.7,8888,33798,11626
63019,4489,2216,2273,39.3,927,3562,822
63020,20282,9986,10296,44.1,4359,15923,4001
63021,55944,27338,28606,40.3,12478,43466,9570
63023,5123,2762,2361,40.5,1258,3865,731
63025,17708,9033,8675,39.5,5062,12646,2400
63026,44824,21794,23030,41.4,10507,34317,7521
63028,28276,13796,14480,40.1,6560,21716,4867
63030,289,143,146,29,116,173,17
63031,50568,24460,26108,37.6,11796,38772,7149
63033,41037,18337,22700,37.5,10014,31023,7019
63034,19031,8723,10308,41.9,4703,14328,3396
63036,1352,697,655,56.9,162,1190,405
63037,2782,1440,1342,49.2,423,2359,557
63038,7153,3458,3695,47.2,1954,5199,1642
63039,644,344,300,32.9,240,404,129
63040,8662,4260,4402,42.2,2170,6492,1465
63041,251,141,110,62.2,8,243,62
63042,18143,8430,9713,35.2,3655,14488,2750
63043,22123,11098,11025,37.3,4464,17659,3356
63044,10821,5008,5813,41.9,2474,8347,2326
63045,0,0,0,-,0,0,0
63047,0,0,0,-,0,0,0
63048,4024,1860,2164,42.4,684,3340,814
63049,17455,8785,8670,42.4,3727,13728,2935
63050,17588,8777,8811,41.2,4145,13443,3191
63051,12181,6036,6145,40.9,2749,9432,1805
63052,28716,15135,13581,38,7017,21699,3413
63053,67,16,51,58.4,11,56,16
63055,1674,902,772,43.2,347,1327,391
63056,1615,732,883,48.1,293,1322,441
63060,2240,1185,1055,43.9,506,1734,563
63061,64,54,10,36.5,13,51,29
63068,6376,3211,3165,35.9,1765,4611,865
63069,14961,7969,6992,42.5,2713,12248,2589
63070,8569,4546,4023,34.5,2565,6004,1015
63071,1353,700,653,41.4,267,1086,206
63072,3936,2065,1871,42.8,1050,2886,477
63073,1511,738,773,48.2,414,1097,378
63074,15888,7501,8387,34.1,3825,12063,2241
63077,11437,5555,5882,39.5,2491,8946,2041
63079,209,123,86,40,59,150,16
63080,13530,6859,6671,44.2,3031,10499,2707
63084,20071,10240,9831,38.1,4784,15287,3423
63087,1140,645,495,46.7,257,883,204
63088,8473,4254,4219,40.8,1473,7000,1662
63089,5855,2990,2865,35.9,1321,4534,779
63090,22105,10687,11418,42.5,4834,17271,4238
63091,1491,696,795,44.6,312,1179,225
63101,2791,1615,1176,32.2,250,2541,176
63102,2404,1636,768,38.3,30,2374,281
63103,9193,4369,4824,31.5,698,8495,1249
63104,19325,9519,9806,36.9,2702,16623,2078
63105,19003,9349,9654,29.2,3404,15599,2754
63106,8676,3664,5012,31.6,2825,5851,1445
63107,9391,4448,4943,41.2,2168,7223,1758
63108,20521,10035,10486,33.5,1664,18857,3340
63109,25787,12273,13514,41.8,3913,21874,5067
63110,16983,8007,8976,34.9,2541,14442,1738
63111,20229,10457,9772,35.3,4943,15286,2163
63112,18703,8490,10213,33.2,3478,15225,2805
63113,12048,6148,5900,48.1,1642,10406,2455
63114,34341,17634,16707,37.2,7339,27002,4930
63115,15828,7041,8787,41.3,3390,12438,3220
63116,41821,20600,21221,36.2,8569,33252,4539
63117,9691,4872,4819,36.8,1879,7812,1274
63118,26621,13599,13022,34.1,6435,20186,3126
63119,34732,16039,18693,40.4,7209,27523,7039
63120,6818,3061,3757,34.2,2194,4624,989
63121,24126,11057,13069,38.3,4893,19233,4452
63122,41416,19241,22175,42.9,10322,31094,8723
63123,50347,24636,25711,40.7,9370,40977,9785
63124,10997,5223,5774,49.7,2071,8926,3040
63125,32750,16506,16244,38,7179,25571,5594
63126,15201,7579,7622,41.1,3195,12006,2806
63127,5235,2560,2675,51.6,1061,4174,1609
63128,30168,14364,15804,48,5363,24805,8068
63129,51893,25091,26802,44.9,9789,42104,10717
63130,28978,12817,16161,37.6,4925,24053,4980
63131,18531,9289,9242,47.1,4785,13746,3906
63132,13995,6779,7216,39.3,3327,10668,2209
63133,6763,3035,3728,36.8,1675,5088,842
63134,14023,6967,7056,30,4724,9299,1538
63135,19764,9266,10498,35.4,4917,14847,3041
63136,42385,18815,23570,36.4,10521,31864,6864
63137,20390,8352,12038,38.9,5867,14523,3193
63138,18602,8604,9998,32.1,4869,13733,2353
63139,22126,11050,11076,35.6,3751,18375,2942
63140,291,118,173,26.3,53,238,29
63141,20781,9912,10869,45.2,3730,17051,5212
63143,9097,4547,4550,34,1731,7366,858
63144,9027,4495,4532,35.5,1594,7433,1284
63146,31348,14456,16892,39.2,5497,25851,6803
63147,8502,4083,4419,44.9,2107,6395,1767
63155,0,0,0,-,0,0,0
63301,51401,25467,25934,36.9,8742,42659,9045
63303,47285,23225,24060,40.8,9084,38201,8424
63304,42738,21093,21645,42.3,9530,33208,7316
63330,66,44,22,56.2,7,59,11
63332,1742,845,897,41.9,424,1318,428
63333,861,454,407,49.3,202,659,195
63334,7534,4462,3072,40.3,1447,6087,1294
63336,1100,509,591,48.9,251,849,315
63339,1148,636,512,37.5,241,907,222
63341,3628,1863,1765,48.2,795,2833,655
63343,4754,2290,2464,35.7,1265,3489,633
63344,1522,735,787,42.9,355,1167,254
63345,393,161,232,45.3,47,346,66
63347,2225,1220,1005,46.5,467,1758,323
63348,10555,5370,5185,43.2,2809,7746,1906
63349,1910,971,939,52.2,320,1590,348
63350,659,348,311,34.9,195,464,68
63351,1581,763,818,47,342,1239,343
63352,1150,467,683,52.1,213,937,344
63353,5025,2694,2331,38.7,1379,3646,787
63357,6899,3602,3297,36.8,1955,4944,1003
63359,1396,626,770,39.3,335,1061,240
63361,4725,2345,2380,40.6,962,3763,878
63362,8699,4384,4315,32.2,2329,6370,707
63363,1162,555,607,47.7,180,982,239
63365,66,30,36,62.3,17,49,29
63366,52746,26496,26250,39.7,11838,40908,7845
63367,27371,13747,13624,39.8,6672,20699,4599
63368,46124,22726,23398,37.4,12036,34088,5864
63369,2627,1299,1328,36.3,551,2076,306
63373,687,340,347,45.8,101,586,109
63376,74967,36081,38886,40.3,16794,58173,12859
63377,3500,1769,1731,45.3,704,2796,661
63379,27318,13574,13744,36.7,7197,20121,4226
63380,929,451,478,31.9,332,597,56
63381,666,407,259,38.1,180,486,89
63382,4167,1992,2175,40,710,3457,668
63383,15041,6900,8141,41.3,3291,11750,2713
63384,2009,1114,895,43.7,440,1569,461
63385,48535,24727,23808,36.9,14041,34494,6605
63386,522,253,269,36.5,130,392,53
63387,107,76,31,43.5,20,87,14
63388,859,501,358,53.6,136,723,181
63389,6885,3595,3290,37.8,1807,5078,957
63390,10982,5933,5049,41.8,2369,8613,2021
63401,21167,10104,11063,39.5,4766,16401,4063
63430,384,162,222,38.8,149,235,118
63431,319,180,139,47.2,31,288,85
63432,386,112,274,51.6,76,310,118
63433,0,0,0,-,0,0,0
63434,734,375,359,35.8,248,486,96
63435,4205,2301,1904,40.8,594,3611,680
63436,1266,656,610,50.8,233,1033,415
63437,1541,811,730,40.1,368,1173,381
63438,232,112,120,42.2,47,185,26
63439,174,93,81,44.8,30,144,33
63440,1012,412,600,43.5,254,758,241
63441,1114,545,569,38.4,283,831,211
63443,305,175,130,61.3,26,279,132
63445,3980,2115,1865,43.4,980,3000,827
63446,313,156,157,60.4,40,273,119
63447,1217,656,561,33.9,366,851,223
63448,1436,579,857,42.5,320,1116,329
63450,160,87,73,60.4,0,160,23
63451,161,114,47,38.4,10,151,39
63452,1185,573,612,41,266,919,262
63453,358,199,159,41.8,112,246,53
63454,1166,536,630,36.3,327,839,161
63456,4995,2516,2479,40.7,1300,3695,903
63457,494,281,213,31.4,103,391,95
63458,85,46,39,40.8,11,74,27
63459,4523,2369,2154,43.8,959,3564,832
63460,255,174,81,55.5,9,246,40
63461,5452,2839,2613,37.9,1216,4236,1034
63462,1461,699,762,45.4,315,1146,338
63463,825,381,444,36.4,235,590,73
63465,627,400,227,33.8,212,415,41
63466,19,8,11,-,0,19,0
63467,77,31,46,31.8,24,53,6
63468,2600,1234,1366,42.4,674,1926,573
63469,854,419,435,48.3,174,680,170
63471,805,412,393,35.2,293,512,64
63472,459,212,247,47.8,51,408,145
63473,318,175,143,31.8,95,223,38
63474,465,185,280,38.1,117,348,94
63501,20924,9993,10931,26.8,3615,17309,2999
63530,1361,742,619,36.2,407,954,179
63531,309,129,180,39.4,86,223,55
63532,1232,648,584,50.3,161,1071,262
63533,902,393,509,38.8,125,777,73
63534,763,400,363,55.5,149,614,112
63535,13,13,0,-,0,13,6
63536,870,391,479,28.3,342,528,122
63537,2256,1098,1158,37.5,664,1592,358
63538,184,102,82,61.5,21,163,73
63539,244,123,121,39.3,73,171,73
63540,267,146,121,32.4,112,155,35
63541,458,269,189,46.7,90,368,36
63543,235,118,117,24.6,98,137,15
63544,1071,483,588,55,156,915,257
63545,914,468,446,48.5,223,691,218
63546,1699,777,922,42.3,467,1232,374
63547,488,273,215,57.8,62,426,163
63548,882,515,367,41.4,192,690,208
63549,2381,1177,1204,43.5,506,1875,646
63551,411,225,186,43.6,92,319,71
63552,7305,3583,3722,46.1,1639,5666,1688
63555,3304,1669,1635,36.3,906,2398,634
63556,3380,1657,1723,43.8,748,2632,664
63557,309,151,158,54,36,273,101
63558,616,312,304,51.9,118,498,127
63559,1932,969,963,36,541,1391,339
63560,66,20,46,21.6,10,56,5
63561,1106,512,594,37.6,247,859,235
63563,605,292,313,19.7,184,421,90
63565,3767,1878,1889,41.4,951,2816,898
63566,58,30,28,53.3,0,58,21
63567,98,62,36,42.6,14,84,30
63601,16424,8069,8355,38.1,3728,12696,2867
63620,1027,554,473,40.7,240,787,151
63621,1681,766,915,45.9,344,1337,316
63622,726,424,302,48.4,87,639,209
63623,802,349,453,47.6,137,665,234
63624,3678,1730,1948,39.5,1032,2646,496
63625,491,279,212,51.8,89,402,169
63626,941,575,366,43.9,182,759,159
63627,2660,1352,1308,42.4,691,1969,380
63628,15312,8709,6603,41.3,2537,12775,2358
63629,1174,650,524,52,205,969,323
63630,3512,1606,1906,37.5,876,2636,344
63631,774,370,404,50.8,66,708,141
63633,813,431,382,41,198,615,173
63636,487,245,242,33,128,359,61
63637,859,489,370,34.8,190,669,253
63638,2669,1356,1313,40.7,601,2068,489
63640,29073,15843,13230,39.6,6294,22779,5261
63645,11638,5968,5670,40.7,2944,8694,2172
63648,1282,689,593,39.2,316,966,229
63650,3908,2043,1865,46.2,832,3076,1011
63653,1353,536,817,29.7,386,967,125
63654,582,288,294,51.5,79,503,194
63655,1438,789,649,50.7,298,1140,398
63656,580,236,344,52.3,78,502,127
63660,3647,2136,1511,34.9,910,2737,491
63662,728,427,301,53.2,109,619,217
63663,759,363,396,44,142,617,141
63664,9039,4451,4588,40.1,2177,6862,1848
63665,262,131,131,50,16,246,58
63670,12327,6391,5936,42.5,2620,9707,2442
63673,2278,1028,1250,39.9,510,1768,434
63674,24,0,24,-,0,24,0
63675,12,8,4,72.5,0,12,12
63701,37821,18244,19577,34.6,6658,31163,6476
63703,8855,4273,4582,40.7,1895,6960,2058
63730,3624,1678,1946,39.1,680,2944,677
63732,1069,472,597,37.9,234,835,192
63735,790,390,400,38.2,171,619,100
63736,3335,1677,1658,39.5,546,2789,625
63738,0,0,0,-,0,0,0
63739,684,338,346,38.5,236,448,62
63740,5334,2443,2891,40,1510,3824,752
63742,154,80,74,28.6,36,118,13
63743,59,41,18,37.6,14,45,19
63744,163,67,96,45.3,28,135,19
63745,146,97,49,52.6,4,142,19
63746,9,9,0,-,0,9,9
63747,670,330,340,42,182,488,184
63748,1156,654,502,48.4,265,891,337
63750,30,16,14,32.8,6,24,14
63751,1317,739,578,37.8,164,1153,230
63755,27269,13557,13712,37,7060,20209,4055
63758,478,229,249,31.8,107,371,64
63760,639,342,297,47.9,148,491,164
63763,97,40,57,68.2,16,81,52
63764,4677,2089,2588,44.5,1072,3605,936
63766,1672,809,863,54.3,156,1516,333
63767,544,251,293,46.2,82,462,86
63769,1637,805,832,38.2,460,1177,320
63770,180,122,58,45.5,39,141,34
63771,2659,1403,1256,38.2,673,1986,392
63774,180,79,101,39.2,55,125,53
63775,16130,7948,8182,41.6,3679,12451,2944
63780,5962,2917,3045,42.9,1160,4802,988
63781,1394,714,680,33.9,415,979,218
63782,198,109,89,47.5,42,156,26
63783,145,83,62,24.7,25,120,10
63784,193,116,77,39.5,32,161,55
63785,1077,652,425,50.1,248,829,144
63787,541,289,252,57.4,69,472,151
63801,22273,10664,11609,38.4,5538,16735,4622
63820,253,82,171,40.8,61,192,89
63821,654,360,294,47.8,121,533,141
63822,2680,1270,1410,46.1,573,2107,590
63823,1511,662,849,48.1,383,1128,301
63824,180,75,105,30.5,56,124,18
63825,4003,2155,1848,41.9,866,3137,877
63826,164,66,98,33.1,75,89,10
63827,514,220,294,42.6,128,386,113
63828,144,93,51,48.6,22,122,26
63829,1120,505,615,24,318,802,122
63830,6384,2847,3537,37.8,1460,4924,1098
63833,135,42,93,55,12,123,52
63834,5302,3159,2143,42.5,1039,4263,726
63837,1572,755,817,31.4,454,1118,164
63839,343,156,187,34.8,126,217,38
63840,61,38,23,50,14,47,9
63841,13346,6375,6971,40,3071,10275,2709
63845,5463,2659,2804,40.7,1364,4099,1160
63846,1143,559,584,38.7,270,873,175
63847,69,26,43,28.8,17,52,32
63848,1127,468,659,46.1,273,854,231
63849,242,122,120,66.1,25,217,129
63850,0,0,0,-,0,0,0
63851,3607,1787,1820,34.9,1224,2383,513
63852,1236,563,673,38.7,296,940,130
63853,97,49,48,60.3,6,91,31
63855,842,441,401,40.6,206,636,195
63857,12125,5847,6278,38.8,3280,8845,2411
63860,213,97,116,48.6,36,177,51
63862,1223,613,610,37.2,348,875,177
63863,5424,2565,2859,39.5,1338,4086,998
63866,420,198,222,38.5,122,298,29
63867,981,466,515,39.5,237,744,171
63868,801,396,405,42.1,156,645,144
63869,3269,1770,1499,46.2,600,2669,772
63870,1172,623,549,34.1,419,753,215
63873,4031,1880,2151,43.6,933,3098,706
63874,202,106,96,41.6,57,145,33
63876,2058,1036,1022,42.9,506,1552,378
63877,3046,1430,1616,41.5,667,2379,595
63878,88,53,35,35.9,28,60,12
63879,791,421,370,46,129,662,171
63880,24,6,18,-,0,24,18
63882,327,186,141,33.7,105,222,53
63901,34545,16572,17973,38.4,8549,25996,6146
63932,1012,503,509,42.9,192,820,144
63933,3116,1402,1714,42.2,755,2361,567
63934,18,9,9,-,0,18,18
63935,8002,3828,4174,40.6,1941,6061,1480
63936,547,232,315,45.2,114,433,63
63937,2542,1272,1270,46,534,2008,522
63939,1190,698,492,36.9,195,995,236
63940,1419,647,772,58.2,262,1157,478
63941,206,75,131,48.5,38,168,65
63942,487,218,269,57.7,107,380,169
63943,862,488,374,39.5,112,750,151
63944,1407,698,709,53.1,204,1203,295
63945,1090,524,566,54.4,206,884,249
63950,34,17,17,-,0,34,17
63951,179,85,94,57.4,11,168,44
63952,407,223,184,27.6,160,247,63
63953,803,393,410,50.1,159,644,227
63954,946,589,357,48.1,173,773,176
63955,86,42,44,66.8,0,86,58
63956,803,425,378,57,171,632,305
63957,5323,2502,2821,47.3,1046,4277,1282
63960,3261,1621,1640,38.9,745,2516,573
63961,1853,1078,775,37.9,400,1453,319
63962,181,107,74,26.2,31,150,0
63964,487,233,254,37,188,299,109
63965,2258,1104,1154,46.5,605,1653,576
63966,2117,1187,930,53.2,226,1891,436
63967,1609,875,734,52.3,231,1378,498
64001,885,388,497,39.1,300,585,190
64011,4111,2066,2045,49.5,566,3545,464
64012,28611,13369,15242,38.1,6828,21783,4792
64014,27964,13199,14765,37.3,7597,20367,3652
64015,32011,15584,16427,38.5,8210,23801,5630
64016,4628,2159,2469,39.5,1151,3477,819
64017,198,97,101,50.2,34,164,49
64018,921,491,430,33.4,304,617,124
64019,2380,1246,1134,44.3,531,1849,617
64020,3044,1567,1477,49.4,667,2377,630
64021,671,374,297,35.9,216,455,136
64022,162,68,94,33.8,65,97,28
64024,15158,7321,7837,37.6,3185,11973,2629
64028,239,141,98,43.8,45,194,51
64029,21330,10564,10766,37,6253,15077,2710
64030,25808,12407,13401,35.7,6000,19808,3899
64034,8713,4519,4194,41.5,2009,6704,1292
64035,1057,549,508,35.5,276,781,145
64036,470,303,167,28.6,57,413,41
64037,6217,3061,3156,41.8,1165,5052,1577
64040,6057,3047,3010,41.6,1424,4633,976
64048,4461,2390,2071,37.3,1032,3429,586
64050,21280,10496,10784,41.5,4117,17163,4132
64052,22235,11471,10764,38.7,5161,17074,3297
64053,6383,3021,3362,34.8,1847,4536,539
64054,3100,1502,1598,41.5,665,2435,509
64055,36162,17521,18641,41.9,7459,28703,8121
64056,18098,8633,9465,31.9,5750,12348,1903
64057,14282,6707,7575,44.3,2531,11751,3592
64058,6686,3046,3640,38.9,1874,4812,924
64060,15888,7593,8295,41.2,4005,11883,2707
64061,3214,1501,1713,44.8,765,2449,501
64062,6588,3241,3347,38.7,1833,4755,1075
64063,21232,10893,10339,35.8,5283,15949,2368
64064,19783,9323,10460,43.1,5393,14390,3720
64065,37,12,25,21.6,0,37,0
64066,51,28,23,45.3,13,38,3
64067,5964,2938,3026,36.9,1771,4193,840
64068,37237,18741,18496,38.2,9192,28045,5743
64070,3039,1521,1518,45.3,627,2412,653
64071,770,392,378,45.6,149,621,168
64072,293,172,121,57.3,19,274,103
64074,741,427,314,51.3,205,536,194
64075,11780,6333,5447,39.1,2734,9046,1832
64076,9071,4577,4494,42.1,2102,6969,1899
64077,1682,855,827,41.5,368,1314,245
64078,10042,5207,4835,40.5,2378,7664,1363
64079,13678,6425,7253,39.1,3900,9778,1828
64080,14141,7012,7129,41.2,3137,11004,2379
64081,24987,11422,13565,38.9,6007,18980,5007
64082,19261,9027,10234,39.9,5615,13646,2302
64083,24733,12202,12531,40.5,6257,18476,4479
64084,1445,702,743,43.6,265,1180,197
64085,8372,4126,4246,42.8,1903,6469,1693
64086,24030,12725,11305,38,5870,18160,3437
64088,1325,711,614,42.4,315,1010,202
64089,13818,6716,7102,38,3829,9989,1980
64090,127,50,77,50.1,20,107,4
64092,68,48,20,5.7,40,28,0
64093,27432,13802,13630,27.5,5267,22165,3470
64096,1233,675,558,36.6,330,903,190
64097,1007,500,507,41.7,243,764,172
64098,3133,1521,1612,42.6,709,2424,669
64101,113,81,32,26.5,0,113,0
64102,0,0,0,-,0,0,0
64105,5548,2890,2658,30.4,123,5425,332
64106,10811,5976,4835,30.5,2138,8673,630
64108,9768,4869,4899,32.4,1395,8373,1104
64109,10133,5057,5076,33.2,1728,8405,949
64110,17610,8732,8878,30.2,3014,14596,1782
64111,17187,9251,7936,33.1,1304,15883,2147
64112,8578,4289,4289,35,758,7820,1650
64113,12446,6176,6270,41.1,3460,8986,2025
64114,24931,11644,13287,40.9,4029,20902,5282
64116,17284,8387,8897,38.9,2866,14418,3389
64117,15017,7421,7596,36.2,3493,11524,2239
64118,42897,21644,21253,36.8,9105,33792,6403
64119,32294,16133,16161,37.9,6651,25643,5490
64120,580,354,226,29,119,461,21
64123,10536,5337,5199,33.8,3092,7444,720
64124,11081,5686,5395,30.1,3372,7709,882
64125,2334,1124,1210,22.7,899,1435,163
64126,5590,2882,2708,35.8,1586,4004,543
64127,17621,7722,9899,35.4,5100,12521,2305
64128,12524,5846,6678,38.4,3508,9016,2114
64129,8359,3735,4624,33.9,2095,6264,1196
64130,19609,9030,10579,39.6,4822,14787,3812
64131,22311,10166,12145,35.9,4466,17845,3532
64132,12188,5602,6586,34.7,3219,8969,1755
64133,37442,17887,19555,39.6,8530,28912,6174
64134,23009,11386,11623,31.6,6475,16534,2952
64136,1680,760,920,41.1,448,1232,371
64137,10150,4926,5224,32.4,2233,7917,1476
64138,24183,11789,12394,40,4928,19255,4191
64139,2329,1144,1185,36.8,588,1741,357
64145,5132,2526,2606,51.8,849,4283,1560
64146,1234,566,668,53.7,161,1073,401
64147,581,165,416,18.6,267,314,0
64149,377,179,198,37.1,139,238,66
64150,4161,2372,1789,35.3,998,3163,656
64151,28609,13736,14873,38.8,6323,22286,5101
64152,31458,16311,15147,40.4,7422,24036,4548
64153,6254,2943,3311,36.1,1400,4854,687
64154,12999,6323,6676,34.8,2485,10514,1974
64155,28138,13397,14741,36.6,7397,20741,3412
64156,7288,3780,3508,34,2460,4828,622
64157,21610,10635,10975,37.5,6645,14965,2102
64158,7091,3531,3560,36.2,1512,5579,474
64161,347,172,175,44.9,71,276,54
64163,934,485,449,40.1,181,753,123
64164,110,63,47,29.4,41,69,6
64165,273,164,109,24.9,93,180,0
64166,296,180,116,60.4,31,265,131
64167,340,148,192,56.2,47,293,30
64401,1299,712,587,44.3,304,995,175
64402,2310,1070,1240,42.6,487,1823,507
64420,40,20,20,66.4,3,37,22
64421,933,471,462,46.3,205,728,118
64422,339,201,138,29.7,99,240,47
64423,954,507,447,37.6,250,704,193
64424,3806,1841,1965,43.1,958,2848,925
64426,459,269,190,37,69,390,83
64427,669,361,308,40.9,179,490,90
64428,706,330,376,33.4,217,489,93
64429,12480,7549,4931,40.8,2238,10242,2126
64430,757,414,343,55.2,169,588,246
64431,412,196,216,50.6,80,332,99
64432,131,21,110,73.5,8,123,86
64433,266,238,28,21.9,12,254,39
64434,515,309,206,49.2,117,398,78
64436,961,509,452,37.4,234,727,137
64437,451,233,218,54.1,79,372,122
64438,134,60,74,40.5,24,110,14
64439,1718,774,944,38.6,573,1145,290
64440,904,454,450,36,278,626,153
64441,107,71,36,56.8,30,77,36
64442,911,448,463,40,209,702,182
64443,1734,1093,641,42.2,497,1237,263
64444,1303,714,589,46.8,167,1136,195
64445,284,148,136,33.7,75,209,38
64446,1070,548,522,48.9,193,877,255
64448,935,421,514,51.3,158,777,280
64449,447,218,229,42.3,90,357,84
64451,410,207,203,54.9,74,336,135
64453,204,107,97,28.7,58,146,11
64454,2585,1344,1241,38,732,1853,479
64455,316,150,166,58.3,37,279,95
64456,1463,694,769,42.6,311,1152,368
64457,270,149,121,49.8,48,222,64
64458,260,144,116,34.4,62,198,73
64459,411,196,215,39.7,87,324,123
64461,854,449,405,42.6,172,682,137
64463,1393,711,682,43.7,272,1121,268
64465,4101,2012,2089,44.9,861,3240,746
64466,449,199,250,55.1,46,403,122
64467,179,93,86,52.1,63,116,33
64468,14283,6922,7361,29.1,1955,12328,2183
64469,2068,1068,1000,39.7,543,1525,394
64470,1624,824,800,46.2,385,1239,419
64471,499,288,211,36.2,145,354,53
64473,1321,663,658,45.3,275,1046,289
64474,745,393,352,49.5,176,569,173
64475,346,197,149,39.6,79,267,60
64476,280,146,134,40.3,66,214,81
64477,3434,1809,1625,51.8,611,2823,870
64479,948,510,438,35.5,301,647,175
64480,312,169,143,60.4,34,278,120
64481,1017,514,503,45,230,787,208
64482,2084,1078,1006,43,536,1548,524
64483,594,334,260,43.4,85,509,111
64484,819,384,435,47.8,182,637,170
64485,7903,3877,4026,41.8,1785,6118,1833
64486,244,125,119,57.4,58,186,61
64487,650,350,300,49.6,111,539,128
64489,2147,1099,1048,35.1,667,1480,365
64490,1897,928,969,38.7,478,1419,351
64491,1652,821,831,48.8,293,1359,446
64492,1772,879,893,45.2,395,1377,280
64493,725,274,451,36.5,242,483,53
64494,1062,490,572,39.5,262,800,240
64496,186,83,103,49.8,16,170,52
64497,632,325,307,28.9,184,448,148
64498,234,111,123,50.8,45,189,48
64499,113,75,38,55.7,21,92,18
64501,10567,5442,5125,35.7,2623,7944,1328
64503,12033,5948,6085,39.3,2558,9475,2030
64504,10348,5285,5063,40.7,2539,7809,1692
64505,13944,6940,7004,41,3168,10776,2176
64506,22241,11836,10405,39.9,4496,17745,4616
64507,14316,6698,7618,32.6,3371,10945,1947
64601,11979,5220,6759,39.5,2437,9542,2425
64620,478,263,215,50.3,129,349,140
64622,489,268,221,48.8,88,401,100
64623,402,217,185,49.1,70,332,100
64624,1498,735,763,49.1,251,1247,379
64625,812,382,430,40.8,197,615,87
64628,5590,2632,2958,44.4,1292,4298,1308
64630,540,291,249,43.3,111,429,80
64631,770,325,445,43.6,183,587,176
64632,432,197,235,57,85,347,165
64633,4604,2299,2305,41.1,1142,3462,1026
64635,417,194,223,42.3,95,322,82
64636,265,150,115,35.9,64,201,50
64637,559,298,261,41.1,148,411,130
64638,602,347,255,30.9,219,383,43
64639,127,66,61,60.5,11,116,52
64640,3070,1506,1564,44.6,768,2302,760
64641,584,284,300,44.2,106,478,135
64642,746,384,362,44,179,567,163
64643,1176,587,589,43.9,229,947,289
64644,3096,1561,1535,37.4,821,2275,608
64645,168,109,59,53.6,25,143,52
64646,314,157,157,35.6,104,210,42
64647,442,253,189,39,165,277,125
64648,2542,1227,1315,28.5,877,1665,285
64649,575,289,286,48.4,114,461,128
64650,681,376,305,51.6,83,598,190
64651,422,207,215,52.8,57,365,119
64652,381,203,178,47.6,86,295,93
64653,587,341,246,49,95,492,131
64654,40,24,16,35.5,12,28,2
64655,99,59,40,62.3,4,95,48
64656,222,137,85,40.9,48,174,36
64657,331,151,180,49.5,76,255,61
64658,3221,1595,1626,38.8,778,2443,613
64659,969,478,491,37.7,267,702,189
64660,443,218,225,51.1,79,364,145
64661,814,435,379,47.7,189,625,154
64664,250,132,118,49.5,33,217,66
64667,345,182,163,51.2,78,267,104
64668,1386,614,772,44.4,249,1137,295
64670,952,498,454,36.9,153,799,211
64671,1937,1061,876,44.5,485,1452,419
64672,113,86,27,67.2,6,107,58
64673,2440,1175,1265,39.5,646,1794,522
64674,272,131,141,37.7,65,207,58
64676,141,91,50,48.1,31,110,42
64679,821,409,412,43.4,165,656,113
64681,147,69,78,57.6,25,122,26
64682,344,206,138,55.1,49,295,93
64683,7827,3816,4011,40.6,1859,5968,1772
64686,202,89,113,50.3,18,184,37
64688,704,341,363,23.6,277,427,79
64689,501,255,246,37.3,119,382,81
64701,14474,7417,7057,38.5,3313,11161,2495
64720,4366,2259,2107,35.7,1223,3143,708
64722,278,144,134,41.3,47,231,43
64723,559,320,239,51.4,90,469,94
64724,2090,979,1111,39.5,477,1613,558
64725,2008,958,1050,33.3,617,1391,333
64726,370,210,160,56.3,88,282,104
64728,413,208,205,48,82,331,109
64730,6651,3236,3415,41,1538,5113,1468
64733,1073,578,495,39.8,290,783,105
64734,2149,988,1161,40.8,570,1579,402
64735,13419,6482,6937,45,2723,10696,3285
64738,1337,696,641,41.9,387,950,289
64739,1049,565,484,42.4,252,797,175
64740,1552,835,717,53.3,237,1315,475
64741,187,89,98,60.4,7,180,85
64742,2365,1261,1104,37.9,553,1812,432
64743,211,97,114,34.9,37,174,28
64744,7941,4066,3875,40.5,2110,5831,1630
64745,64,39,25,48.4,5,59,9
64746,1496,771,725,39.3,405,1091,220
64747,4127,2042,2085,41.8,967,3160,735
64748,1270,567,703,44.1,295,975,261
64750,446,221,225,25.9,190,256,54
64752,701,316,385,39.6,171,530,128
64755,2484,1229,1255,34.2,753,1731,394
64756,560,301,259,55.4,118,442,93
64759,7803,3823,3980,38.7,1918,5885,1531
64761,1598,770,828,36.7,517,1081,213
64762,1656,859,797,40.3,424,1232,226
64763,1462,728,734,49.4,213,1249,375
64765,6,4,2,50,0,6,1
64767,556,320,236,58.8,30,526,128
64769,718,381,337,45.8,178,540,230
64770,1128,588,540,52.5,208,920,296
64771,434,173,261,50.8,58,376,131
64772,12958,6384,6574,42.3,2742,10216,2655
64776,3521,1822,1699,51.7,657,2864,1039
64778,489,256,233,34.2,121,368,101
64779,2578,1159,1419,41.2,677,1901,462
64780,423,224,199,53.1,104,319,82
64781,110,58,52,57.2,26,84,30
64783,634,312,322,48.5,182,452,138
64784,1233,578,655,43.3,278,955,257
64788,1318,660,658,46.4,264,1054,228
64790,886,495,391,48.8,164,722,206
64801,37027,18616,18411,38.8,7322,29705,6425
64804,37043,18507,18536,39.1,8359,28684,7200
64830,813,396,417,30.5,272,541,163
64831,6414,3267,3147,38.4,1472,4942,1209
64832,1341,772,569,53.8,253,1088,320
64833,65,28,37,33.5,29,36,7
64834,10091,4930,5161,35.1,3130,6961,1546
64835,1951,1122,829,36.1,605,1346,204
64836,25464,12377,13087,36,6828,18636,3724
64840,3456,1629,1827,37.4,899,2557,755
64841,1272,512,760,30.2,404,868,110
64842,932,470,462,36.9,300,632,129
64843,3519,1805,1714,40.1,941,2578,409
64844,4230,2125,2105,36.4,974,3256,641
64847,380,222,158,41,99,281,15
64848,739,472,267,21.6,271,468,50
64849,196,94,102,53,42,154,37
64850,23931,12238,11693,36.8,5891,18040,3832
64854,4842,2573,2269,30.4,1590,3252,545
64855,2591,1407,1184,39.4,632,1959,380
64856,3724,1669,2055,40.3,866,2858,630
64857,424,197,227,38.9,120,304,65
64858,334,44,290,58.3,0,334,44
64859,1249,653,596,43.9,197,1052,134
64861,1236,582,654,49.5,276,960,414
64862,3407,1620,1787,45.5,801,2606,721
64863,1471,717,754,40.5,435,1036,91
64865,5814,2785,3029,36.6,1619,4195,957
64866,988,448,540,51.8,207,781,235
64867,966,598,368,41.1,291,675,202
64868,88,42,46,70.1,0,88,47
64870,15700,7514,8186,34.8,4251,11449,2152
64873,816,438,378,51.4,151,665,137
64874,657,316,341,33,184,473,130
65001,196,98,98,51.3,35,161,42
65010,6970,3305,3665,41.9,1514,5456,1104
65011,2154,1050,1104,29.5,743,1411,423
65013,2682,1283,1399,45.2,500,2182,615
65014,2568,1469,1099,46.2,495,2073,541
65016,1391,765,626,45.4,310,1081,206
65017,1130,634,496,43.6,146,984,98
65018,7834,3614,4220,38,1798,6036,1327
65020,14963,7012,7951,48.9,2892,12071,3343
65023,1523,854,669,50.8,282,1241,443
65024,975,501,474,47.1,181,794,227
65025,777,363,414,31.8,233,544,122
65026,11246,5712,5534,39.3,2674,8572,2245
65032,1190,615,575,49,230,960,261
65034,820,403,417,31.8,231,589,211
65035,1716,866,850,43,512,1204,292
65037,4866,2330,2536,60,495,4371,1967
65039,2867,1560,1307,41.2,655,2212,369
65040,1259,723,536,41.3,364,895,228
65041,5401,2770,2631,45.3,1136,4265,1439
65043,10083,4893,5190,35.3,2630,7453,1819
65046,1277,626,651,45.8,277,1000,256
65047,1734,782,952,42.3,471,1263,319
65048,182,98,84,63.5,12,170,69
65049,6992,3480,3512,50,1376,5616,1918
65050,784,371,413,20.8,349,435,50
65051,4842,2523,2319,31.8,1119,3723,679
65052,3552,2022,1530,55,483,3069,962
65053,1478,763,715,53.1,283,1195,446
65054,1187,636,551,39.6,340,847,158
65058,970,454,516,52.4,170,800,228
65059,1055,445,610,44,236,819,236
65061,507,307,200,48.3,91,416,111
65062,26,18,8,56.4,0,26,0
65063,4006,2112,1894,45.3,793,3213,667
65064,579,368,211,45.3,123,456,79
65065,6841,3546,3295,50,1183,5658,1992
65066,5983,2872,3111,45,1328,4655,1195
65067,554,238,316,42.8,129,425,101
65068,859,376,483,45.8,168,691,160
65069,556,297,259,37.7,155,401,139
65072,2019,1087,932,46.6,569,1450,486
65074,2900,1465,1435,37.6,725,2175,489
65075,1102,459,643,34.3,347,755,214
65076,548,269,279,41,98,450,116
65077,450,291,159,41.4,88,362,101
65078,3582,1779,1803,46.6,731,2851,869
65079,4582,2183,2399,63.5,325,4257,2108
65080,1532,865,667,42.5,468,1064,226
65081,4343,2836,1507,37.6,980,3363,628
65082,1191,569,622,41.5,335,856,263
65083,225,103,122,23.1,73,152,48
65084,7332,3637,3695,36,2140,5192,1094
65085,1225,632,593,34.7,329,896,257
65101,30144,16822,13322,37.2,6535,23609,3994
65109,40191,18727,21464,40.5,9100,31091,7807
65201,48537,23451,25086,22.9,4596,43941,4192
65202,47776,22744,25032,35.1,11787,35989,6294
65203,59673,29295,30378,36.2,14125,45548,8542
65215,266,9,257,20.1,0,266,0
65216,180,55,125,19.8,0,180,0
65230,471,208,263,34.5,152,319,69
65231,2744,1321,1423,40.1,720,2024,409
65232,280,137,143,51.5,42,238,58
65233,10903,5726,5177,38.1,2360,8543,2054
65236,1293,628,665,44.1,327,966,331
65237,937,455,482,51.4,135,802,183
65239,1792,985,807,40.7,434,1358,338
65240,8640,4324,4316,40.3,1795,6845,1562
65243,2690,1358,1332,30,945,1745,302
65244,378,184,194,32.9,89,289,48
65246,76,57,19,74.3,0,76,55
65247,920,385,535,22.3,430,490,119
65248,4372,2351,2021,32.8,841,3531,718
65250,508,286,222,48.2,124,384,126
65251,21172,11422,9750,38.5,3706,17466,3467
65254,1904,895,1009,38.1,544,1360,367
65255,5112,2856,2256,32.8,1717,3395,682
65256,1907,973,934,46.6,305,1602,382
65257,1770,873,897,35.6,435,1335,279
65258,525,316,209,42.4,98,427,116
65259,2863,1462,1401,44.2,563,2300,562
65260,445,255,190,47.4,85,360,60
65261,1300,645,655,38.8,370,930,273
65262,1035,476,559,31.1,296,739,127
65263,1519,816,703,45.2,355,1164,391
65264,1019,405,614,39.6,298,721,197
65265,15403,7232,8171,40.3,3481,11922,2907
65270,16888,8888,8000,39.2,3730,13158,2813
65274,1901,968,933,42.8,442,1459,442
65275,2451,1261,1190,52,464,1987,713
65276,1794,839,955,42.2,403,1391,378
65278,75,42,33,56.3,5,70,22
65279,1519,704,815,56.4,120,1399,507
65280,277,156,121,59.4,37,240,74
65281,2874,1478,1396,43.4,627,2247,678
65282,136,105,31,62.4,0,136,50
65283,503,310,193,64.2,15,488,202
65284,2107,1055,1052,34.1,564,1543,400
65285,379,205,174,64.1,0,379,131
65286,149,42,107,58.3,42,107,63
65287,262,148,114,59.5,11,251,58
65301,34994,17366,17628,37.3,8889,26105,5896
65305,3962,2305,1657,22.2,1048,2914,0
65320,54,30,24,42.7,17,37,17
65321,372,198,174,49.5,82,290,77
65322,655,307,348,30.6,188,467,91
65323,1032,546,486,38,231,801,189
65324,1293,674,619,62.1,139,1154,547
65325,3272,1580,1692,45.6,641,2631,736
65326,1661,837,824,58.7,201,1460,585
65327,271,159,112,36.8,69,202,40
65329,477,229,248,31.4,88,389,46
65330,502,321,181,38.4,181,321,46
65332,1805,984,821,50,397,1408,329
65333,807,392,415,56.4,124,683,207
65334,962,518,444,38.4,146,816,184
65335,207,115,92,57.7,0,207,9
65336,6282,3435,2847,30.2,1456,4826,662
65337,1848,966,882,35.7,516,1332,230
65338,2982,1423,1559,39.7,721,2261,586
65339,458,220,238,38.2,92,366,85
65340,15805,7705,8100,33.7,3308,12497,2748
65344,177,101,76,42.4,52,125,57
65345,437,246,191,59.8,16,421,204
65347,892,467,425,38,143,749,156
65348,1255,602,653,39.6,329,926,225
65349,2541,1306,1235,36.7,548,1993,473
65350,1778,944,834,41.1,501,1277,234
65351,2275,1195,1080,38.7,598,1677,448
65354,490,263,227,40.2,79,411,107
65355,10836,5697,5139,57,1571,9265,3825
65360,4971,2569,2402,35.2,1510,3461,716
65401,32444,17344,15100,32.6,6277,26167,4965
65409,13,13,0,-,0,13,0
65436,0,0,0,-,0,0,0
65438,2490,1249,1241,51.2,354,2136,476
65439,29,24,5,56.6,0,29,0
65440,457,251,206,29.6,171,286,64
65441,4991,2641,2350,41.2,1074,3917,1000
65443,124,61,63,51.1,41,83,38
65444,735,374,361,57.1,74,661,221
65446,494,261,233,31.1,119,375,86
65449,99,24,75,57.6,0,99,44
65452,2591,1400,1191,34.4,546,2045,540
65453,9093,4533,4560,40.7,2198,6895,1654
65456,401,214,187,34.7,108,293,79
65457,229,85,144,63.5,0,229,60
65459,8274,4700,3574,33.9,1726,6548,1113
65461,127,60,67,55.6,20,107,37
65462,1154,710,444,50.7,236,918,334
65463,1263,720,543,33,301,962,219
65464,353,195,158,55,30,323,100
65466,1379,595,784,44.8,300,1079,327
65468,80,62,18,13,42,38,2
65470,753,390,363,48.2,88,665,160
65473,15615,9503,6112,20.6,2868,12747,57
65479,258,140,118,63.1,0,258,98
65483,4667,2242,2425,41.2,1009,3658,1028
65484,54,24,30,75.2,0,54,54
65486,2932,1345,1587,47.4,627,2305,624
65501,191,103,88,61.3,12,179,65
65529,289,161,128,37.9,67,222,31
65534,427,167,260,47.7,176,251,56
65535,1478,685,793,27.7,439,1039,217
65536,29974,15027,14947,39.5,7529,22445,5218
65541,173,99,74,56.2,21,152,58
65542,6804,4050,2754,38.8,1368,5436,1293
65543,546,328,218,38.5,190,356,100
65548,6577,3130,3447,39,1747,4830,1320
65550,3232,1527,1705,41.4,595,2637,458
65552,2373,1249,1124,32.8,637,1736,272
65555,1224,609,615,37.6,283,941,191
65556,5100,2396,2704,43.7,1239,3861,1193
65557,204,102,102,47.4,43,161,17
65559,9042,4636,4406,40.3,2305,6737,1797
65560,13305,6606,6699,43.1,3067,10238,2957
65564,133,63,70,25.9,19,114,0
65565,4706,2337,2369,49.8,762,3944,1246
65566,711,362,349,48.3,129,582,154
65567,1742,918,824,56.8,239,1503,622
65570,715,314,401,62.6,76,639,263
65571,1828,1016,812,52.6,399,1429,522
65580,620,299,321,50.5,83,537,152
65582,2230,1091,1139,46.9,458,1772,534
65583,14064,7117,6947,32.4,3596,10468,1764
65584,10535,5917,4618,31.4,2592,7943,1034
65586,94,50,44,16.6,60,34,0
65588,2028,1086,942,55.3,349,1679,587
65589,70,44,26,49.6,0,70,23
65590,1929,1112,817,35.8,381,1548,298
65591,1685,984,701,34.4,562,1123,164
65601,668,344,324,52.4,129,539,183
65603,174,85,89,49.5,3,171,35
65604,3779,1832,1947,42.1,851,2928,752
65605,11705,6049,5656,44.3,2420,9285,2241
65606,2431,1228,1203,37.4,648,1783,490
65608,8389,4346,4043,43.9,2151,6238,2071
65609,698,313,385,47.1,109,589,162
65610,4994,2596,2398,47,1065,3929,805
65611,2013,1035,978,64.9,214,1799,1001
65612,1779,936,843,49.9,371,1408,414
65613,17701,8455,9246,36.1,4036,13665,3334
65614,661,322,339,31.8,185,476,78
65616,27811,13214,14597,39.7,6297,21514,6268
65617,1668,884,784,43.2,377,1291,208
65618,232,154,78,37.7,34,198,40
65619,8585,4101,4484,39.7,1867,6718,1631
65620,267,121,146,47,43,224,44
65622,7756,3612,4144,42.5,1723,6033,1761
65623,44,36,8,8,26,18,0
65624,1630,886,744,59.3,274,1356,514
65625,7549,3911,3638,43,1608,5941,1817
65626,2326,1248,1078,43.9,573,1753,583
65627,879,485,394,47.1,151,728,250
65629,681,329,352,48.1,151,530,163
65630,379,179,200,62.6,55,324,165
65631,6057,3234,2823,35.4,1600,4457,670
65632,2751,1312,1439,36.4,746,2005,534
65633,3882,1825,2057,35.8,1043,2839,455
65634,586,273,313,37,131,455,130
65635,695,403,292,47.3,77,618,112
65637,810,457,353,40.6,227,583,146
65638,709,375,334,58.4,111,598,228
65640,1343,729,614,27.2,623,720,99
65641,1156,586,570,59.2,228,928,475
65644,1654,897,757,55,325,1329,426
65646,1613,769,844,56.6,318,1295,499
65647,3126,1536,1590,39.3,856,2270,476
65648,6855,3243,3612,37.2,1912,4943,839
65649,2191,1183,1008,47.6,522,1669,524
65650,1729,895,834,30.9,494,1235,282
65652,4392,2739,1653,38.3,928,3464,637
65653,5763,3037,2726,55.3,824,4939,1838
65654,253,130,123,32.2,56,197,36
65655,2420,1068,1352,54.5,472,1948,726
65656,4865,2607,2258,53.5,777,4088,1320
65657,370,216,154,38.4,137,233,12
65658,1290,673,617,60.7,33,1257,379
65660,185,88,97,62.4,15,170,78
65661,2391,1219,1172,43.6,539,1852,541
65662,1066,672,394,48.5,247,819,178
65663,2722,1516,1206,38.6,642,2080,417
65664,46,22,24,42.7,8,38,6
65666,40,0,40,-,0,40,40
65667,3143,1566,1577,44,773,2370,656
65668,1566,783,783,61.4,126,1440,666
65669,2780,1388,1392,44.3,561,2219,526
65672,8499,4052,4447,40,1895,6604,1765
65674,2972,1570,1402,41.1,949,2023,529
65675,33,19,14,35.2,9,24,2
65676,413,240,173,63.1,47,366,170
65679,3085,1592,1493,48.6,423,2662,615
65680,1164,576,588,50.3,150,1014,411
65681,1942,983,959,57.7,248,1694,564
65682,2124,1082,1042,40.8,461,1663,450
65685,1039,528,511,44.1,285,754,204
65686,4709,2175,2534,64.7,496,4213,2308
65688,44,17,27,81.6,0,44,39
65689,4974,2388,2586,47.1,1134,3840,1173
65690,131,64,67,57,0,131,47
65692,983,535,448,49.5,236,747,209
65702,176,85,91,59.4,9,167,52
65704,4474,2135,2339,33.7,1153,3321,631
65705,4217,2064,2153,40,1039,3178,712
65706,16623,8171,8452,37.8,4078,12545,2894
65707,2052,997,1055,44.1,456,1596,356
65708,13114,6484,6630,37.5,3531,9583,2294
65710,1134,555,579,39.3,270,864,260
65711,8536,4200,4336,41.9,2085,6451,1665
65712,9381,4751,4630,36,2431,6950,1923
65713,2538,1227,1311,37.7,679,1859,508
65714,34681,16946,17735,39,9057,25624,5908
65715,76,46,30,21.4,26,50,0
65717,2823,1378,1445,36.4,834,1989,465
65720,725,371,354,31.8,299,426,102
65721,33581,16076,17505,37.6,8787,24794,4977
65722,1165,565,600,48.7,145,1020,327
65723,3061,1507,1554,35.7,875,2186,412
65724,1467,745,722,66.1,78,1389,790
65725,2814,1521,1293,38.2,670,2144,446
65726,1050,362,688,19.6,0,1050,0
65727,114,51,63,64.5,10,104,44
65728,30,15,15,-,0,30,30
65729,140,84,56,55.1,0,140,52
65730,10,10,0,-,0,10,0
65731,171,82,89,69.3,0,171,89
65732,1240,595,645,35.7,342,898,260
65733,859,368,491,33.9,165,694,212
65734,3175,1604,1571,41.6,756,2419,587
65735,54,30,24,33.2,15,39,19
65737,8062,3770,4292,51.7,1226,6836,2222
65738,20507,9865,10642,35.7,5784,14723,3122
65739,910,367,543,57,76,834,342
65740,3586,1775,1811,41.9,918,2668,604
65741,0,0,0,-,0,0,0
65742,13885,7572,6313,38.5,3780,10105,2047
65744,85,54,31,59.7,6,79,24
65745,2865,1457,1408,40.4,681,2184,333
65746,8833,4264,4569,30.3,3145,5688,1399
65747,3586,1605,1981,64.6,305,3281,1763
65752,377,177,200,61.7,44,333,121
65753,4908,2347,2561,44.8,1030,3878,996
65754,592,297,295,45.6,76,516,81
65755,665,306,359,58,103,562,155
65756,820,451,369,36.7,238,582,143
65757,7380,3591,3789,42.4,1948,5432,1387
65759,1073,478,595,40.9,240,833,185
65760,427,229,198,65.9,8,419,259
65761,1289,639,650,59.9,133,1156,410
65762,547,297,250,38.6,149,398,73
65764,1321,643,678,48.3,304,1017,346
65766,65,42,23,34.1,10,55,16
65767,1983,1014,969,46.4,473,1510,336
65768,145,95,50,59.3,31,114,58
65769,2624,1317,1307,45.1,614,2010,523
65770,2655,1362,1293,43.6,599,2056,660
65771,1545,677,868,47.9,365,1180,288
65772,2452,1322,1130,42.3,668,1784,412
65773,332,150,182,66,55,277,181
65774,977,373,604,44.7,251,726,222
65775,25173,12169,13004,39.8,5930,19243,4678
65777,152,93,59,48.7,16,136,59
65778,485,292,193,44.2,88,397,73
65779,1247,773,474,60.4,185,1062,529
65781,9104,4488,4616,34.8,2825,6279,966
65783,161,75,86,45.6,37,124,0
65784,0,0,0,-,0,0,0
65785,5578,2725,2853,48.2,1161,4417,1543
65786,1716,932,784,41.9,462,1254,321
65787,1136,586,550,56.9,136,1000,356
65788,319,94,225,38.3,100,219,39
65789,1723,1059,664,38.7,520,1203,299
65790,916,288,628,39.4,314,602,157
65791,4234,2021,2213,42.7,1084,3150,943
65793,5183,2631,2552,42.5,1132,4051,1167
65801,0,0,0,-,0,0,0
65802,46532,22716,23816,32.5,10038,36494,6480
65803,42975,22255,20720,37.2,9788,33187,6847
65804,39032,18146,20886,39.6,7636,31396,8180
65806,14771,7813,6958,25,1271,13500,1253
65807,55384,27130,28254,33.4,8974,46410,8826
65809,11341,5389,5952,48.4,2513,8828,2986
65810,22408,10122,12286,46.7,4685,17723,5338
65897,3294,1448,1846,19.2,36,3258,0
66002,13376,6434,6942,33.2,3088,10288,2053
66006,7688,3837,3851,39.4,1659,6029,1234
66007,9601,4847,4754,40.2,2423,7178,1572
66008,200,102,98,42.8,27,173,40
66010,497,289,208,60.2,91,406,143
66012,10295,5089,5206,36.3,2933,7362,1658
66013,2628,1421,1207,38.2,1049,1579,299
66014,576,394,182,41.2,159,417,144
66015,718,372,346,45.7,121,597,147
66016,688,349,339,39.3,234,454,66
66017,308,173,135,48.1,44,264,63
66018,6438,3419,3019,37.4,2010,4428,652
66020,1848,810,1038,46.9,419,1429,422
66021,2873,1346,1527,38.5,815,2058,496
66023,889,406,483,53.3,139,750,330
66024,651,393,258,37.1,92,559,124
66025,7809,4269,3540,38.4,2037,5772,881
66026,876,538,338,58.2,212,664,98
66027,6990,4183,2807,25.8,2600,4390,27
66030,25625,12702,12923,32.4,7819,17806,2398
66031,610,578,32,35.4,0,610,13
66032,4864,2335,2529,37.6,1297,3567,951
66033,801,458,343,52.3,115,686,262
66035,1411,807,604,20.6,201,1210,241
66039,637,368,269,40.2,177,460,115
66040,3216,1665,1551,48.8,549,2667,842
66041,862,496,366,48.6,134,728,167
66042,622,298,324,48.3,106,516,118
66043,10684,6459,4225,39.1,2579,8105,1639
66044,29006,14882,14124,24.1,3358,25648,2754
66045,1672,780,892,19.3,7,1665,0
66046,19069,10000,9069,30,2974,16095,1889
66047,20399,9617,10782,31.5,3697,16702,3349
66048,35970,19089,16881,40,7132,28838,5994
66049,31608,15139,16469,36.8,6842,24766,5467
66050,1910,957,953,48.2,380,1530,279
66052,2151,988,1163,31.6,597,1554,239
66053,7814,3810,4004,43.2,1993,5821,1488
66054,2717,1363,1354,43.6,683,2034,447
66056,1462,747,715,41.3,332,1130,381
66058,292,121,171,58.9,25,267,130
66060,1353,669,684,37.7,393,960,248
66061,66897,33846,33051,36.9,18001,48896,8850
66062,77312,37959,39353,35.9,20768,56544,9212
66064,5910,2808,3102,39.6,1259,4651,881
66066,2803,1538,1265,36.7,567,2236,383
66067,15904,7890,8014,37.5,3706,12198,2523
66070,2230,1094,1136,44.1,592,1638,463
66071,13005,6638,6367,44.6,2894,10111,2534
66072,1365,790,575,37.7,469,896,147
66073,2444,1139,1305,45.6,499,1945,460
66075,2503,1133,1370,40.3,542,1961,458
66076,2346,1265,1081,41.5,635,1711,428
66078,812,371,441,49.1,121,691,213
66079,626,356,270,53.8,114,512,202
66080,961,483,478,41.6,263,698,248
66083,11679,6161,5518,35.6,3182,8497,1270
66085,10906,5702,5204,41.6,2832,8074,1622
66086,10774,5281,5493,38.2,2674,8100,1646
66087,1944,953,991,45.4,427,1517,444
66088,2655,1326,1329,44.2,519,2136,503
66090,2506,1231,1275,44.5,506,2000,461
66091,386,155,231,29.6,126,260,44
66092,4298,2130,2168,40.4,1049,3249,743
66093,689,354,335,55.8,138,551,202
66094,411,206,205,38.8,116,295,59
66095,1105,529,576,44,242,863,162
66097,1016,531,485,50.4,183,833,293
66101,12355,6245,6110,34.4,3233,9122,1379
66102,30237,16292,13945,28.8,10000,20237,2502
66103,13035,7309,5726,31.9,2330,10705,1201
66104,27663,13538,14125,34.5,7916,19747,4158
66105,2227,1083,1144,33.9,646,1581,169
66106,22729,11048,11681,36.6,5884,16845,3428
66109,27934,13561,14373,37.3,7164,20770,4260
66111,10536,5129,5407,36.9,2525,8011,1595
66112,13421,6402,7019,32.4,3721,9700,2069
66115,0,0,0,-,0,0,0
66118,0,0,0,-,0,0,0
66160,39,0,39,46.5,0,39,0
66202,17043,8860,8183,34.7,2913,14130,2722
66203,19087,9452,9635,38.9,3649,15438,3330
66204,18931,9894,9037,33.5,2886,16045,2869
66205,13830,6199,7631,36.9,2804,11026,2227
66206,12038,5960,6078,43.1,3001,9037,1878
66207,15486,7693,7793,42.3,3377,12109,3351
66208,21609,10005,11604,40.4,4849,16760,4144
66209,19452,9295,10157,49.7,3825,15627,5069
66210,19881,9506,10375,38.8,3502,16379,3610
66211,5749,2962,2787,44.4,991,4758,1690
66212,32806,15983,16823,36.6,6807,25999,5392
66213,30270,15029,15241,39.4,5924,24346,5189
66214,12513,5958,6555,33,3108,9405,1581
66215,26001,13281,12720,39.6,4787,21214,5353
66216,25051,12555,12496,42.5,5537,19514,4723
66217,5427,2532,2895,52.1,835,4592,1576
66218,7745,3725,4020,37.1,2273,5472,576
66219,13843,6519,7324,34.1,2626,11217,1652
66220,8135,4121,4014,42.4,2249,5886,1222
66221,24434,12085,12349,39.6,7695,16739,2305
66223,25217,12354,12863,37.5,6109,19108,3798
66224,12301,6085,6216,46.9,2886,9415,1876
66226,16165,8140,8025,34.6,5205,10960,1082
66227,8756,4360,4396,39.2,2576,6180,1593
66251,5,0,5,-,0,5,0
66401,1797,957,840,50.5,394,1403,548
66402,3080,1463,1617,39.1,945,2135,452
66403,868,463,405,38.8,305,563,163
66404,404,216,188,38,141,263,138
66406,432,212,220,55,61,371,177
66407,319,208,111,40.8,72,247,46
66408,447,154,293,22.9,174,273,40
66409,3355,1705,1650,54.3,538,2817,1050
66411,1385,630,755,40.5,315,1070,310
66412,467,299,168,32.2,145,322,19
66413,1711,907,804,50.3,310,1401,378
66414,2513,1276,1237,41.7,641,1872,476
66415,695,354,341,49.7,148,547,245
66416,530,298,232,38,169,361,100
66417,410,203,207,44.1,115,295,73
66418,420,193,227,36.9,88,332,39
66419,359,162,197,37,59,300,57
66422,1185,462,723,14.9,634,551,36
66423,1069,539,530,41.1,224,845,175
66424,481,197,284,40.7,91,390,68
66425,456,270,186,60.5,49,407,134
66427,1239,681,558,48.1,243,996,308
66428,278,112,166,39.1,93,185,43
66429,432,168,264,41.2,70,362,106
66431,689,332,357,49.7,103,586,222
66432,486,263,223,50.7,71,415,95
66434,4570,2176,2394,43.5,1169,3401,935
66436,5901,2970,2931,41.4,1321,4580,1221
66438,85,32,53,41.4,18,67,3
66439,2607,1288,1319,38.3,722,1885,509
66440,1705,861,844,49.1,350,1355,410
66441,25582,13534,12048,28.7,7167,18415,2853
66442,16709,10551,6158,22.6,4603,12106,9
66449,1083,508,575,47.8,230,853,230
66451,1834,862,972,39.3,490,1344,319
66501,363,167,196,28.9,53,310,34
66502,44813,23712,21101,24.9,7392,37421,4395
66503,16393,8257,8136,38.3,3430,12963,2346
66506,3179,1355,1824,19.5,12,3167,0
66507,896,424,472,38.3,282,614,114
66508,4034,2063,1971,39,1108,2926,805
66509,2462,1274,1188,40.3,554,1908,528
66510,683,312,371,46.8,116,567,170
66512,3061,1571,1490,40.6,766,2295,591
66514,1934,933,1001,37.5,630,1304,190
66515,413,234,179,24.5,142,271,55
66516,323,165,158,40.8,56,267,39
66517,1529,734,795,29.5,345,1184,115
66518,207,109,98,62.3,18,189,66
66520,537,283,254,42.2,103,434,100
66521,1417,650,767,51.9,296,1121,411
66522,280,95,185,20.6,71,209,1
66523,3796,2036,1760,39.8,904,2892,702
66524,2412,1356,1056,45.9,634,1778,567
66526,963,562,401,37,278,685,115
66527,180,111,69,36.8,59,121,36
66528,785,390,395,44.9,211,574,116
66531,1425,657,768,37.8,368,1057,227
66532,638,346,292,35.2,189,449,145
66533,1756,966,790,37.1,488,1268,269
66534,3711,1943,1768,39.4,978,2733,761
66535,3543,1831,1712,33.9,1072,2471,587
66536,4098,1930,2168,25.8,1272,2826,513
66537,1222,565,657,40.3,255,967,260
66538,3419,1839,1580,41.5,936,2483,658
66539,2555,1284,1271,46.6,675,1880,456
66540,616,356,260,42.4,173,443,127
66541,257,121,136,60.4,31,226,63
66542,2972,1550,1422,47.1,654,2318,585
66543,1044,518,526,45.4,187,857,184
66544,304,148,156,56.1,39,265,73
66546,1113,629,484,54.5,259,854,246
66547,8379,4321,4058,39.7,2348,6031,1232
66548,893,359,534,45.2,172,721,232
66549,1427,643,784,43.4,266,1161,187
66550,640,337,303,33.4,246,394,90
66552,531,270,261,41.6,129,402,68
66554,650,245,405,54.6,125,525,215
66603,1338,731,607,28.7,428,910,161
66604,22933,10637,12296,39.1,4969,17964,4315
66605,21779,10546,11233,36.7,5910,15869,3200
66606,9656,4582,5074,37.9,1661,7995,1610
66607,9414,4349,5065,33.7,2413,7001,1207
66608,4964,2762,2202,41.8,676,4288,787
66609,6878,3226,3652,39.5,1886,4992,1231
66610,10835,5271,5564,47.4,2490,8345,2726
66611,10441,4851,5590,36.1,2657,7784,2235
66612,1673,936,737,48,58,1615,307
66614,33080,16111,16969,40.6,7061,26019,7291
66615,3201,1544,1657,47.2,700,2501,886
66616,5463,2666,2797,38.7,1108,4355,899
66617,8876,4508,4368,40.6,2271,6605,1528
66618,9828,5001,4827,40.7,2479,7349,1838
66619,3081,1546,1535,24.7,1208,1873,107
66621,656,311,345,19.4,12,644,0
66622,98,98,0,54.9,0,98,45
66701,11206,5278,5928,38.6,2657,8549,2322
66710,734,395,339,41.8,173,561,159
66711,610,344,266,39.9,167,443,66
66712,1661,838,823,49.4,212,1449,438
66713,5649,2756,2893,38.9,1424,4225,755
66714,134,68,66,45.5,29,105,29
66716,875,507,368,30.2,313,562,62
66717,613,270,343,46.3,121,492,113
66720,10835,5302,5533,38.2,2685,8150,2085
66724,1060,543,517,41.8,213,847,169
66725,5344,2585,2759,43.1,1161,4183,1108
66732,293,158,135,33.9,98,195,40
66733,2285,1209,1076,45.8,506,1779,484
66734,250,98,152,64.4,27,223,106
66735,788,384,404,24.4,235,553,16
66736,3541,1730,1811,48.8,692,2849,973
66738,219,139,80,63.8,26,193,93
66739,5068,2184,2884,49.1,1023,4045,1099
66740,192,93,99,44.3,41,151,58
66741,189,102,87,55.5,29,160,60
66742,29,17,12,54.6,0,29,0
66743,4067,1962,2105,39.9,846,3221,818
66746,158,79,79,37.1,45,113,6
66748,2883,1412,1471,48.3,646,2237,581
66749,7290,3544,3746,37.5,1709,5581,1430
66751,653,349,304,54,101,552,181
66753,1284,768,516,40.1,278,1006,322
66754,411,266,145,42.6,92,319,62
66755,864,377,487,50.9,82,782,258
66756,1037,544,493,41.8,229,808,184
66757,3214,1638,1576,40.3,954,2260,550
66758,249,129,120,36.6,91,158,48
66760,11,0,11,-,0,11,0
66761,278,130,148,33.1,87,191,45
66762,25006,12998,12008,28.9,5448,19558,3418
66763,3384,1609,1775,35.9,879,2505,619
66767,305,137,168,59.2,55,250,72
66769,666,333,333,27.4,303,363,28
66770,960,452,508,47.3,253,707,236
66771,1004,525,479,45.3,228,776,237
66772,234,151,83,44.2,42,192,45
66773,514,246,268,50.7,77,437,152
66775,199,137,62,37.6,22,177,53
66776,1542,686,856,32.8,498,1044,278
66777,499,246,253,61.1,29,470,167
66778,0,0,0,-,0,0,0
66779,843,379,464,30.5,349,494,107
66780,503,274,229,47.2,109,394,141
66781,1062,759,303,27,448,614,154
66782,179,108,71,37.5,49,130,48
66783,2178,1137,1041,49.7,423,1755,551
66801,27416,13148,14268,32.2,5798,21618,4078
66830,272,131,141,43.7,64,208,72
66833,642,326,316,46,122,520,215
66834,983,455,528,40.4,283,700,214
66835,1268,679,589,34.3,374,894,134
66838,109,44,65,59.5,3,106,48
66839,3833,1926,1907,39.7,1021,2812,614
66840,534,274,260,37.5,109,425,128
66842,485,215,270,47,89,396,65
66843,152,58,94,51.7,8,144,63
66845,1079,575,504,44.3,194,885,238
66846,3298,1689,1609,43.2,807,2491,742
66849,506,244,262,40.8,123,383,84
66850,230,92,138,45.2,62,168,47
66851,617,366,251,57.5,95,522,214
66852,586,282,304,40,122,464,165
66853,325,170,155,52.6,47,278,118
66854,800,508,292,36.7,230,570,147
66856,1779,872,907,40.9,445,1334,376
66857,937,456,481,54.3,114,823,288
66858,362,194,168,45.2,50,312,42
66859,240,132,108,38.8,40,200,49
66860,1306,637,669,43.8,280,1026,305
66861,2805,1367,1438,48.2,639,2166,819
66862,92,44,48,56,14,78,30
66863,34,9,25,76.7,5,29,19
66864,478,256,222,28.9,189,289,92
66865,1046,558,488,29.8,314,732,116
66866,1838,920,918,43,362,1476,451
66868,678,353,325,45.6,169,509,118
66869,606,334,272,41.3,121,485,130
66870,132,67,65,57.7,12,120,45
66871,1278,690,588,46.5,239,1039,277
66872,904,500,404,56.5,133,771,314
66873,228,121,107,50.5,27,201,61
66901,6226,3097,3129,37.7,1384,4842,1242
66930,115,53,62,59.9,9,106,33
66932,74,41,33,54.2,15,59,25
66933,296,167,129,56.4,32,264,122
66935,2461,1150,1311,45.8,627,1834,720
66936,296,135,161,53.6,65,231,103
66937,928,485,443,37,270,658,154
66938,1388,709,679,31.6,434,954,316
66939,405,216,189,40.8,103,302,89
66940,376,186,190,57.1,57,319,87
66941,83,55,28,62.5,5,78,38
66942,330,219,111,40.3,85,245,99
66943,590,330,260,36.7,161,429,95
66944,321,183,138,60.3,80,241,89
66945,1048,500,548,43,283,765,246
66946,120,91,29,56.8,0,120,23
66948,582,386,196,38.8,180,402,75
66949,609,318,291,36.3,160,449,112
66951,820,385,435,41.9,189,631,198
66952,368,213,155,58.3,37,331,121
66953,634,307,327,46.5,113,521,174
66955,49,28,21,50.8,4,45,5
66956,1066,555,511,56.5,179,887,377
66958,272,150,122,39.7,56,216,53
66959,178,124,54,49.9,24,154,53
66960,95,60,35,35.9,31,64,14
66961,9,4,5,-,0,9,4
66962,218,99,119,44,47,171,39
66963,268,93,175,32.8,76,192,63
66964,143,59,84,61.1,12,131,50
66966,584,311,273,37.3,156,428,136
66967,2017,1008,1009,44.1,396,1621,540
66968,1309,667,642,52.3,257,1052,408
66970,74,28,46,54.5,15,59,21
67001,2388,1183,1205,31.6,799,1589,343
67002,16508,8318,8190,37,5247,11261,2073
67003,2530,1090,1440,40.4,704,1826,556
67004,800,393,407,45.8,183,617,192
67005,15552,7620,7932,37.1,3655,11897,2710
67008,543,223,320,48.5,98,445,148
67009,886,457,429,36.7,247,639,176
67010,13884,6876,7008,42.1,2968,10916,2572
67012,40,24,16,65.7,0,40,26
67013,3099,1579,1520,43.6,653,2446,579
67016,452,210,242,42.7,101,351,93
67017,2113,1088,1025,38.6,433,1680,315
67018,79,65,14,61.4,0,79,26
67019,919,404,515,36.8,254,665,140
67020,1347,718,629,36.9,346,1001,197
67021,23,14,9,67.8,0,23,13
67022,1562,771,791,43.5,365,1197,335
67023,131,61,70,59.3,17,114,52
67024,930,488,442,44.8,209,721,177
67025,3890,1983,1907,39.5,1095,2795,579
67026,5069,2478,2591,41.4,1439,3630,975
67028,235,133,102,36.2,83,152,30
67029,975,442,533,46.3,239,736,301
67030,2802,1281,1521,40.2,682,2120,372
67031,2503,1207,1296,31.6,668,1835,341
67035,827,388,439,55,177,650,223
67036,115,50,65,80,0,115,74
67037,29459,14716,14743,36.6,7804,21655,4725
67038,720,339,381,27.2,287,433,112
67039,2906,1406,1500,37.8,782,2124,426
67041,271,139,132,28.8,76,195,29
67042,17257,9562,7695,36.8,3462,13795,2831
67045,3052,1553,1499,44.2,759,2293,710
67047,668,318,350,54.9,131,537,191
67049,70,44,26,17.7,37,33,10
67050,2101,992,1109,34,677,1424,291
67051,412,246,166,47.9,78,334,81
67052,8755,4146,4609,35.9,2714,6041,1052
67053,545,256,289,44.7,141,404,151
67054,1191,551,640,45,333,858,287
67055,88,59,29,57.9,9,79,33
67056,3059,1316,1743,35.8,911,2148,604
67057,277,171,106,40.3,67,210,52
67058,1745,931,814,38.7,427,1318,350
67059,940,429,511,41.2,149,791,229
67060,14091,7161,6930,38.8,3438,10653,1945
67061,210,153,57,54.8,46,164,43
67062,4007,1930,2077,42.3,1014,2993,1052
67063,3603,1731,1872,37.4,722,2881,674
67065,201,114,87,55.3,19,182,84
67066,328,161,167,58.6,70,258,128
67067,2368,961,1407,37.5,635,1733,262
67068,4033,2051,1982,44.8,752,3281,862
67070,910,431,479,40.2,192,718,248
67071,197,132,65,12,117,80,6
67072,320,144,176,23.7,93,227,33
67073,323,193,130,36.6,95,228,48
67074,1154,606,548,52.4,220,934,283
67101,6153,3091,3062,46.3,1408,4745,1061
67102,171,109,62,15.5,100,71,0
67103,232,143,89,30.6,85,147,27
67104,1926,890,1036,44,449,1477,420
67105,168,92,76,44.5,36,132,41
67106,295,155,140,38.7,86,209,37
67107,2696,1189,1507,45.5,540,2156,833
67108,1527,777,750,43.8,271,1256,285
67109,373,208,165,36.1,85,288,60
67110,8423,4123,4300,41.5,2228,6195,1541
67111,214,99,115,38.8,54,160,62
67112,240,146,94,46.5,64,176,26
67114,21113,10622,10491,41,4817,16296,4009
67117,2107,1025,1082,41.4,347,1760,660
67118,695,365,330,38,151,544,121
67119,1199,578,621,48.7,303,896,294
67120,857,464,393,54.7,149,708,194
67122,350,210,140,49.8,54,296,114
67123,775,433,342,50,130,645,161
67124,7845,3955,3890,35.5,1989,5856,1522
67127,748,419,329,46.5,147,601,186
67131,327,154,173,58,55,272,88
67132,386,189,197,29.8,138,248,28
67133,6900,3243,3657,36.3,1931,4969,952
67134,365,176,189,36.7,122,243,56
67135,3428,1621,1807,35.8,943,2485,450
67137,498,221,277,54.3,104,394,121
67138,373,234,139,51.2,84,289,54
67140,990,461,529,37,286,704,110
67142,353,168,185,41,111,242,48
67143,67,32,35,58.5,12,55,17
67144,2815,1331,1484,40.2,855,1960,397
67146,1899,1052,847,38.9,520,1379,274
67147,10718,5358,5360,38.5,3228,7490,2248
67149,1181,591,590,41.4,319,862,185
67150,9,4,5,82.3,0,9,5
67151,481,312,169,31.8,153,328,85
67152,9006,4595,4411,40.6,2428,6578,1688
67154,1933,944,989,33.1,673,1260,323
67155,109,57,52,55.5,26,83,8
67156,14258,7424,6834,40.5,3092,11166,2917
67159,172,82,90,54.5,35,137,63
67202,1999,1225,774,29,24,1975,212
67203,30358,15412,14946,37.3,5687,24671,4895
67204,22626,11311,11315,38.9,5321,17305,3953
67205,20192,9530,10662,41.6,5914,14278,3191
67206,17601,8747,8854,41,3991,13610,4067
67207,27432,13592,13840,33.1,5331,22101,3576
67208,17438,8946,8492,32.8,4093,13345,2174
67209,12810,6998,5812,38.8,3240,9570,2214
67210,9243,4775,4468,29.8,2979,6264,993
67211,18593,9180,9413,35.1,4639,13954,2275
67212,44171,21492,22679,35.5,10807,33364,7919
67213,21314,11181,10133,34.7,5152,16162,2966
67214,16253,7615,8638,32.9,4863,11390,2024
67215,6327,2993,3334,36.6,1588,4739,864
67216,22723,11531,11192,34.8,5831,16892,3190
67217,32184,16015,16169,32.3,9010,23174,4135
67218,23264,11361,11903,35.2,5621,17643,3358
67219,11768,5573,6195,31.8,3453,8315,1252
67220,14739,7502,7237,31.3,2952,11787,1909
67221,447,396,51,21.2,0,447,0
67223,806,458,348,25.4,363,443,97
67226,21750,10609,11141,35.9,5104,16646,3708
67227,204,83,121,39.8,46,158,41
67228,2726,1427,1299,35.3,788,1938,213
67230,11730,5992,5738,43.5,3234,8496,2209
67232,381,143,238,60.3,36,345,9
67235,15138,7506,7632,37.3,4485,10653,2188
67260,209,103,106,19.1,0,209,0
67301,12932,6384,6548,38.9,3116,9816,2381
67330,1654,936,718,34.8,450,1204,221
67332,175,114,61,35.4,52,123,16
67333,2446,1222,1224,42.6,717,1729,657
67334,67,52,15,51.4,7,60,17
67335,3334,1775,1559,41.2,841,2493,592
67336,1357,706,651,51.8,279,1078,406
67337,10995,5482,5513,41.5,2343,8652,2102
67340,381,225,156,42.2,88,293,57
67341,346,178,168,41.7,87,259,66
67342,714,291,423,45.6,143,571,227
67344,716,395,321,44.1,167,549,169
67345,106,66,40,65.8,6,100,60
67346,363,178,185,46.3,93,270,95
67347,493,310,183,38.6,174,319,99
67349,779,402,377,45.9,215,564,181
67351,375,209,166,52.8,85,290,82
67352,583,281,302,50.3,120,463,175
67353,467,266,201,58.3,64,403,138
67354,566,266,300,38.3,162,404,60
67355,227,123,104,49.7,33,194,14
67356,3054,1493,1561,35.5,897,2157,584
67357,11874,6119,5755,41.1,2718,9156,2386
67360,312,180,132,59.5,35,277,111
67361,1806,950,856,43,470,1336,401
67363,123,60,63,58,22,101,25
67364,203,75,128,53.8,34,169,83
67401,50638,25132,25506,39.7,11497,39141,9401
67410,10544,5407,5137,41,2457,8087,2147
67416,728,392,336,52.3,127,601,136
67417,127,72,55,35.4,19,108,24
67418,209,119,90,60.5,46,163,76
67420,3909,1952,1957,40.8,913,2996,829
67422,1335,719,616,43.6,353,982,271
67423,329,153,176,39.8,74,255,42
67425,712,384,328,32.9,172,540,86
67427,363,157,206,60.9,60,303,159
67428,1173,652,521,37.9,296,877,154
67430,603,316,287,45.8,158,445,159
67431,1836,884,952,47.2,404,1432,383
67432,5524,2852,2672,43.1,1303,4221,1444
67436,484,246,238,49,109,375,118
67437,869,460,409,48.3,162,707,301
67438,289,138,151,35.9,97,192,55
67439,3297,2001,1296,40.9,537,2760,650
67441,907,422,485,38.5,160,747,151
67442,342,188,154,11.8,175,167,0
67443,1927,926,1001,40,541,1386,349
67444,551,310,241,54.9,110,441,157
67445,487,251,236,54.5,70,417,120
67446,685,318,367,43.9,102,583,187
67447,250,137,113,56.5,40,210,93
67448,1012,525,487,46.5,292,720,216
67449,2658,1414,1244,50.9,420,2238,774
67450,547,245,302,52.4,92,455,188
67451,1060,512,548,38.7,326,734,168
67452,365,205,160,29.4,157,208,56
67454,683,378,305,47.9,121,562,144
67455,1639,807,832,42.6,374,1265,448
67456,4960,2474,2486,35.4,1078,3882,998
67457,594,293,301,44,151,443,170
67458,456,213,243,40.9,134,322,29
67459,391,211,180,39.2,80,311,34
67460,15967,8086,7881,39,3241,12726,2669
67464,1036,505,531,48.9,176,860,289
67466,605,327,278,51.6,117,488,153
67467,2575,1307,1268,41.7,565,2010,530
67468,309,165,144,36.8,80,229,61
67470,504,262,242,42.7,108,396,87
67473,1856,895,961,43.9,376,1480,388
67474,211,111,100,53.7,42,169,72
67475,129,71,58,51.5,14,115,29
67476,7,0,7,-,0,7,7
67478,80,52,28,39.5,11,69,5
67480,1715,891,824,39,449,1266,251
67481,710,365,345,55.3,153,557,185
67482,96,41,55,52.6,25,71,24
67483,486,236,250,38.3,141,345,91
67484,943,503,440,41.5,206,737,182
67485,287,165,122,47.8,44,243,86
67487,1376,662,714,40.5,323,1053,256
67490,965,544,421,51.3,182,783,358
67491,277,160,117,45.3,64,213,50
67492,202,102,100,46.7,43,159,33
67501,24491,13375,11116,36,5313,19178,3420
67502,23844,11277,12567,45.4,5402,18442,5678
67505,2830,1342,1488,44.9,470,2360,786
67510,275,132,143,46.1,73,202,53
67511,156,78,78,62.5,10,146,74
67512,208,96,112,52.4,41,167,64
67513,108,79,29,40.2,40,68,17
67514,719,380,339,44.5,134,585,176
67515,43,21,22,59.4,0,43,2
67516,526,274,252,35.8,130,396,148
67518,36,20,16,62.3,3,33,11
67519,141,53,88,73.8,5,136,89
67520,288,162,126,42,42,246,60
67521,105,61,44,26.5,2,103,24
67522,2019,1075,944,41.6,555,1464,441
67523,478,235,243,52.3,107,371,98
67524,595,318,277,42.5,151,444,106
67525,972,494,478,34.7,306,666,188
67526,2771,1366,1405,41.1,660,2111,702
67529,353,185,168,49.8,43,310,42
67530,17668,8559,9109,39,4209,13459,3510
67543,2083,921,1162,41.7,512,1571,506
67544,2988,1594,1394,38.7,729,2259,615
67545,182,108,74,45,28,154,46
67546,2837,1373,1464,51.1,578,2259,789
67547,1704,813,891,40,434,1270,311
67548,1347,683,664,48.3,226,1121,399
67550,5175,2851,2324,43,721,4454,1188
67552,734,381,353,44.6,176,558,141
67553,103,61,42,39.5,27,76,17
67554,4072,2102,1970,37.7,934,3138,699
67556,137,76,61,54.1,4,133,32
67557,595,322,273,48.1,136,459,129
67559,35,30,5,67.3,0,35,23
67560,1521,789,732,46.6,359,1162,288
67561,1408,770,638,42,341,1067,267
67563,332,169,163,52.7,48,284,79
67564,291,168,123,45.8,81,210,48
67565,510,213,297,34.9,183,327,59
67566,767,231,536,69.6,134,633,425
67567,711,316,395,42.4,114,597,189
67568,268,142,126,44.3,80,188,68
67570,1500,777,723,36.9,391,1109,230
67572,370,165,205,63.1,46,324,152
67573,172,100,72,53.5,46,126,35
67574,175,99,76,56.7,19,156,22
67575,508,287,221,50.6,71,437,108
67576,2075,1056,1019,37.2,572,1503,390
67578,1075,565,510,51.1,213,862,306
67579,3130,1617,1513,31.6,744,2386,579
67581,334,181,153,46.6,52,282,56
67583,821,355,466,49.8,140,681,270
67584,137,63,74,59.9,15,122,46
67601,24045,11996,12049,31.9,4551,19494,3688
67621,325,144,181,56.8,68,257,92
67622,566,236,330,44.4,86,480,128
67623,212,120,92,40.6,63,149,51
67625,159,98,61,44,20,139,47
67626,233,85,148,65.5,23,210,121
67627,215,87,128,29.7,91,124,23
67628,171,130,41,62.4,27,144,69
67629,123,66,57,67.5,9,114,75
67631,115,54,61,58.9,6,109,49
67632,247,112,135,45.8,42,205,59
67634,223,133,90,55.8,25,198,75
67635,173,82,91,47.4,32,141,47
67637,2875,1429,1446,36.1,845,2030,447
67638,113,39,74,57.9,12,101,41
67639,221,96,125,48.1,26,195,44
67640,385,202,183,33.3,74,311,80
67642,1836,901,935,43.2,428,1408,425
67643,243,135,108,62,23,220,96
67644,230,80,150,58.1,36,194,86
67645,559,234,325,57.1,73,486,194
67646,817,439,378,36.1,284,533,163
67647,240,132,108,22.6,107,133,17
67648,624,321,303,49.3,96,528,192
67649,216,85,131,63.6,28,188,93
67650,247,98,149,59.1,25,222,90
67651,514,277,237,49,141,373,125
67653,309,166,143,30.7,91,218,40
67654,4199,2516,1683,38.3,863,3336,767
67656,221,140,81,36.3,62,159,37
67657,245,126,119,51,51,194,95
67658,141,87,54,46.8,34,107,43
67659,69,48,21,65.4,10,59,36
67660,35,18,17,72.1,0,35,29
67661,2742,1455,1287,48,524,2218,760
67663,2557,1195,1362,40.1,639,1918,446
67664,289,140,149,45.9,63,226,44
67665,4911,2397,2514,43,1186,3725,1050
67667,211,107,104,37.7,41,170,20
67669,1830,955,875,45.9,336,1494,467
67671,1502,805,697,40.1,333,1169,203
67672,2199,1084,1115,46.9,432,1767,587
67673,85,47,38,70.7,8,77,57
67674,110,74,36,25.6,38,72,10
67675,149,89,60,53.6,28,121,45
67701,6220,3100,3120,33.9,1476,4744,1157
67730,1797,932,865,44,471,1326,419
67731,828,521,307,37.1,249,579,131
67732,643,375,268,28,259,384,83
67733,163,93,70,23.5,55,108,28
67734,155,69,86,31.4,45,110,25
67735,5110,2627,2483,39,1173,3937,1094
67736,152,93,59,58.6,15,137,28
67737,407,250,157,49.1,91,316,99
67738,549,304,245,40.8,149,400,145
67739,219,117,102,52.2,21,198,67
67740,1625,827,798,41.7,446,1179,401
67741,558,326,232,38.6,78,480,97
67743,222,128,94,31.5,65,157,35
67744,128,64,64,38.7,30,98,13
67745,377,178,199,53.7,71,306,151
67747,162,88,74,34.2,36,126,48
67748,2636,1293,1343,41.7,550,2086,519
67749,2048,1034,1014,49.2,439,1609,587
67751,171,102,69,51.5,35,136,39
67752,1617,759,858,40,478,1139,375
67753,438,255,183,44.3,94,344,72
67756,1746,821,925,54.2,291,1455,545
67757,477,228,249,41.8,106,371,66
67758,1113,567,546,41.8,279,834,281
67761,236,120,116,46,52,184,60
67762,219,128,91,41.5,44,175,39
67764,337,173,164,32.6,111,226,50
67801,30935,15970,14965,31.4,9443,21492,3012
67831,1038,513,525,47.8,252,786,193
67834,916,479,437,50.3,192,724,205
67835,2650,1308,1342,31.1,911,1739,251
67836,118,56,62,61.2,16,102,27
67837,1091,605,486,31.3,367,724,163
67838,1048,502,546,28.5,345,703,105
67839,1051,528,523,48.4,191,860,276
67840,91,49,42,71.3,5,86,54
67841,300,200,100,47.4,28,272,76
67842,404,241,163,40,85,319,77
67843,134,119,15,75,0,134,119
67844,697,352,345,43.6,155,542,187
67846,34584,17728,16856,32.2,10032,24552,4063
67849,387,211,176,42.6,105,282,95
67850,493,230,263,42.5,123,370,66
67851,3115,1717,1398,29.4,1152,1963,273
67853,879,485,394,31.7,320,559,103
67854,1052,485,567,45.3,216,836,263
67855,1786,957,829,38.7,452,1334,222
67857,160,72,88,36.5,27,133,54
67859,671,310,361,44.4,142,529,135
67860,2733,1412,1321,34.5,851,1882,488
67861,1980,1041,939,41.3,497,1483,410
67862,277,120,157,55.5,50,227,108
67863,328,177,151,63.4,24,304,140
67864,1803,858,945,38,395,1408,341
67865,944,495,449,35.8,278,666,225
67867,1588,793,795,41.6,368,1220,316
67868,155,78,77,32.7,35,120,0
67869,1559,778,781,31.1,494,1065,167
67870,1369,654,715,41.3,331,1038,261
67871,5074,2589,2485,38.7,1361,3713,1018
67876,1559,731,828,42.9,417,1142,348
67877,2180,1087,1093,36.5,604,1576,286
67878,2296,1184,1112,33.3,731,1565,290
67879,1276,607,669,40.4,372,904,231
67880,7476,4196,3280,33.2,2292,5184,970
67882,217,147,70,64.9,21,196,106
67901,20990,11127,9863,30.2,6614,14376,2014
67950,1625,758,867,43.8,411,1214,317
67951,4651,2342,2309,36.4,1373,3278,800
67952,604,317,287,37.6,129,475,71
67953,81,52,29,61.6,13,68,35
67954,1014,486,528,36.1,263,751,203
68001,59,30,29,44.8,16,43,19
68002,2292,1155,1137,42.3,593,1699,475
68003,4884,2377,2507,44.6,984,3900,1027
68004,982,499,483,49,246,736,273
68005,21937,10681,11256,36.2,5457,16480,3468
68007,16648,8076,8572,35.2,5623,11025,1541
68008,12662,6177,6485,40.1,3343,9319,2122
68010,720,354,366,16.8,470,250,56
68014,335,144,191,31,81,254,68
68015,1146,540,606,41.5,270,876,231
68016,412,208,204,47.3,84,328,102
68017,2355,1136,1219,43.3,578,1777,563
68018,547,349,198,34.2,200,347,66
68019,440,304,136,40.4,114,326,77
68020,626,323,303,54.7,53,573,204
68022,32570,16538,16032,35.2,10727,21843,3331
68023,2683,1355,1328,45.3,605,2078,604
68025,31304,15355,15949,39.3,7502,23802,6204
68028,17155,8513,8642,34.1,5819,11336,1372
68029,795,454,341,38.5,83,712,139
68030,649,325,324,50.9,96,553,185
68031,1687,931,756,35.7,519,1168,322
68033,273,157,116,58.2,45,228,92
68034,722,382,340,46.7,99,623,191
68036,497,246,251,55.3,103,394,165
68037,2653,1299,1354,39.2,676,1977,394
68038,1304,602,702,46.9,264,1040,359
68039,1123,544,579,21,493,630,61
68040,379,188,191,45.3,79,300,43
68041,968,515,453,38,239,729,210
68042,96,50,46,22.8,25,71,13
68044,752,498,254,35,159,593,72
68045,2149,1054,1095,40.6,545,1604,426
68046,33312,16287,17025,37.6,9177,24135,4195
68047,1920,941,979,38.4,565,1355,369
68048,13543,6799,6744,40.5,3112,10431,2326
68050,616,330,286,39.7,121,495,113
68055,308,187,121,28.3,98,210,38
68056,13,13,0,48.2,0,13,0
68057,1426,767,659,42.2,345,1081,302
68058,330,171,159,63.3,20,310,142
68059,3115,1604,1511,45.3,686,2429,727
68061,2343,1149,1194,42.5,628,1715,537
68062,320,165,155,42.4,75,245,71
68063,289,157,132,37.5,75,214,57
68064,3842,2016,1826,49.4,751,3091,799
68065,1235,660,575,46.4,274,961,208
68066,5653,2922,2731,38.1,1682,3971,996
68067,1247,591,656,26.8,513,734,126
68068,206,115,91,30.8,53,153,21
68069,3237,1735,1502,53.1,639,2598,905
68070,965,481,484,47.6,199,766,147
68071,1844,932,912,26.7,671,1173,165
68072,109,79,30,56.3,7,102,5
68073,2525,1403,1122,34.9,762,1763,246
68102,8971,5466,3505,34,283,8688,661
68104,37834,18278,19556,35.3,9420,28414,4519
68105,22698,11400,11298,32.7,5053,17645,2465
68106,21401,10263,11138,34.9,3577,17824,3338
68107,29779,15546,14233,29.9,9759,20020,2754
68108,14869,8003,6866,30.4,4477,10392,1666
68110,9681,5238,4443,34.1,2187,7494,1058
68111,24028,11480,12548,29.1,8337,15691,2376
68112,11863,5677,6186,33.6,3776,8087,1882
68113,857,525,332,21.5,200,657,0
68114,17786,9019,8767,39.7,3164,14622,3663
68116,33936,15634,18302,34.9,9608,24328,3999
68117,8678,4251,4427,37.8,2234,6444,1190
68118,9163,4435,4728,42.2,2472,6691,1563
68122,12876,5950,6926,32.2,3895,8981,1139
68123,33758,16920,16838,30.7,9603,24155,3411
68124,15187,7569,7618,40.3,3407,11780,3449
68127,20820,10651,10169,35.5,3926,16894,3440
68128,19022,9300,9722,37,4177,14845,2680
68130,21444,10466,10978,41.2,5779,15665,3549
68131,12891,6115,6776,28.7,1863,11028,1177
68132,15136,7930,7206,34,3676,11460,1824
68133,13468,6767,6701,41.1,3318,10150,2106
68134,29580,14148,15432,35.7,7276,22304,4277
68135,30216,15301,14915,36.2,8940,21276,2601
68136,20302,10826,9476,36.1,6183,14119,1994
68137,24580,12549,12031,38.8,5575,19005,4367
68138,11414,5877,5537,35,2655,8759,1015
68142,5090,2743,2347,41.5,983,4107,505
68144,25565,12789,12776,39.7,6112,19453,4699
68147,12230,6432,5798,34.7,3081,9149,1597
68152,6599,2964,3635,46.9,1452,5147,1675
68154,23345,11467,11878,38.6,4976,18369,4553
68157,5457,3226,2231,36.9,1123,4334,827
68164,29359,14683,14676,36.2,7260,22099,3982
68178,2368,1093,1275,19.8,17,2351,6
68182,758,387,371,19.9,0,758,2
68183,0,0,0,-,0,0,0
68301,1501,730,771,45.1,357,1144,272
68303,255,133,122,52.1,28,227,83
68304,287,153,134,38.5,72,215,47
68305,4329,2145,2184,40.2,1048,3281,943
68307,503,300,203,35.4,142,361,62
68309,127,39,88,61.5,8,119,31
68310,14232,7037,7195,42.5,3197,11035,3124
68313,682,393,289,47.6,169,513,151
68314,379,208,171,41,76,303,55
68315,86,57,29,52.8,5,81,25
68316,492,267,225,36.2,138,354,91
68317,1963,1075,888,44.2,466,1497,372
68318,401,228,173,43.5,102,299,75
68319,584,314,270,30.8,219,365,74
68320,345,194,151,47.3,94,251,56
68321,376,203,173,51.6,67,309,76
68322,528,286,242,29.5,133,395,60
68323,240,77,163,43.8,58,182,64
68324,64,27,37,43.3,18,46,15
68325,102,44,58,56.3,21,81,20
68326,328,218,110,30.7,105,223,41
68327,341,167,174,57.3,56,285,63
68328,402,219,183,39.6,111,291,88
68329,681,377,304,39.2,189,492,123
68330,44,22,22,49,13,31,6
68331,1154,598,556,42.4,279,875,190
68332,83,43,40,58.5,8,75,22
68333,8727,4451,4276,36.3,2238,6489,1375
68335,525,275,250,45.6,132,393,139
68336,658,338,320,45.3,157,501,107
68337,304,168,136,55.1,57,247,76
68338,229,137,92,41.6,67,162,55
68339,998,560,438,52.8,135,863,243
68340,991,460,531,43.4,270,721,259
68341,842,406,436,48,202,640,238
68342,616,343,273,36,190,426,122
68343,906,440,466,51.8,164,742,224
68344,481,278,203,38.9,135,346,80
68345,201,109,92,54.6,26,175,73
68346,479,250,229,57,42,437,126
68347,2126,1137,989,43.7,471,1655,258
68348,263,119,144,65.2,29,234,136
68349,1198,566,632,37.5,302,896,272
68350,259,158,101,46.7,42,217,76
68351,769,421,348,54.9,98,671,170
68352,4903,2278,2625,44,1054,3849,1097
68354,836,409,427,58.6,122,714,317
68355,4864,2396,2468,43.2,1142,3722,1134
68357,321,160,161,53.8,63,258,46
68358,1651,827,824,42.1,461,1190,283
68359,1459,720,739,39.4,337,1122,270
68360,459,229,230,44.6,102,357,128
68361,2396,1220,1176,40.8,568,1828,552
68362,18,10,8,43,2,16,3
68364,242,123,119,67,22,220,125
68365,279,132,147,53.5,33,246,51
68366,888,479,409,40.1,228,660,168
68367,379,181,198,45.5,46,333,72
68368,433,249,184,39.8,95,338,61
68370,1883,849,1034,49.4,404,1479,565
68371,1380,571,809,43.3,358,1022,401
68372,4136,2040,2096,35.3,1601,2535,538
68375,134,56,78,53,32,102,23
68376,1416,732,684,46,288,1128,384
68377,309,167,142,57,52,257,86
68378,617,284,333,42.9,177,440,158
68379,57,26,31,55.9,9,48,26
68380,43,28,15,49.4,7,36,16
68381,126,54,72,56.7,24,102,42
68382,66,26,40,54.5,12,54,22
68401,999,583,416,25.5,197,802,96
68402,1240,643,597,42,318,922,173
68403,215,109,106,51.3,18,197,51
68404,1089,482,607,50.8,221,868,356
68405,3567,1918,1649,35.2,848,2719,540
68406,414,193,221,53.2,68,346,91
68407,995,515,480,40.7,246,749,257
68409,719,364,355,43.6,199,520,173
68410,8795,4568,4227,39.5,2181,6614,1627
68413,451,238,213,48.5,80,371,98
68414,173,95,78,32.9,19,154,28
68415,570,284,286,45.8,123,447,118
68416,243,126,117,42.8,42,201,47
68417,364,186,178,33.4,125,239,43
68418,1328,710,618,37.8,362,966,185
68419,253,107,146,48.1,60,193,57
68420,1244,604,640,43.9,334,910,319
68421,1046,600,446,21.6,114,932,97
68422,718,388,330,32.8,191,527,105
68423,950,475,475,49.8,206,744,162
68424,632,299,333,57.4,126,506,235
68428,1472,752,720,40.6,492,980,300
68429,89,42,47,45.8,10,79,36
68430,1864,1012,852,54.1,335,1529,377
68431,225,155,70,49.6,53,172,51
68433,132,66,66,62.6,12,120,51
68434,9101,4650,4451,35.6,2113,6988,1597
68436,549,267,282,45.8,129,420,99
68437,291,151,140,57.2,32,259,59
68438,91,53,38,57.8,15,76,32
68439,567,268,299,38.3,149,418,58
68440,128,61,67,62.5,23,105,61
68441,191,107,84,41,52,139,61
68442,231,117,114,67.9,20,211,128
68443,1086,567,519,40.7,282,804,225
68444,30,17,13,33,8,22,6
68445,204,102,102,32.7,76,128,15
68446,2735,1259,1476,47.3,604,2131,785
68447,560,295,265,49,121,439,141
68448,302,172,130,55,56,246,96
68450,3173,2083,1090,38.8,493,2680,522
68452,87,55,32,64.1,6,81,40
68453,296,157,139,60.5,36,260,137
68454,736,401,335,41,191,545,117
68455,823,443,380,30.1,144,679,136
68456,1400,703,697,37.1,375,1025,236
68457,475,251,224,35.8,64,411,65
68458,175,93,82,53.9,16,159,52
68460,627,335,292,52.9,158,469,178
68461,752,417,335,41.6,254,498,233
68462,4822,2321,2501,38.2,1530,3292,1008
68463,1648,865,783,37.2,493,1155,290
68464,480,235,245,53.2,106,374,133
68465,2657,1438,1219,39,737,1920,442
68466,1675,960,715,39.3,317,1358,386
68467,9600,4757,4843,40.8,2152,7448,1990
68502,26784,13732,13052,34.7,5897,20887,3473
68503,15667,7862,7805,26.8,3582,12085,1290
68504,17124,8806,8318,28.1,2999,14125,1769
68505,18205,9527,8678,31.3,4448,13757,2232
68506,28321,13617,14704,40,5651,22670,6349
68507,15788,8240,7548,37.1,3446,12342,2919
68508,17056,8847,8209,21.3,1218,15838,626
68510,19342,9424,9918,40.6,3726,15616,4405
68512,13990,7112,6878,36.7,3085,10905,2073
68514,239,107,132,63.1,14,225,101
68516,46714,23109,23605,37.6,11753,34961,8069
68517,539,292,247,44.2,176,363,70
68520,1975,1049,926,60.5,316,1659,575
68521,38231,19352,18879,31.1,9825,28406,4046
68522,13756,7274,6482,32.7,3248,10508,1023
68523,1849,955,894,45,481,1368,356
68524,5941,3065,2876,30.1,1624,4317,496
68526,8088,3806,4282,40,2320,5768,1311
68527,2098,1020,1078,47.2,401,1697,356
68528,6771,3368,3403,28.7,1707,5064,611
68531,209,134,75,39.8,28,181,22
68532,665,312,353,44.9,189,476,70
68588,0,0,0,-,0,0,0
68601,30224,15054,15170,38.3,7764,22460,5281
68620,2734,1433,1301,45.5,630,2104,626
68621,206,109,97,57.7,0,206,69
68622,367,153,214,50.2,85,282,122
68623,384,185,199,46.5,58,326,94
68624,973,565,408,47.8,241,732,174
68626,553,287,266,51.5,81,472,138
68627,829,438,391,37,252,577,138
68628,891,474,417,42.4,209,682,195
68629,1210,659,551,37.4,254,956,216
68631,345,174,171,33.7,114,231,58
68632,3767,1843,1924,40.1,971,2796,753
68633,1077,527,550,48.6,299,778,238
68634,672,391,281,34.6,213,459,173
68635,454,280,174,50.4,52,402,65
68636,1146,516,630,52.9,218,928,321
68637,258,143,115,60.2,28,230,95
68638,1931,947,984,41.7,453,1478,387
68640,1180,614,566,42.3,347,833,228
68641,1122,514,608,51.4,253,869,317
68642,1788,936,852,36.7,537,1251,307
68643,997,506,491,40.6,332,665,201
68644,704,360,344,39.9,143,561,152
68647,768,461,307,48.1,237,531,94
68648,256,128,128,59.5,31,225,96
68649,1893,898,995,45.8,469,1424,373
68651,1224,659,565,42,263,961,269
68652,640,309,331,47.7,143,497,158
68653,691,351,340,46.4,204,487,142
68654,563,267,296,38.6,163,400,108
68655,108,64,44,65,9,99,54
68658,682,344,338,41.2,164,518,93
68659,223,113,110,44.8,55,168,70
68660,1084,508,576,44.3,223,861,272
68661,7203,3998,3205,34.3,2297,4906,683
68662,1192,564,628,42.5,266,926,249
68663,796,443,353,47.7,102,694,108
68664,328,147,181,37.5,102,226,58
68665,786,396,390,47.9,197,589,221
68666,1608,802,806,40.8,410,1198,413
68667,63,27,36,56.4,4,59,18
68669,527,262,265,46.9,121,406,169
68701,31116,15514,15602,37.2,7593,23523,5060
68710,734,366,368,38.7,147,587,119
68711,57,48,9,75.4,0,57,45
68713,2286,1178,1108,44.1,541,1745,522
68714,1094,523,571,44.9,235,859,305
68715,1792,893,899,35.7,539,1253,230
68716,914,459,455,45.2,190,724,232
68717,263,150,113,24.4,86,177,29
68718,1676,907,769,46.9,320,1356,467
68719,165,107,58,60.4,37,128,21
68720,228,129,99,50.7,41,187,74
68722,464,234,230,52.8,56,408,152
68723,654,305,349,34.6,180,474,122
68724,285,131,154,23.7,56,229,24
68725,589,338,251,39.9,154,435,183
68726,680,353,327,45.1,153,527,130
68727,686,372,314,39.9,160,526,168
68728,227,111,116,41.5,69,158,37
68729,1791,984,807,45.4,457,1334,479
68730,2058,959,1099,48,476,1582,458
68731,3680,1817,1863,31.2,1013,2667,462
68732,135,62,73,59.4,26,109,46
68733,1153,559,594,44.9,225,928,269
68734,97,41,56,26.7,31,66,17
68735,891,474,417,39,282,609,159
68736,775,417,358,33.6,274,501,100
68739,2599,1397,1202,46.7,649,1950,610
68740,821,419,402,36.5,289,532,128
68741,703,348,355,41.4,185,518,112
68742,253,106,147,33.4,32,221,49
68743,685,319,366,32.8,250,435,112
68745,1528,710,818,37.1,417,1111,308
68746,262,143,119,65,18,244,131
68747,184,105,79,35.5,37,147,24
68748,2590,1230,1360,37.5,713,1877,440
68749,52,25,27,55.5,5,47,19
68751,62,33,29,53,5,57,20
68752,605,318,287,49.7,97,508,98
68753,63,36,27,62.4,16,47,29
68755,395,204,191,47.9,97,298,137
68756,1961,974,987,41.1,544,1417,473
68757,810,457,353,52.9,181,629,201
68758,1363,699,664,34.9,383,980,254
68759,419,224,195,30.7,146,273,35
68760,1210,582,628,38.3,366,844,232
68761,372,186,186,45.5,66,306,92
68763,4750,2333,2417,43.5,1170,3580,1097
68764,788,419,369,40.7,217,571,175
68765,1124,598,526,43,325,799,260
68766,393,201,192,28.2,180,213,36
68767,3490,1756,1734,40.3,797,2693,650
68768,690,354,336,43.4,122,568,139
68769,1778,889,889,39.6,504,1274,358
68770,1386,727,659,44,325,1061,364
68771,1544,791,753,39.3,416,1128,375
68773,148,90,58,63.6,10,138,20
68774,321,144,177,42.9,79,242,62
68776,15167,7487,7680,30.8,4569,10598,1861
68777,553,275,278,47.4,126,427,166
68778,674,344,330,49.3,155,519,152
68779,2306,1116,1190,40.6,572,1734,540
68780,917,451,466,37.2,227,690,148
68781,1680,931,749,42.4,426,1254,432
68783,927,480,447,54.9,165,762,242
68784,1715,880,835,37,529,1186,283
68785,208,127,81,48.1,36,172,20
68786,1039,431,608,38.2,330,709,241
68787,6980,3516,3464,26.3,1147,5833,1082
68788,4454,2349,2105,44.1,1044,3410,998
68789,79,37,42,57.3,14,65,27
68790,902,471,431,36.3,242,660,138
68791,1967,928,1039,36.8,470,1497,395
68792,328,180,148,53.5,57,271,103
68801,30277,15996,14281,32.9,8785,21492,3631
68803,25824,12752,13072,40.8,6551,19273,5203
68810,879,477,402,27.6,193,686,117
68812,637,378,259,37.3,211,426,102
68813,512,286,226,52.4,96,416,121
68814,914,463,451,39,202,712,185
68815,668,335,333,50.7,135,533,185
68816,120,85,35,40.7,40,80,22
68817,387,207,180,49.9,60,327,120
68818,5718,2803,2915,39.1,1536,4182,1134
68820,282,150,132,58.4,39,243,98
68821,83,39,44,71.4,11,72,57
68822,4644,2232,2412,41.5,1211,3433,955
68823,2148,1106,1042,47.8,441,1707,602
68824,1534,752,782,33.2,467,1067,194
68825,930,454,476,48.6,174,756,264
68826,3945,1890,2055,39.3,932,3013,808
68827,666,315,351,35.9,197,469,81
68828,191,120,71,59,8,183,80
68831,824,499,325,36.6,182,642,132
68832,2039,1014,1025,49.4,400,1639,319
68833,140,84,56,54.8,21,119,38
68834,180,103,77,49.8,32,148,53
68835,554,294,260,45.1,107,447,130
68836,1822,829,993,31.1,513,1309,208
68837,74,41,33,57.3,10,64,23
68838,222,108,114,65.1,15,207,120
68840,2950,1450,1500,39.3,758,2192,475
68841,739,364,375,38.4,205,534,105
68842,563,288,275,43.4,117,446,162
68843,779,412,367,50.3,154,625,149
68844,196,134,62,51.3,55,141,70
68845,21234,10524,10710,32.1,4711,16523,3300
68846,311,136,175,34.5,53,258,60
68847,17104,8856,8248,36.9,3916,13188,2868
68849,1324,473,851,19.5,0,1324,0
68850,12175,6551,5624,31.3,3860,8315,1263
68852,558,310,248,46.9,123,435,116
68853,1344,629,715,51.3,325,1019,415
68854,791,424,367,43.7,215,576,182
68855,324,177,147,50,52,272,104
68856,704,393,311,32.9,220,484,120
68858,390,200,190,37,124,266,90
68859,450,206,244,50.9,70,380,136
68860,266,152,114,49.8,46,220,83
68861,129,68,61,53.4,17,112,49
68862,2974,1501,1473,42.3,707,2267,693
68863,1360,681,679,41.1,356,1004,240
68864,1175,563,612,37.8,328,847,189
68865,923,530,393,49.8,123,800,230
68866,1002,519,483,38.4,276,726,192
68869,2157,1126,1031,44,420,1737,407
68870,602,341,261,34,204,398,84
68871,302,131,171,46.8,22,280,80
68872,857,409,448,47.8,169,688,158
68873,3497,1773,1724,42.3,889,2608,753
68874,709,337,372,50.2,124,585,169
68875,553,282,271,35.2,127,426,114
68876,1914,988,926,34.3,579,1335,261
68878,595,301,294,39.7,157,438,64
68879,383,214,169,33.6,103,280,85
68881,111,67,44,15.8,58,53,17
68882,395,204,191,44.2,120,275,89
68883,2539,1334,1205,39,649,1890,458
68901,26307,12886,13421,37,6368,19939,4706
68920,1397,775,622,48,328,1069,378
68922,1138,572,566,50.4,274,864,276
68923,124,60,64,33.3,40,84,15
68924,1426,738,688,36,422,1004,181
68925,449,239,210,42.4,109,340,120
68926,580,259,321,45.9,99,481,165
68927,1133,597,536,45.8,293,840,254
68928,346,153,193,50.1,86,260,88
68929,144,63,81,53.5,24,120,43
68930,1332,689,643,42.2,313,1019,274
68932,389,187,202,55.2,69,320,134
68933,903,435,468,40.5,218,685,202
68934,135,86,49,50.2,28,107,13
68935,726,405,321,36.2,228,498,158
68936,218,109,109,55.9,34,184,89
68937,1827,938,889,55,267,1560,580
68938,490,269,221,47.6,77,413,112
68939,1016,478,538,49.4,187,829,301
68940,503,272,231,35.1,195,308,71
68941,779,435,344,44.2,209,570,69
68942,527,296,231,31,216,311,63
68943,245,130,115,60.7,30,215,109
68944,1307,636,671,38,346,961,257
68945,195,87,108,24,40,155,37
68946,29,10,19,39.8,5,24,8
68947,607,333,274,41.9,135,472,178
68948,366,177,189,55,73,293,107
68949,6606,3300,3306,41,1380,5226,1448
68950,289,165,124,55,33,256,65
68952,95,48,47,61,0,95,34
68954,20,14,6,76.3,0,20,20
68955,2208,1074,1134,39,655,1553,359
68956,1127,616,511,47.8,227,900,238
68957,476,253,223,54.6,78,398,111
68958,620,336,284,36.6,211,409,122
68959,3888,1861,2027,38.8,1006,2882,884
68960,189,96,93,55.7,34,155,60
68961,543,281,262,57.6,61,482,160
68964,115,57,58,33.4,47,68,18
68966,460,222,238,55,95,365,141
68967,1150,630,520,39.1,301,849,178
68970,1235,625,610,49.2,222,1013,338
68971,377,208,169,56.8,61,316,131
68972,287,167,120,45.5,78,209,54
68973,456,254,202,38.6,153,303,91
68974,279,126,153,48.4,29,250,99
68975,93,56,37,39,13,80,20
68976,224,143,81,35.3,58,166,18
68977,319,151,168,44.6,81,238,87
68978,2449,1194,1255,48.3,508,1941,651
68979,1606,769,837,44.5,316,1290,379
68980,457,239,218,30.8,161,296,45
68981,214,105,109,39.9,37,177,36
68982,636,339,297,42.9,115,521,96
69001,8926,4412,4514,41.5,1885,7041,1910
69020,652,313,339,44.3,206,446,87
69021,1273,643,630,41.9,286,987,297
69022,1673,849,824,49,355,1318,469
69023,425,157,268,39.1,143,282,31
69024,1163,607,556,38.4,323,840,248
69025,1009,498,511,34.5,188,821,188
69026,208,73,135,40.6,88,120,21
69027,25,15,10,62.7,0,25,10
69028,678,381,297,52.6,157,521,188
69029,397,204,193,37.8,86,311,111
69030,241,112,129,35.1,81,160,34
69032,499,255,244,54.8,85,414,110
69033,2582,1223,1359,41.8,608,1974,627
69034,959,453,506,31.5,277,682,207
69036,89,64,25,55.4,10,79,17
69037,194,112,82,45.1,49,145,11
69038,437,245,192,43.6,101,336,102
69039,85,39,46,65.3,11,74,45
69040,641,327,314,40.9,149,492,141
69041,58,52,6,63.5,0,58,15
69042,1,0,1,-,0,1,1
69043,463,222,241,55.6,90,373,145
69044,621,323,298,52.9,125,496,200
69045,797,399,398,54.6,162,635,300
69046,153,100,53,69.5,10,143,92
69101,28136,14149,13987,42,6466,21670,5656
69120,1181,595,586,36.6,364,817,225
69121,353,191,162,47.1,106,247,100
69122,701,359,342,48.1,137,564,193
69123,863,389,474,48.6,193,670,261
69125,245,148,97,44.3,26,219,49
69127,796,426,370,59.5,153,643,299
69128,375,230,145,44.9,70,305,132
69129,1213,615,598,52.2,168,1045,312
69130,5079,2374,2705,44.9,1085,3994,1364
69131,679,344,335,49.5,141,538,190
69132,118,47,71,31.5,33,85,24
69133,405,243,162,44.6,90,315,85
69134,407,220,187,37.8,111,296,105
69135,0,0,0,-,0,0,0
69138,4111,2198,1913,41.3,1063,3048,764
69140,1701,892,809,41.7,418,1283,394
69141,412,201,211,55.6,95,317,108
69142,117,66,51,32.1,42,75,6
69143,1778,942,836,43.1,400,1378,335
69144,199,70,129,54.4,37,162,49
69145,2642,1320,1322,49.6,493,2149,684
69146,196,138,58,66.4,6,190,111
69147,449,227,222,63.2,56,393,205
69148,53,23,30,81.4,3,50,29
69149,729,367,362,46.6,156,573,195
69150,395,199,196,31.3,135,260,80
69151,861,405,456,38.2,286,575,132
69152,776,399,377,41,182,594,158
69153,6007,2998,3009,48.6,1234,4773,1582
69154,1180,545,635,39.1,309,871,326
69155,1082,541,541,36.8,276,806,162
69156,649,322,327,48.8,122,527,145
69157,117,61,56,57.2,25,92,40
69161,58,25,33,66.4,0,58,37
69162,7260,3620,3640,39.2,1696,5564,1360
69163,906,490,416,45.1,257,649,191
69165,1781,846,935,43.4,354,1427,378
69166,629,262,367,45.6,119,510,182
69167,360,190,170,52,72,288,90
69168,229,118,111,44.6,44,185,70
69169,504,271,233,45.3,93,411,130
69170,299,118,181,34.8,76,223,64
69171,0,0,0,-,0,0,0
69201,3912,1988,1924,38.7,977,2935,788
69210,2118,1043,1075,45.8,402,1716,602
69211,329,182,147,43.1,64,265,63
69212,283,88,195,39.2,117,166,39
69214,186,114,72,38.2,45,141,51
69216,219,98,121,45.4,45,174,28
69217,440,204,236,51.8,100,340,128
69218,407,207,200,42.3,95,312,132
69219,47,26,21,70.6,0,47,33
69220,44,16,28,45.5,16,28,11
69221,85,35,50,61.3,8,77,32
69301,9677,4920,4757,40.7,2453,7224,1799
69331,23,11,12,51.9,0,23,5
69333,254,118,136,38.5,58,196,46
69334,2244,1149,1095,41.2,473,1771,470
69335,58,25,33,47.6,17,41,5
69336,2218,1221,997,38.8,566,1652,479
69337,6552,3137,3415,31,1150,5402,1089
69339,1432,666,766,50,321,1111,397
69340,30,19,11,66.4,0,30,21
69341,10707,5304,5403,37,2895,7812,1966
69343,2494,1300,1194,45.7,540,1954,599
69345,458,235,223,47.5,118,340,117
69346,522,260,262,43.1,135,387,152
69347,1381,685,696,44.7,316,1065,308
69348,1167,608,559,42.7,277,890,261
69350,328,177,151,42.5,60,268,73
69351,197,96,101,60.2,22,175,77
69352,706,445,261,44.6,136,570,180
69353,69,52,17,57.4,7,62,30
69354,87,43,44,62.4,0,87,30
69355,163,70,93,57.8,25,138,44
69356,2162,1138,1024,40.9,538,1624,394
69357,3510,1668,1842,43.1,818,2692,593
69358,1888,875,1013,51.6,368,1520,308
69360,1284,619,665,41.8,331,953,366
69361,17231,8143,9088,38.5,4194,13037,3715
69365,21,12,9,-,0,21,12
69366,317,189,128,38,98,219,50
69367,161,82,79,61.8,2,159,62
70001,40071,20057,20014,40.2,8526,31545,7437
70002,19195,9605,9590,38.6,3977,15218,3994
70003,40529,20071,20458,45.7,7024,33505,8857
70005,23555,11320,12235,45.4,4359,19196,5993
70006,15379,7138,8241,43.1,3269,12110,3616
70030,3820,1900,1920,39.1,804,3016,682
70031,1392,569,823,43.9,375,1017,392
70032,4296,2248,2048,40.5,934,3362,735
70036,772,407,365,49.4,164,608,168
70037,17071,8857,8214,35.8,4454,12617,2235
70038,14,0,14,-,0,14,14
70039,2240,1222,1018,39.1,599,1641,342
70040,963,497,466,50.2,143,820,229
70041,2588,1238,1350,39.9,619,1969,346
70043,22192,10947,11245,34.6,5803,16389,2549
70047,13467,6785,6682,39.4,3178,10289,2157
70049,1154,565,589,56.1,224,930,367
70050,18,18,0,-,0,18,0
70051,1858,738,1120,41.6,486,1372,323
70052,3003,1421,1582,41.3,682,2321,394
70053,16743,8466,8277,38.3,3532,13211,2534
70056,42627,20488,22139,34.5,12453,30174,4898
70057,4564,2466,2098,43.1,776,3788,682
70058,40856,20745,20111,38,10321,30535,5853
70062,16930,7788,9142,38.3,4273,12657,2788
70065,50210,23698,26512,38.7,11153,39057,8923
70067,3075,1724,1351,36.5,824,2251,410
70068,33371,16327,17044,37.4,8428,24943,4469
70070,14207,6822,7385,37.6,3892,10315,1718
70071,3181,1785,1396,50.4,587,2594,922
70072,55332,26593,28739,40.2,12114,43218,9003
70075,5112,2573,2539,37.1,1290,3822,552
70076,89,47,42,50.9,0,89,42
70079,2809,1428,1381,38.9,608,2201,395
70080,685,318,367,39.3,133,552,58
70082,429,308,121,54.2,51,378,9
70083,2155,1201,954,38.1,501,1654,260
70084,5832,3324,2508,41.9,1158,4674,1007
70085,5085,2629,2456,32.5,1396,3689,777
70086,1756,849,907,40.8,328,1428,360
70087,7238,3367,3871,37.3,1829,5409,960
70090,7513,3455,4058,39.7,1488,6025,1322
70091,286,177,109,32.6,65,221,31
70092,7134,3130,4004,40,2066,5068,782
70094,31405,15216,16189,38.6,7440,23965,5069
70112,4310,1832,2478,34.2,1013,3297,384
70113,9613,5159,4454,39,1919,7694,1155
70114,22010,9817,12193,41.1,4427,17583,4213
70115,33069,16405,16664,39.6,5861,27208,5510
70116,10482,5796,4686,44.3,1233,9249,2428
70117,25888,12710,13178,40.5,4563,21325,3972
70118,36800,16595,20205,32.3,5350,31450,5334
70119,36028,18413,17615,37.8,5454,30574,5622
70121,10956,5170,5786,44.2,1843,9113,2137
70122,35147,15584,19563,40.4,7169,27978,5992
70123,27633,13266,14367,42.3,4812,22821,5935
70124,20212,9800,10412,38.7,4578,15634,3458
70125,18475,8229,10246,34.3,3739,14736,2720
70126,30154,13664,16490,33.7,8144,22010,3986
70127,26153,12752,13401,35.2,6371,19782,3612
70128,22538,9506,13032,38,5325,17213,3652
70129,10314,4767,5547,38.3,2836,7478,1856
70130,13202,6664,6538,38.3,1778,11424,2152
70131,25749,11926,13823,40.9,4968,20781,4373
70139,0,0,0,-,0,0,0
70148,264,69,195,20.7,0,264,0
70163,0,0,0,-,0,0,0
70301,47429,23619,23810,36.5,10970,36459,7796
70310,374,148,226,19.2,6,368,0
70339,4769,2292,2477,48.4,822,3947,1129
70340,132,66,66,-,0,132,0
70341,3848,1849,1999,46,823,3025,773
70342,4786,2287,2499,34.6,1441,3345,610
70343,5118,2440,2678,46.6,1238,3880,895
70344,5306,2937,2369,37.5,1248,4058,974
70345,8692,4105,4587,41.2,2090,6602,1632
70346,9347,4478,4869,35.7,2673,6674,1844
70352,398,215,183,41.5,50,348,23
70353,768,488,280,45.2,163,605,219
70354,4015,2094,1921,41.8,876,3139,640
70355,1331,752,579,35,313,1018,231
70356,1634,844,790,51.7,306,1328,553
70357,2880,1399,1481,43,577,2303,479
70358,903,492,411,51,168,735,166
70359,9843,4568,5275,30.7,2666,7177,1117
70360,28470,14195,14275,37.4,7408,21062,4732
70363,24886,12080,12806,35.7,6762,18124,3692
70364,29691,14393,15298,35.3,7421,22270,3278
70372,1967,971,996,50.1,251,1716,523
70373,5845,2966,2879,41.5,1256,4589,892
70374,6498,3173,3325,41.2,1455,5043,1294
70375,133,72,61,42.8,31,102,38
70377,3762,2090,1672,45.9,750,3012,537
70380,20877,10699,10178,41.1,4974,15903,3676
70390,7336,3490,3846,33.5,1899,5437,1062
70391,101,34,67,-,34,67,0
70392,8395,3795,4600,34.4,2354,6041,1202
70393,151,61,90,33.6,55,96,17
70394,14491,7046,7445,43.4,3112,11379,2034
70395,3788,1905,1883,41.2,575,3213,702
70397,1046,438,608,50.8,229,817,266
70401,20748,9888,10860,28.6,4993,15755,2323
70402,1943,843,1100,19.6,0,1943,0
70403,31483,14977,16506,34.9,8168,23315,4075
70420,8391,4049,4342,39.4,1759,6632,1615
70422,13048,6314,6734,41.3,2781,10267,2463
70426,5912,3584,2328,41.9,1024,4888,1200
70427,17894,8911,8983,40.2,4174,13720,3232
70431,5378,2771,2607,46.8,947,4431,1524
70433,40598,19482,21116,40.5,8938,31660,7762
70435,20098,9739,10359,41.1,4314,15784,3715
70436,339,208,131,49.8,81,258,30
70437,7402,3409,3993,50.1,1301,6101,1636
70438,20345,9888,10457,39.9,4924,15421,3733
70441,6093,3039,3054,41.5,1187,4906,1237
70442,346,166,180,33.9,129,217,27
70443,8139,3745,4394,37.1,2318,5821,1125
70444,9883,4774,5109,42,2091,7792,1659
70445,9391,5291,4100,50.4,1747,7644,2070
70446,7208,3511,3697,34.1,2022,5186,781
70447,17400,8778,8622,36.9,5388,12012,1645
70448,26364,12922,13442,38.9,6384,19980,4223
70449,2985,1635,1350,48.2,453,2532,388
70450,2332,1039,1293,44.9,555,1777,427
70451,69,69,0,-,0,69,0
70452,13281,7174,6107,44.3,3154,10127,2307
70453,1235,686,549,48.6,263,972,234
70454,32111,16343,15768,39,7899,24212,5856
70455,2006,1199,807,53.8,243,1763,482
70456,2389,1158,1231,36.2,702,1687,327
70457,169,145,24,23,0,169,26
70458,39555,18790,20765,39.8,9450,30105,7761
70460,21843,10102,11741,38.1,5287,16556,3643
70461,32229,15978,16251,39,8020,24209,4524
70462,4884,2294,2590,47.4,703,4181,1062
70463,104,46,58,68.4,21,83,58
70464,184,54,130,36.4,60,124,55
70465,638,306,332,23.9,265,373,36
70466,10435,5356,5079,33.6,2340,8095,1380
70471,23425,11636,11789,43.8,5862,17563,4687
70501,27379,12967,14412,37,5958,21421,4439
70503,29469,15141,14328,37.6,6129,23340,5025
70506,39926,19372,20554,35.4,8167,31759,6597
70507,18777,9114,9663,36.8,4705,14072,2455
70508,39962,19616,20346,37,9366,30596,5855
70510,23864,11248,12616,39.3,5814,18050,4113
70512,10140,5109,5031,38.1,2622,7518,1450
70513,90,40,50,51.5,24,66,12
70514,1979,1085,894,37.7,187,1792,267
70515,4314,2094,2220,32.2,1201,3113,412
70516,1244,524,720,34.8,348,896,183
70517,26453,12698,13755,37.3,6926,19527,3820
70518,15991,8416,7575,34.5,4135,11856,1505
70519,40,40,0,-,0,40,0
70520,20619,10070,10549,37.4,5444,15175,3071
70522,168,21,147,28.8,0,168,17
70523,360,192,168,34.5,100,260,12
70524,239,138,101,52.4,22,217,28
70525,14689,7347,7342,36.8,3837,10852,2101
70526,17332,8772,8560,38.2,4439,12893,3149
70528,2633,1215,1418,43.9,609,2024,490
70529,13329,6344,6985,38,2954,10375,1766
70531,1534,637,897,36.3,352,1182,111
70532,2541,1104,1437,40.1,584,1957,514
70533,7356,3808,3548,37.4,2013,5343,958
70534,737,378,359,31.5,202,535,112
70535,16892,8147,8745,36.7,4638,12254,2594
70537,207,112,95,49.3,18,189,16
70538,13342,6456,6886,41.4,3001,10341,2844
70541,767,407,360,56.6,102,665,125
70542,3338,1583,1755,41.5,534,2804,668
70543,4162,2006,2156,37.7,1039,3123,429
70544,10612,4869,5743,40.1,2591,8021,2102
70546,16526,8200,8326,36,4731,11795,2972
70548,9202,4511,4691,40.1,2214,6988,1657
70549,3208,1573,1635,39,669,2539,510
70550,38,38,0,-,0,38,38
70551,728,313,415,28.4,309,419,29
70552,1069,569,500,32.5,295,774,100
70554,5128,2581,2547,38.8,1501,3627,887
70555,8745,4487,4258,35.9,2216,6529,1218
70556,644,241,403,62.6,67,577,295
70558,24,2,22,-,0,24,2
70559,3047,1630,1417,28.8,1074,1973,333
70560,37763,18543,19220,35.4,9906,27857,5608
70563,19873,10203,9670,40.6,4955,14918,3231
70570,38498,18164,20334,37.3,10125,28373,6681
70575,60,44,16,24.3,18,42,0
70576,1386,837,549,36.2,277,1109,290
70577,3988,1921,2067,40.4,1041,2947,625
70578,16937,8395,8542,37.5,4353,12584,2440
70580,130,113,17,46.9,0,130,0
70581,1021,410,611,49.1,88,933,154
70582,19497,9882,9615,41.9,3973,15524,3628
70583,9326,4752,4574,40.8,2005,7321,1294
70584,6965,3411,3554,33.9,1977,4988,902
70585,252,140,112,35.8,74,178,53
70586,19474,9851,9623,37.5,4922,14552,3149
70589,3208,1579,1629,34.3,873,2335,440
70591,5313,2735,2578,36.3,1431,3882,548
70592,29682,13735,15947,33.6,9506,20176,2291
70601,32936,15813,17123,37,6837,26099,5714
70605,40870,19331,21539,34.9,10971,29899,6072
70607,28165,14575,13590,34.8,6427,21738,3902
70609,473,184,289,19.7,0,473,0
70611,20383,10861,9522,41.4,4826,15557,3373
70615,14204,7260,6944,39.4,3333,10871,2032
70629,0,0,0,-,0,0,0
70630,2028,1037,991,43.4,428,1600,249
70631,386,196,190,42,66,320,85
70632,225,115,110,53.3,6,219,78
70633,8373,4508,3865,36.7,2496,5877,1076
70634,25441,12740,12701,37.5,6365,19076,4013
70637,1046,626,420,42.3,318,728,25
70638,1156,531,625,34.1,390,766,47
70639,539,316,223,56.6,102,437,115
70640,185,70,115,59,20,165,39
70643,202,102,100,54.5,18,184,61
70644,319,206,113,57.6,6,313,94
70645,988,545,443,52.2,222,766,178
70646,515,232,283,30.6,162,353,32
70647,11770,5898,5872,37.6,2920,8850,1716
70648,7364,4181,3183,38.8,1636,5728,1202
70650,157,57,100,54.7,0,157,12
70651,39,0,39,-,0,39,18
70652,2092,1143,949,38.5,535,1557,523
70653,3528,1971,1557,37.2,926,2602,571
70654,170,49,121,31.2,74,96,49
70655,2760,1253,1507,29.9,860,1900,482
70656,3143,1740,1403,41.6,874,2269,620
70657,4594,2300,2294,40,930,3664,619
70658,766,390,376,37.1,150,616,58
70659,1473,669,804,32.8,290,1183,259
70660,2185,1074,1111,36,674,1511,182
70661,1598,665,933,49.6,379,1219,420
70662,540,352,188,35.8,94,446,126
70663,30299,14431,15868,37.1,8298,22001,4712
70665,12405,5968,6437,35.7,3646,8759,1835
70668,6488,3280,3208,35.3,1880,4608,749
70669,9640,4819,4821,40,2168,7472,1779
70706,22172,11193,10979,36,5792,16380,2674
70710,6779,3255,3524,30.1,2073,4706,485
70711,5322,2948,2374,34.6,1498,3824,905
70712,3897,3741,156,49.1,102,3795,668
70714,17817,8653,9164,35.7,4221,13596,2556
70715,1227,619,608,35.2,384,843,171
70719,3983,1993,1990,36.8,771,3212,694
70721,484,322,162,30.2,122,362,44
70722,5100,2699,2401,43.5,1049,4051,1025
70723,1103,568,535,33.8,354,749,157
70725,725,352,373,59.2,26,699,54
70726,60707,28267,32440,35.6,16411,44296,8174
70729,1027,605,422,32,366,661,66
70730,3324,1428,1896,46.5,677,2647,700
70732,1164,547,617,43.7,284,880,271
70733,1413,810,603,39.3,312,1101,200
70734,9775,4910,4865,34.8,2939,6836,460
70736,724,531,193,31.1,264,460,143
70737,45958,22838,23120,37.5,10621,35337,6703
70739,13654,7515,6139,39.2,3279,10375,2164
70740,982,460,522,37,240,742,181
70743,706,330,376,32.6,322,384,10
70744,5842,2932,2910,41.5,1521,4321,1008
70747,252,95,157,60.6,49,203,107
70748,7351,4772,2579,41.8,837,6514,1144
70749,1258,616,642,42.8,282,976,372
70750,1398,662,736,42.3,337,1061,270
70752,661,330,331,56.1,86,575,150
70753,939,522,417,54.4,279,660,329
70754,12483,6558,5925,34.1,3187,9296,1509
70755,1686,833,853,45.5,305,1381,259
70756,747,449,298,14.9,432,315,85
70757,1880,868,1012,48.4,206,1674,381
70759,1385,574,811,43,298,1087,359
70760,6663,3417,3246,42.2,1138,5525,1383
70761,358,171,187,59.8,47,311,53
70762,804,345,459,32.5,210,594,129
70763,4584,2118,2466,40.1,1159,3425,708
70764,15578,7229,8349,42.1,3840,11738,2886
70767,15647,7733,7914,40.9,3200,12447,2658
70769,48856,24214,24642,34.6,14221,34635,4872
70770,3246,1485,1761,54,468,2778,812
70772,1197,680,517,29.5,213,984,155
70773,0,0,0,-,0,0,0
70774,10335,5075,5260,38,2602,7733,1678
70775,11073,6561,4512,37.7,2367,8706,1691
70776,5826,3587,2239,36.6,549,5277,628
70777,4365,2326,2039,35.5,1049,3316,837
70778,3270,1676,1594,37.5,640,2630,345
70780,980,503,477,52.7,127,853,138
70782,82,29,53,32.5,7,75,20
70783,2290,1008,1282,56.9,219,2071,480
70785,22804,11621,11183,37.4,5617,17187,3339
70786,0,0,0,-,0,0,0
70787,229,127,102,44.6,0,229,45
70788,4076,2031,2045,36.3,1075,3001,786
70789,778,282,496,47.8,140,638,143
70791,30458,16133,14325,36.9,8017,22441,4518
70801,274,90,184,34.3,0,274,9
70802,24701,12296,12405,32,3989,20712,3520
70803,3281,1120,2161,19,0,3281,0
70805,24050,12067,11983,35,6193,17857,3068
70806,29532,13464,16068,34.3,7120,22412,4552
70807,16012,8477,7535,33.9,3528,12484,2285
70808,36716,16806,19910,31.6,6356,30360,5985
70809,26684,13018,13666,37.6,4862,21822,4191
70810,42219,20424,21795,36.3,9519,32700,7117
70811,13359,5534,7825,39.1,2876,10483,2349
70812,11011,5133,5878,35.5,3531,7480,1464
70813,1994,714,1280,19.2,68,1926,0
70814,11092,5801,5291,39.8,2556,8536,1742
70815,31423,14144,17279,32.9,8854,22569,4342
70816,44610,21739,22871,33.1,10410,34200,6486
70817,33478,15959,17519,40,7903,25575,6440
70818,10155,4169,5986,35.7,3128,7027,1333
70819,3983,1971,2012,38,1004,2979,626
70820,22540,10085,12455,22.9,2887,19653,847
70825,0,0,0,-,0,0,0
70836,256,29,227,36.1,0,256,39
71001,4120,1787,2333,42.3,804,3316,924
71002,155,87,68,54.9,15,140,40
71003,663,337,326,53.4,134,529,176
71004,438,212,226,41.5,112,326,84
71006,15400,7483,7917,41.7,4085,11315,2586
71007,1277,631,646,48,310,967,218
71008,373,204,169,41.4,79,294,104
71009,71,47,24,72.4,7,64,39
71016,1463,708,755,34.8,461,1002,226
71018,1221,488,733,32.7,378,843,171
71019,7593,3828,3765,37.2,1784,5809,1486
71021,501,249,252,42.8,134,367,94
71023,2961,1632,1329,48.6,539,2422,761
71024,1152,545,607,37.2,230,922,201
71027,986,527,459,47.3,168,818,218
71028,1496,743,753,39.8,269,1227,325
71029,170,83,87,60.3,18,152,71
71030,1285,650,635,36.8,268,1017,247
71031,767,419,348,60.1,157,610,323
71032,2474,1276,1198,45.4,502,1972,400
71033,3445,1655,1790,54.3,555,2890,1029
71034,250,143,107,37.4,68,182,25
71037,22090,10638,11452,37.1,5690,16400,3320
71038,3951,1910,2041,49.5,767,3184,1090
71039,2338,993,1345,32.3,788,1550,229
71040,7996,4739,3257,38.4,1424,6572,1389
71043,402,175,227,49.5,58,344,77
71044,704,376,328,41,183,521,142
71045,734,414,320,41.3,104,630,117
71046,907,432,475,40.6,200,707,234
71047,11403,5523,5880,42.1,2685,8718,2008
71048,130,105,25,65.5,10,120,65
71049,3614,1764,1850,36.3,1073,2541,752
71051,2383,1331,1052,43,546,1837,342
71052,9023,4195,4828,39.6,1891,7132,1686
71055,17894,8707,9187,40.6,3871,14023,3781
71060,2415,1171,1244,48.3,546,1869,527
71061,1859,895,964,35.4,486,1373,281
71063,575,327,248,38,93,482,80
71064,3719,1705,2014,50.7,435,3284,956
71065,759,356,403,43.7,188,571,149
71066,19,13,6,14.6,11,8,0
71067,3221,1302,1919,34.6,981,2240,407
71068,3453,1569,1884,46.1,849,2604,797
71069,485,232,253,47.3,101,384,132
71070,1299,611,688,53.2,296,1003,342
71071,2149,1133,1016,45.7,484,1665,347
71072,1424,723,701,48.6,321,1103,349
71073,2545,1395,1150,33.4,740,1805,390
71075,5737,2706,3031,46.2,1302,4435,1273
71078,7673,3806,3867,36.8,2180,5493,1136
71079,229,62,167,19.9,62,167,30
71082,3871,2118,1753,33.8,877,2994,775
71101,6200,3241,2959,51.8,900,5300,1667
71103,6582,3383,3199,44.6,1206,5376,1804
71104,12264,5994,6270,34.2,2826,9438,1614
71105,19705,8859,10846,37.9,3407,16298,3713
71106,33470,15965,17505,39.7,8154,25316,6307
71107,33632,15782,17850,36.1,8843,24789,4955
71108,19979,8451,11528,30.1,6005,13974,2269
71109,17971,7966,10005,37.3,4297,13674,3118
71110,3080,1846,1234,24.4,742,2338,37
71111,42953,22008,20945,35.2,10871,32082,6088
71112,33084,16162,16922,36.1,7742,25342,5189
71115,14094,6578,7516,39.4,2524,11570,3082
71118,25193,12504,12689,36.4,7043,18150,3883
71119,10561,5405,5156,48,2067,8494,2393
71129,12958,6290,6668,38.5,3211,9747,2265
71201,20817,9699,11118,39.1,5136,15681,3384
71202,26680,13578,13102,35,7461,19219,3552
71203,40063,19549,20514,33.5,9972,30091,5562
71209,1399,442,957,20.4,0,1399,0
71212,0,0,0,-,0,0,0
71218,0,0,0,-,0,0,0
71219,894,430,464,52.3,124,770,332
71220,20973,10167,10806,38.6,5120,15853,3616
71222,2801,1441,1360,47.3,507,2294,646
71223,407,203,204,53.5,60,347,93
71225,7827,4046,3781,39.1,1944,5883,925
71226,2134,1007,1127,38.8,412,1722,388
71227,3891,2043,1848,38.6,1093,2798,747
71229,1588,893,695,50.1,74,1514,363
71230,0,0,0,-,0,0,0
71232,5770,2819,2951,41.4,1320,4450,1090
71233,174,92,82,21.1,69,105,22
71234,5069,2360,2709,32.7,1494,3575,795
71235,4206,2162,2044,44.9,886,3320,987
71237,1260,739,521,37.1,295,965,248
71238,2305,1103,1202,45,452,1853,478
71241,8045,4197,3848,51.6,1476,6569,2149
71242,67,38,29,19.3,31,36,0
71243,203,114,89,45.3,58,145,33
71245,4233,2344,1889,22.1,726,3507,393
71247,1243,578,665,38,356,887,271
71250,53,32,21,62.5,5,48,15
71251,7555,3987,3568,41.7,1436,6119,1552
71253,367,168,199,70.2,27,340,228
71254,6772,3857,2915,33.5,1607,5165,1043
71256,641,319,322,37.7,263,378,64
71259,1728,814,914,44.3,295,1433,487
71260,2931,1381,1550,42.4,709,2222,621
71261,1302,558,744,52.6,305,997,408
71263,6443,3181,3262,42.5,1380,5063,1244
71264,1022,490,532,35.6,327,695,206
71266,1786,771,1015,32.7,532,1254,226
71268,2368,1188,1180,47.7,521,1847,545
71269,12865,6467,6398,37.3,3279,9586,1985
71270,33112,15577,17535,27.8,6846,26266,4126
71272,1900,1178,722,19.8,5,1895,0
71275,2403,1209,1194,49,361,2042,495
71276,177,88,89,42.8,37,140,28
71277,1863,746,1117,40.1,400,1463,301
71279,88,29,59,30.4,29,59,0
71280,4965,2235,2730,37.3,1503,3462,994
71282,9402,4489,4913,36.3,2385,7017,1510
71286,379,155,224,50,31,348,87
71291,34606,16488,18118,38.4,7217,27389,6522
71292,21939,10520,11419,40.8,5320,16619,3445
71295,14331,6893,7438,36.7,3748,10583,2405
71301,19165,9331,9834,38.3,4514,14651,3160
71302,13559,6265,7294,35.5,3579,9980,2016
71303,23505,11007,12498,37.5,5399,18106,4004
71316,60,32,28,69.1,0,60,31
71320,67,28,39,62.4,0,67,19
71322,5423,2410,3013,57.1,1069,4354,1610
71323,1156,587,569,36.5,433,723,249
71325,1518,611,907,36.5,345,1173,296
71326,718,317,401,56.3,118,600,214
71327,5726,3334,2392,34.8,1120,4606,375
71328,7923,3796,4127,36.8,2296,5627,1381
71330,37,18,19,-,0,37,0
71331,897,402,495,41.8,193,704,70
71333,756,469,287,34.8,106,650,160
71334,10165,4850,5315,35.9,2540,7625,1564
71336,1459,713,746,46.4,268,1191,405
71339,0,0,0,-,0,0,0
71340,1922,1367,555,35.1,215,1707,144
71341,2990,1543,1447,34.3,855,2135,446
71342,7417,3895,3522,39.7,1556,5861,1460
71343,6383,3052,3331,39.4,1652,4731,1305
71345,0,0,0,-,0,0,0
71346,2360,1228,1132,47.1,368,1992,483
71350,4510,1876,2634,39.8,878,3632,773
71351,12036,6407,5629,34.3,3154,8882,1934
71353,1668,901,767,40.1,429,1239,287
71354,1396,841,555,38.5,242,1154,176
71355,2140,931,1209,41.7,567,1573,331
71356,539,375,164,35,107,432,93
71357,1481,664,817,51.9,304,1177,400
71358,953,506,447,41.7,152,801,246
71359,367,367,0,20,0,367,0
71360,35832,17474,18358,37.9,9225,26607,5781
71362,1848,803,1045,48.2,437,1411,436
71366,1507,774,733,47.8,340,1167,413
71367,1562,853,709,44.3,261,1301,247
71368,1232,567,665,41.9,347,885,177
71369,2178,958,1220,41.7,520,1658,399
71371,2192,1070,1122,34.3,551,1641,311
71373,5583,2901,2682,42.4,1284,4299,1328
71375,1139,510,629,37.8,261,878,264
71378,2178,920,1258,48.2,537,1641,456
71401,24,11,13,-,0,24,0
71403,3864,1999,1865,42.4,809,3055,781
71404,678,313,365,44.5,94,584,83
71405,5823,3052,2771,33.1,1486,4337,895
71406,175,66,109,46.8,46,129,26
71407,1287,611,676,46.9,360,927,160
71409,5449,2778,2671,47.6,1145,4304,844
71410,65,14,51,36.3,20,45,8
71411,2653,1318,1335,43.7,523,2130,454
71414,327,195,132,25.9,70,257,82
71415,255,141,114,53.2,29,226,40
71416,1012,430,582,47.5,246,766,256
71417,4943,2752,2191,40.1,1027,3916,913
71418,5363,2990,2373,36.4,1252,4111,970
71419,1770,843,927,46.4,257,1513,504
71422,1670,760,910,36.1,451,1219,286
71423,4631,2524,2107,39.7,1113,3518,741
71424,1398,772,626,28.2,551,847,154
71425,24,10,14,-,14,10,0
71426,153,73,80,51.6,22,131,54
71427,338,102,236,33.7,103,235,55
71428,0,0,0,-,0,0,0
71429,2850,1410,1440,46.4,712,2138,553
71430,2491,1166,1325,39,781,1710,379
71432,847,382,465,38.7,258,589,177
71433,3927,2095,1832,37.8,870,3057,488
71434,47,19,28,62.4,5,42,18
71435,3672,1769,1903,43.8,819,2853,811
71438,1150,604,546,51.3,142,1008,263
71439,2061,994,1067,29,619,1442,297
71441,806,461,345,43.1,277,529,102
71446,22152,11144,11008,37.3,5186,16966,3578
71447,1071,517,554,44.2,268,803,318
71449,9084,4433,4651,43,1957,7127,1977
71450,807,276,531,52.3,257,550,224
71452,156,97,59,28.4,44,112,34
71454,2570,1195,1375,41.7,438,2132,504
71455,205,47,158,12.1,144,61,17
71456,949,603,346,57.2,116,833,232
71457,25608,12349,13259,32.2,6230,19378,3940
71459,10402,6085,4317,23,3121,7281,29
71461,2197,1042,1155,35.8,541,1656,347
71462,1557,897,660,40.1,383,1174,310
71463,9312,5567,3745,40,1835,7477,1588
71465,3509,1818,1691,33.7,736,2773,405
71466,421,253,168,32.4,112,309,148
71467,8421,5424,2997,36.5,1410,7011,1097
71468,514,242,272,59.5,50,464,254
71469,2684,1493,1191,37.5,561,2123,524
71472,138,50,88,26.6,43,95,0
71473,482,267,215,28,66,416,121
71474,368,173,195,43.5,65,303,50
71475,14,7,7,31.5,7,7,0
71479,592,339,253,32.3,206,386,70
71480,1219,953,266,39.5,147,1072,120
71483,9636,5318,4318,40.2,1941,7695,1603
71485,3046,1388,1658,32.5,875,2171,423
71486,5232,2627,2605,37,1394,3838,1002
71497,1392,436,956,19.5,0,1392,0
71601,13550,6352,7198,33.3,2718,10832,2177
71602,15573,7721,7852,38.3,3919,11654,2323
71603,30604,15173,15431,40.7,6422,24182,6003
71630,510,276,234,52.4,80,430,96
71631,579,369,210,51.2,118,461,137
71635,10481,4868,5613,44,2293,8188,2497
71638,3294,1758,1536,45.2,635,2659,750
71639,5285,2378,2907,38.6,1307,3978,926
71640,2533,1228,1305,49,562,1971,548
71642,1099,592,507,46.5,371,728,228
71643,5389,4868,521,41,102,5287,400
71644,418,186,232,66.4,81,337,218
71646,6405,3150,3255,38.6,1665,4740,1000
71647,1431,610,821,35.4,461,970,312
71651,47,37,10,60.8,0,47,21
71652,961,395,566,37.1,332,629,99
71653,4640,2256,2384,42.5,1074,3566,1022
71654,4459,2351,2108,37.6,1296,3163,772
71655,14296,6886,7410,37.3,3050,11246,2527
71658,447,230,217,46.5,90,357,71
71659,10,10,0,-,0,10,0
71660,852,403,449,44.8,148,704,123
71661,164,79,85,28.5,45,119,29
71662,58,34,24,22.8,0,58,0
71663,626,340,286,44.3,147,479,125
71665,5191,2352,2839,45.2,949,4242,1209
71666,0,0,0,-,0,0,0
71667,7020,3194,3826,37.5,1736,5284,1349
71670,1056,452,604,47.9,212,844,306
71671,8852,4248,4604,40.3,2124,6728,1525
71674,570,267,303,56.1,92,478,196
71675,1612,730,882,40.6,392,1220,269
71676,550,219,331,59.1,53,497,171
71677,91,42,49,44.9,0,91,20
71678,0,0,0,-,0,0,0
71701,18102,8910,9192,38.7,4287,13815,3533
71720,2192,1063,1129,53.2,424,1768,408
71721,0,0,0,-,0,0,0
71722,40,28,12,74.6,0,40,37
71724,308,164,144,46.7,75,233,49
71725,220,126,94,62,29,191,90
71726,913,504,409,56.7,83,830,302
71728,27,16,11,38.7,7,20,0
71730,29287,14340,14947,39.5,6854,22433,5402
71740,1669,857,812,30.6,551,1118,190
71742,4799,2236,2563,42,1051,3748,1169
71743,3371,1670,1701,41.2,833,2538,661
71744,2816,1382,1434,46.7,573,2243,691
71745,141,61,80,44.1,31,110,5
71747,821,373,448,59.8,113,708,235
71748,74,51,23,38.5,23,51,12
71749,2886,1251,1635,47.3,689,2197,473
71751,529,242,287,48.8,93,436,100
71752,673,312,361,35.3,129,544,107
71753,16388,7841,8547,31.7,3407,12981,2686
71758,194,107,87,39.4,85,109,10
71759,387,188,199,55,33,354,91
71762,2988,1555,1433,44,700,2288,554
71763,1712,953,759,51.1,272,1440,359
71764,1403,646,757,46.9,374,1029,357
71765,2344,1123,1221,44.3,705,1639,331
71766,602,306,296,55.3,36,566,177
71770,3304,1649,1655,47.3,673,2631,656
71772,19,12,7,31.5,4,15,0
71801,15521,7530,7991,38.3,4112,11409,2652
71820,117,68,49,38.2,36,81,29
71822,7629,3614,4015,45.1,1619,6010,1692
71823,75,29,46,18.7,25,50,8
71825,441,234,207,32.6,180,261,86
71826,1254,637,617,41.7,284,970,198
71827,738,409,329,55,101,637,138
71831,94,48,46,69.8,0,94,74
71832,10586,5227,5359,34.7,3000,7586,1255
71833,2088,1099,989,44.7,477,1611,497
71834,1704,748,956,53.8,238,1466,271
71835,1147,632,515,43.8,232,915,263
71836,3306,1711,1595,39.7,772,2534,591
71837,4570,2393,2177,38.1,1250,3320,586
71838,1121,507,614,58.3,47,1074,368
71839,260,152,108,49.7,30,230,58
71841,698,366,332,44.6,166,532,118
71842,1962,1046,916,39.3,473,1489,414
71845,1629,844,785,49.5,313,1316,376
71846,2662,1340,1322,32.1,849,1813,392
71847,265,88,177,43.8,93,172,89
71851,1894,824,1070,40.7,512,1382,285
71852,9688,4750,4938,38.6,2497,7191,1532
71853,242,140,102,59,30,212,104
71854,36148,17964,18184,39.8,8573,27575,6158
71855,206,91,115,63.6,10,196,100
71857,5515,2566,2949,39.8,1463,4052,952
71858,1718,878,840,49.3,332,1386,493
71859,296,93,203,63.8,55,241,124
71860,2205,1068,1137,43,451,1754,631
71861,1817,1017,800,56.6,263,1554,595
71862,700,358,342,46.6,163,537,59
71864,67,33,34,50.6,8,59,16
71865,233,92,141,45.1,59,174,44
71866,497,224,273,35.2,146,351,75
71901,30023,14763,15260,42.5,6164,23859,5493
71909,18998,9173,9825,67.8,1428,17570,10746
71913,46227,21749,24478,42,9953,36274,10381
71921,3594,1682,1912,34.4,1000,2594,623
71922,207,118,89,17.5,104,103,17
71923,14400,6729,7671,32.2,2773,11627,2479
71929,4278,2339,1939,46.4,752,3526,930
71933,1074,604,470,40.6,180,894,165
71935,597,297,300,57.1,82,515,192
71937,2370,1194,1176,41,578,1792,372
71940,1433,737,696,46.9,263,1170,328
71941,2274,1215,1059,43.2,301,1973,471
71942,169,84,85,34.5,73,96,13
71943,3760,1919,1841,45.5,679,3081,878
71944,851,399,452,32.1,265,586,87
71945,1234,562,672,46.7,309,925,395
71949,843,427,416,58.6,153,690,275
71950,748,377,371,51.7,142,606,152
71952,44,30,14,68.2,8,36,31
71953,13159,6454,6705,47.6,2609,10550,3313
71956,1348,591,757,47.7,196,1152,392
71957,2876,1408,1468,57.4,440,2436,1055
71958,2258,1147,1111,46,429,1829,501
71959,805,337,468,32.6,182,623,113
71960,1289,632,657,42.1,270,1019,258
71961,1313,713,600,48.3,284,1029,294
71962,853,419,434,42.1,168,685,168
71964,4961,2399,2562,46.7,931,4030,1079
71965,230,105,125,41.4,66,164,47
71968,4668,2448,2220,48.3,901,3767,991
71969,205,94,111,57.5,17,188,85
71970,726,347,379,35.4,194,532,127
71971,405,167,238,55.2,33,372,98
71972,401,201,200,31.6,144,257,43
71973,1468,748,720,29.7,523,945,217
71998,779,398,381,20.3,0,779,0
71999,480,93,387,20.3,0,480,0
72001,598,351,247,50.2,58,540,143
72002,20896,10388,10508,34.1,5978,14918,2077
72003,791,361,430,39.8,250,541,116
72004,798,445,353,46.7,138,660,177
72005,58,37,21,52.3,4,54,18
72006,2175,1098,1077,46.4,422,1753,487
72007,10507,5105,5402,34.8,2935,7572,1137
72010,5599,2988,2611,40.5,1299,4300,859
72011,4813,2499,2314,38.5,1260,3553,538
72012,13133,6569,6564,37.4,3449,9684,1766
72013,1885,984,901,47.8,258,1627,335
72014,54,32,22,38.5,10,44,0
72015,27298,13671,13627,37.9,6413,20885,4310
72016,3062,1547,1515,40.5,713,2349,468
72017,359,203,156,49.8,69,290,104
72019,29529,14300,15229,38.7,6876,22653,4672
72020,3256,1797,1459,46,729,2527,708
72021,3593,1819,1774,46.4,739,2854,943
72022,18153,8235,9918,36.9,4858,13295,2609
72023,36042,17875,18167,36.6,9366,26676,5423
72024,4068,1983,2085,41.6,1143,2925,853
72025,787,395,392,46.3,160,627,203
72026,261,184,77,41,38,223,51
72027,1171,550,621,47.8,213,958,371
72028,0,0,0,-,0,0,0
72029,1678,713,965,45.3,383,1295,398
72030,680,369,311,55.7,108,572,138
72031,7097,3438,3659,44.2,1756,5341,1596
72032,34900,16928,17972,33.5,8001,26899,4750
72034,48286,23384,24902,31.2,10129,38157,5540
72035,2055,792,1263,19.3,0,2055,0
72036,540,273,267,54.7,94,446,169
72038,87,50,37,71.8,0,87,75
72039,2213,1223,990,42.9,539,1674,464
72040,2485,1157,1328,52.1,362,2123,697
72041,1130,561,569,55,234,896,449
72042,5043,2482,2561,45.3,950,4093,1097
72044,1192,509,683,52.4,303,889,319
72045,1234,604,630,51,147,1087,363
72046,4100,2073,2027,44.7,914,3186,769
72047,758,382,376,34.5,265,493,101
72048,120,65,55,52.7,0,120,13
72051,537,306,231,42.7,101,436,116
72052,119,66,53,49.9,15,104,15
72053,0,0,0,-,0,0,0
72055,629,283,346,43.1,174,455,119
72057,1194,507,687,41.9,227,967,310
72058,18083,8932,9151,35.5,5189,12894,2668
72059,13,8,5,-,0,13,0
72060,546,299,247,40.4,137,409,94
72061,122,61,61,54.7,7,115,39
72063,1981,1211,770,40.5,535,1446,218
72064,2797,1406,1391,42.1,628,2169,430
72065,5853,2869,2984,37.3,1260,4593,670
72066,237,117,120,56.5,0,237,102
72067,2677,1387,1290,54.8,487,2190,841
72068,833,352,481,31.2,235,598,46
72069,1074,499,575,44.5,254,820,213
72070,1920,1076,844,44.3,413,1507,354
72072,283,141,142,54.4,43,240,103
72073,887,471,416,35.5,198,689,122
72074,142,69,73,39.3,27,115,19
72075,12,10,2,-,0,12,0
72076,39284,19007,20277,36.2,9170,30114,5356
72079,413,170,243,62.8,23,390,203
72080,418,207,211,40.1,124,294,50
72081,7813,3881,3932,42.6,1537,6276,1467
72082,2091,1048,1043,37.5,544,1547,462
72083,239,99,140,50,64,175,48
72084,1215,670,545,31.2,326,889,204
72085,232,107,125,40.8,51,181,56
72086,11761,5880,5881,38.4,2383,9378,1638
72087,1513,785,728,47.6,425,1088,395
72088,2333,999,1334,68.2,105,2228,1314
72099,673,597,76,21.8,0,673,0
72101,3229,1578,1651,42.9,763,2466,757
72102,2619,1268,1351,54.8,399,2220,569
72103,14079,7131,6948,38.9,3857,10222,2175
72104,23494,12648,10846,41.5,4609,18885,4271
72106,5844,3124,2720,44.3,955,4889,1217
72107,114,61,53,50.7,44,70,23
72108,0,0,0,-,0,0,0
72110,11250,5250,6000,38.4,2776,8474,2292
72111,1490,720,770,46.2,399,1091,376
72112,10864,5219,5645,38.4,1946,8918,1856
72113,26322,11882,14440,36.8,6014,20308,4295
72114,10214,5490,4724,37.5,2312,7902,1576
72116,20838,10031,10807,42.3,3934,16904,4976
72117,14452,6751,7701,36.8,4066,10386,2282
72118,23056,11015,12041,35.1,6052,17004,3250
72119,0,0,0,-,0,0,0
72120,32815,15922,16893,42.2,6656,26159,6135
72121,2753,1394,1359,39.4,821,1932,377
72122,1224,606,618,55.3,246,978,248
72123,292,129,163,42.5,94,198,55
72125,713,355,358,43.4,209,504,122
72126,3437,1676,1761,44.4,743,2694,869
72127,2393,1279,1114,50.9,386,2007,516
72128,761,417,344,45.4,169,592,172
72129,1384,756,628,45.9,269,1115,202
72130,439,206,233,24.8,183,256,36
72131,3906,2070,1836,54.5,610,3296,1354
72132,3507,1791,1716,38.4,940,2567,559
72133,16,16,0,-,0,16,0
72134,582,301,281,48.3,127,455,83
72135,3245,1566,1679,50.7,687,2558,593
72136,2529,1260,1269,35,707,1822,518
72137,2429,1163,1266,39.4,774,1655,403
72139,289,135,154,39.9,77,212,48
72140,309,196,113,36.9,120,189,47
72141,517,296,221,38.3,148,369,122
72142,2139,1118,1021,55.1,285,1854,458
72143,34692,16461,18231,34.4,7639,27053,5584
72150,12370,6150,6220,39.7,2718,9652,2338
72152,350,166,184,42.6,93,257,68
72153,3823,1990,1833,37.8,1097,2726,782
72156,508,236,272,56.6,63,445,95
72157,1240,590,650,42.8,250,990,143
72160,9055,4279,4776,38.2,2207,6848,1703
72165,121,61,60,43,11,110,29
72166,205,98,107,61.9,34,171,102
72167,1377,637,740,38.5,428,949,230
72168,2008,1824,184,40.7,74,1934,98
72169,84,45,39,33.5,5,79,14
72170,205,91,114,45.5,26,179,59
72173,10246,5101,5145,39.2,2613,7633,1083
72175,392,166,226,37.9,91,301,61
72176,8714,4375,4339,32.5,2487,6227,821
72178,26,8,18,65.5,0,26,15
72179,390,152,238,49.2,89,301,103
72180,95,63,32,70.4,0,95,87
72181,5,0,5,-,0,5,1
72182,29,24,5,22.8,0,29,10
72183,773,773,0,36.4,0,773,0
72199,16,16,0,-,0,16,16
72201,733,536,197,29,29,704,40
72202,9597,4966,4631,38.2,1189,8408,1346
72204,30348,14671,15677,37.2,6189,24159,4502
72205,21794,9627,12167,37.8,3846,17948,3979
72206,22725,11209,11516,40.6,5356,17369,4204
72207,12100,5999,6101,40.2,2871,9229,2230
72209,32095,14921,17174,31.3,10049,22046,2977
72210,14382,6597,7785,39.3,3236,11146,2452
72211,23832,11440,12392,35.2,4977,18855,3531
72212,13556,6640,6916,38.8,3369,10187,2886
72223,26558,12626,13932,42.6,5752,20806,4705
72227,10920,4849,6071,39.4,2752,8168,2164
72301,24404,10868,13536,33.4,6535,17869,3662
72311,56,17,39,60.3,4,52,23
72313,0,0,0,-,0,0,0
72315,20255,9341,10914,37.8,5235,15020,3195
72320,1475,1446,29,36.6,27,1448,97
72322,75,47,28,41.6,16,59,31
72324,2029,1032,997,45.7,368,1661,426
72325,11,5,6,25.6,3,8,0
72326,2446,1253,1193,47.5,470,1976,527
72327,1271,593,678,42.6,308,963,225
72328,62,43,19,57.3,0,62,0
72329,0,0,0,-,0,0,0
72330,533,307,226,36.9,120,413,38
72331,2309,1091,1218,40.5,679,1630,458
72332,138,28,110,13.7,78,60,4
72333,289,147,142,56.8,41,248,96
72335,16320,9294,7026,37.2,3526,12794,2339
72338,15,5,10,71.1,2,13,8
72339,160,80,80,37.3,11,149,52
72340,98,55,43,75.3,10,88,61
72341,184,128,56,54.8,9,175,31
72342,4133,1830,2303,46.4,840,3293,1010
72346,416,152,264,68.1,22,394,222
72347,805,345,460,52.2,187,618,217
72348,2315,1292,1023,46.5,490,1825,470
72350,1018,578,440,38,246,772,190
72351,791,392,399,41.6,170,621,158
72352,7,6,1,67.5,0,7,4
72353,49,31,18,62.4,0,49,16
72354,2255,1158,1097,44.6,399,1856,487
72355,2054,936,1118,44.2,556,1498,572
72358,1648,1012,636,35.6,347,1301,125
72359,321,180,141,45.9,52,269,104
72360,5188,2251,2937,41.9,1279,3909,1113
72364,16314,8210,8104,35.1,4648,11666,1813
72365,2580,1228,1352,44.6,591,1989,579
72366,2017,951,1066,45.6,394,1623,526
72367,0,0,0,-,0,0,0
72368,1307,776,531,48,197,1110,332
72369,0,0,0,-,0,0,0
72370,7265,3614,3651,33.2,1968,5297,1051
72372,1667,832,835,39.7,454,1213,386
72373,866,451,415,45.6,151,715,200
72374,560,221,339,46,116,444,162
72376,1504,790,714,57.5,234,1270,492
72377,31,31,0,-,0,31,9
72379,14,6,8,-,0,14,14
72383,54,40,14,54.3,0,54,0
72384,707,384,323,41.4,195,512,137
72386,1551,850,701,41.7,410,1141,200
72387,0,0,0,-,0,0,0
72389,466,251,215,46.2,93,373,49
72390,6973,3309,3664,30.7,2312,4661,876
72391,46,26,20,33.9,8,38,0
72392,547,353,194,41,156,391,81
72394,410,209,201,30.3,96,314,40
72395,1229,662,567,33.7,331,898,142
72396,12771,6126,6645,40,3223,9548,2232
72401,42159,19693,22466,34.2,10558,31601,6054
72404,29571,14448,15123,37,6827,22744,4429
72405,17573,8930,8643,33.6,4783,12790,1748
72410,456,230,226,38.8,96,360,46
72411,3136,1563,1573,31.6,1090,2046,398
72412,483,216,267,42.7,113,370,115
72413,617,317,300,56.4,108,509,145
72414,312,156,156,43.4,74,238,33
72415,1289,678,611,38.1,405,884,209
72416,5300,2961,2339,36.2,1505,3795,625
72417,5257,2572,2685,28.8,1453,3804,465
72419,1665,840,825,35.4,390,1275,296
72421,504,304,200,31.9,146,358,42
72422,4571,2111,2460,39.5,970,3601,1105
72424,59,38,21,51.9,5,54,10
72425,307,162,145,55.6,44,263,131
72426,193,97,96,45.8,38,155,44
72427,56,29,27,46.8,7,49,11
72428,117,83,34,33,22,95,0
72429,231,135,96,52.4,45,186,62
72430,453,231,222,45,74,379,116
72431,378,232,146,59,32,346,156
72432,6629,3327,3302,37,1620,5009,1277
72433,2571,1239,1332,37.6,598,1973,449
72434,2073,1074,999,36,559,1514,363
72435,233,81,152,49.2,14,219,44
72436,701,304,397,47,143,558,137
72437,3470,1792,1678,34.6,626,2844,638
72438,2469,1179,1290,35.9,798,1671,389
72440,186,103,83,48.8,26,160,38
72441,24,11,13,78.3,0,24,22
72442,4447,2350,2097,39.3,1159,3288,643
72443,2984,1488,1496,41.1,674,2310,605
72444,1529,723,806,51.7,336,1193,340
72445,41,18,23,46.2,8,33,10
72447,1991,1023,968,42.4,432,1559,424
72449,148,79,69,65.3,18,130,77
72450,40251,19851,20400,37.4,9774,30477,6342
72453,142,88,54,60.2,19,123,23
72454,4672,2295,2377,42.4,1159,3513,1017
72455,13557,6818,6739,37.9,3230,10327,2673
72456,542,219,323,44.3,91,451,112
72457,230,99,131,39.9,32,198,49
72458,559,242,317,32.7,127,432,90
72459,1522,769,753,47.2,339,1183,234
72460,677,332,345,58.4,72,605,170
72461,3567,1762,1805,45.5,643,2924,668
72462,421,246,175,29.1,90,331,62
72464,11,7,4,3.8,6,5,0
72466,1135,568,567,33.8,316,819,209
72467,953,427,526,19.7,9,944,0
72469,1034,582,452,52.9,181,853,288
72470,301,160,141,51.1,62,239,70
72471,1245,562,683,29.9,412,833,178
72472,9032,4219,4813,40.4,2259,6773,1456
72473,2159,1200,959,47.1,443,1716,406
72476,7619,3813,3806,39.1,1721,5898,1412
72478,182,130,52,39.6,51,131,61
72479,1064,518,546,37.3,278,786,186
72482,1473,678,795,50.7,263,1210,364
72501,26604,12737,13867,38,6479,20125,4524
72512,2423,1164,1259,53.1,398,2025,757
72513,2630,1214,1416,49.1,500,2130,722
72515,0,0,0,-,0,0,0
72517,145,74,71,48,18,127,14
72519,3018,1821,1197,44.8,374,2644,934
72520,385,259,126,71.3,75,310,198
72521,5556,2683,2873,38.4,1455,4101,946
72522,357,236,121,45.9,44,313,20
72523,757,322,435,45.8,105,652,139
72524,357,270,87,47.9,98,259,45
72526,114,56,58,56.7,17,97,32
72527,491,237,254,64.1,31,460,227
72528,219,38,181,63.4,0,219,96
72529,5094,2684,2410,49.9,1084,4010,1511
72530,1631,860,771,47.2,422,1209,362
72531,750,358,392,61.1,107,643,262
72532,1045,553,492,56,138,907,350
72533,270,131,139,47.5,85,185,98
72534,1600,926,674,36.8,337,1263,344
72536,385,212,173,55.3,83,302,122
72537,578,333,245,66.2,0,578,314
72538,768,357,411,52,41,727,302
72539,134,79,55,55.8,0,134,40
72540,119,70,49,59.8,0,119,55
72542,3644,1771,1873,49.1,651,2993,1109
72543,12773,6468,6305,47.7,2319,10454,3343
72544,746,297,449,65.8,93,653,398
72546,26,8,18,71.4,0,26,26
72550,675,344,331,53.4,140,535,166
72553,60,30,30,25.4,14,46,5
72554,2965,1567,1398,45,656,2309,760
72555,275,117,158,52.3,35,240,106
72556,3964,2018,1946,41.9,928,3036,827
72560,7791,3613,4178,52.2,1312,6479,2319
72561,715,410,305,48.3,174,541,173
72562,2357,1162,1195,37.6,608,1749,392
72564,432,204,228,20.2,211,221,58
72565,1043,466,577,44.7,236,807,122
72566,455,260,195,47.3,77,378,164
72567,249,56,193,46.5,39,210,84
72568,1356,748,608,34.7,429,927,104
72569,583,354,229,47.3,50,533,112
72571,368,173,195,50.4,15,353,65
72572,359,184,175,28.5,57,302,50
72573,394,166,228,55.6,55,339,97
72576,3355,1516,1839,53,539,2816,885
72577,884,541,343,42.9,158,726,167
72578,151,76,75,57.7,8,143,0
72579,1389,907,482,43.7,367,1022,136
72581,957,539,418,60.1,107,850,338
72583,2166,994,1172,30.9,804,1362,356
72584,403,288,115,54,55,348,62
72585,282,188,94,67.5,15,267,148
72587,9,4,5,-,0,9,9
72601,29777,14920,14857,42,6469,23308,6051
72611,1706,829,877,49.7,419,1287,621
72615,36,17,19,21.6,3,33,0
72616,11184,5524,5660,37.6,2990,8194,2175
72617,443,134,309,30.5,179,264,27
72619,1781,814,967,58.4,292,1489,669
72623,675,375,300,51,174,501,163
72624,336,147,189,44.2,52,284,54
72626,1399,604,795,63.1,124,1275,563
72628,706,353,353,64.9,63,643,351
72629,366,204,162,40.2,35,331,119
72630,86,35,51,60.5,10,76,39
72631,4219,2236,1983,59.5,469,3750,1596
72632,4279,2201,2078,53,657,3622,1116
72633,2204,1010,1194,44.5,598,1606,452
72634,4544,2331,2213,49.9,880,3664,1241
72635,3751,2085,1666,38.6,1015,2736,798
72636,4,2,2,66,0,4,2
72638,6929,3523,3406,39.2,1771,5158,1100
72639,810,399,411,44.8,141,669,125
72640,472,244,228,35.2,133,339,48
72641,2323,1227,1096,49.2,433,1890,621
72642,1884,969,915,64.9,114,1770,940
72644,2768,1271,1497,40.4,828,1940,514
72645,1546,805,741,45.5,319,1227,336
72648,548,290,258,34.4,200,348,43
72650,3946,1913,2033,52.1,704,3242,1135
72651,1313,625,688,49.4,189,1124,266
72653,28615,13828,14787,51.4,4784,23831,8868
72655,405,223,182,62.5,83,322,178
72658,1641,816,825,42.7,476,1165,386
72660,610,270,340,62.7,71,539,270
72661,755,392,363,61.8,108,647,290
72662,2925,1537,1388,33.6,654,2271,562
72663,314,138,176,40.8,54,260,45
72666,82,41,41,70.5,0,82,62
72668,473,318,155,43.4,110,363,0
72669,148,57,91,40.7,37,111,31
72670,197,111,86,42,43,154,0
72672,264,125,139,27.6,60,204,23
72675,1644,902,742,40.6,453,1191,369
72677,723,314,409,42.8,188,535,101
72679,85,29,56,69.3,0,85,65
72680,955,458,497,51.7,125,830,292
72682,237,149,88,52.8,14,223,52
72683,389,225,164,61.2,66,323,95
72685,1252,575,677,47.7,269,983,455
72686,188,108,80,50.3,0,188,30
72687,6811,3277,3534,50.4,1297,5514,1944
72701,47780,24061,23719,24.3,7421,40359,4787
72703,35324,17109,18215,33.4,7388,27936,4595
72704,28832,14758,14074,32.5,6133,22699,2653
72712,38006,19459,18547,35.5,9817,28189,4295
72713,24402,12943,11459,30.6,7026,17376,1373
72714,13811,6870,6941,42.8,3238,10573,3322
72715,16747,8396,8351,58.3,2338,14409,6474
72717,1183,484,699,43.7,192,991,245
72718,5111,2667,2444,34.4,1622,3489,519
72719,17341,8321,9020,31.9,5064,12277,1209
72721,725,478,247,40.8,109,616,49
72722,2505,1303,1202,34.5,630,1875,293
72727,6248,2909,3339,41.5,1174,5074,1296
72729,99,73,26,63.6,0,99,25
72730,10842,5452,5390,36.4,3215,7627,1588
72732,5346,2735,2611,50.9,1080,4266,1255
72734,8589,4343,4246,38.1,2019,6570,1318
72736,7914,3953,3961,33.8,2340,5574,979
72738,2282,1318,964,40.6,546,1736,359
72739,430,205,225,39.2,95,335,71
72740,10066,4920,5146,36.3,2694,7372,1825
72742,457,216,241,57.9,0,457,179
72744,4936,2463,2473,36.1,1235,3701,899
72745,14115,7301,6814,34.9,4063,10052,1745
72747,119,63,56,71.4,0,119,119
72749,401,208,193,16.9,214,187,0
72751,9011,4661,4350,36.1,2547,6464,1177
72752,135,37,98,66.8,0,135,111
72753,10363,5267,5096,36.5,2822,7541,1496
72756,40282,20065,20217,38.2,8896,31386,5801
72758,46731,23086,23645,33.1,13027,33704,4885
72760,324,175,149,43.8,52,272,84
72761,22808,10971,11837,32.3,6049,16759,2852
72762,44822,22589,22233,35.1,12529,32293,6192
72764,58066,30070,27996,31.5,17105,40961,5244
72768,1433,781,652,35.6,372,1061,149
72769,1172,590,582,45.4,209,963,250
72773,1367,695,672,37.2,403,964,160
72774,7138,3659,3479,40.5,1784,5354,983
72776,784,389,395,49.9,123,661,225
72801,18165,8543,9622,27.2,3504,14661,2197
72802,23422,12084,11338,39.7,5550,17872,4174
72821,2271,1273,998,37.7,619,1652,304
72823,6131,3109,3022,41.4,1393,4738,942
72824,1947,922,1025,40.9,393,1554,334
72826,7,2,5,59.5,3,4,0
72827,113,43,70,60.1,0,113,40
72828,90,27,63,61.5,20,70,45
72829,0,0,0,-,0,0,0
72830,16138,8315,7823,37.4,3906,12232,2589
72832,713,312,401,57,118,595,203
72833,4017,2103,1914,33.2,1238,2779,617
72834,9618,4975,4643,39.1,2199,7419,1695
72835,743,359,384,49.3,144,599,220
72837,8250,4234,4016,40.9,2134,6116,1584
72838,218,114,104,56.2,40,178,45
72839,587,333,254,41.6,126,461,61
72840,2404,1045,1359,37.1,640,1764,351
72841,224,146,78,58.4,13,211,83
72842,1126,546,580,35.9,357,769,203
72843,2184,1115,1069,46.6,423,1761,396
72845,950,421,529,44.7,157,793,182
72846,3595,1817,1778,39.3,980,2615,648
72847,3328,1536,1792,39.4,996,2332,504
72851,719,387,332,63.1,76,643,266
72852,140,64,76,66.5,21,119,84
72853,2411,1215,1196,46.9,568,1843,278
72854,512,256,256,54.4,56,456,121
72855,6178,3002,3176,43.6,1331,4847,1238
72856,493,248,245,50.2,94,399,112
72857,1172,564,608,49.2,176,996,377
72858,2923,1285,1638,34.7,877,2046,356
72860,105,48,57,47.8,14,91,36
72863,1668,824,844,50,349,1319,460
72865,1283,631,652,45.4,283,1000,284
72901,20783,11013,9770,36.1,4623,16160,3017
72903,25696,12942,12754,38.6,4978,20718,4918
72904,22539,10584,11955,32.3,7309,15230,2538
72905,0,0,0,-,0,0,0
72908,13860,6319,7541,41.3,3013,10847,2397
72916,11290,5481,5809,38,2662,8628,1861
72921,12817,6309,6508,37,3603,9214,2141
72923,4901,2327,2574,46.6,910,3991,962
72926,677,362,315,36.7,202,475,114
72927,8419,4229,4190,41.1,1952,6467,1449
72928,653,373,280,50.6,113,540,222
72930,213,78,135,62.4,28,185,82
72932,1497,654,843,50,295,1202,230
72933,4959,2319,2640,41.3,1131,3828,1337
72934,1035,531,504,62.3,95,940,302
72935,481,273,208,48,80,401,68
72936,14285,7152,7133,38.7,3525,10760,2783
72937,3246,1651,1595,49.4,638,2608,531
72938,1103,561,542,40.6,249,854,152
72940,1836,893,943,42.1,404,1432,374
72941,5016,2498,2518,37.6,1352,3664,724
72943,2589,1241,1348,39.1,612,1977,370
72944,2807,1383,1424,45.3,667,2140,601
72945,314,101,213,25.8,33,281,65
72946,3541,2010,1531,42,752,2789,591
72947,3372,1682,1690,46.8,597,2775,679
72948,193,98,95,70.5,0,193,104
72949,9606,4622,4984,44.1,2049,7557,1779
72950,609,264,345,48.9,123,486,162
72951,691,331,360,52.5,172,519,227
72952,2275,1059,1216,45.5,376,1899,371
72955,1132,346,786,16.2,732,400,65
72956,34805,17209,17596,38.2,8098,26707,6018
72958,6605,3655,2950,41.7,1475,5130,1216
72959,2962,1338,1624,50.9,712,2250,989
73001,64,36,28,21.8,14,50,6
73002,1146,585,561,41.7,258,888,199
73003,22494,10394,12100,38.1,5292,17202,3338
73004,875,489,386,39.7,197,678,145
73005,8033,4423,3610,36.3,2143,5890,1140
73006,2563,1279,1284,43.1,448,2115,563
73007,2357,1248,1109,50.1,443,1914,381
73008,21268,11057,10211,33.1,5846,15422,3274
73009,800,392,408,54.7,120,680,211
73010,20314,10128,10186,38,4927,15387,2760
73011,592,333,259,41.2,201,391,90
73012,43337,20955,22382,35.9,13079,30258,4291
73013,58211,27589,30622,35.1,15901,42310,7445
73014,1359,642,717,32.5,400,959,199
73015,2301,1217,1084,40.6,424,1877,489
73016,2607,1193,1414,33.9,740,1867,304
73017,1306,731,575,41.3,267,1039,244
73018,20373,9972,10401,38.4,4382,15991,3388
73019,0,0,0,-,0,0,0
73020,25295,12611,12684,40.8,6598,18697,4757
73021,263,150,113,63.4,25,238,101
73022,0,0,0,-,0,0,0
73024,673,330,343,46.3,148,525,157
73025,16620,8192,8428,40.1,4681,11939,2501
73026,11180,5752,5428,47.3,2160,9020,2377
73027,1420,679,741,41.4,301,1119,335
73028,3695,1767,1928,47,612,3083,775
73029,1377,764,613,37,338,1039,213
73030,4329,2250,2079,38.7,1018,3311,846
73031,42,16,26,50.7,9,33,11
73032,189,116,73,43.7,44,145,34
73033,567,290,277,25.7,188,379,42
73034,46751,22814,23937,35.8,12112,34639,7182
73036,20263,10382,9881,36.1,4808,15455,2681
73038,1526,812,714,43.7,302,1224,296
73040,1333,573,760,41.5,380,953,209
73041,350,154,196,59.1,55,295,91
73042,961,494,467,43.3,202,759,183
73043,143,43,100,54.7,32,111,46
73044,24043,12687,11356,41,4741,19302,4410
73045,11317,5691,5626,38.1,3172,8145,1651
73047,6349,3989,2360,36.6,1403,4946,659
73048,2381,1237,1144,36.8,576,1805,538
73049,6688,3386,3302,41.1,1785,4903,905
73050,1603,637,966,20.7,133,1470,42
73051,9762,6247,3515,40.9,1712,8050,1476
73052,6183,3081,3102,37.8,1652,4531,865
73053,594,339,255,40.4,145,449,89
73054,4333,2221,2112,44.6,905,3428,862
73055,9833,4742,5091,41.9,2438,7395,1853
73056,611,305,306,46,128,483,126
73057,2337,1062,1275,44.1,491,1846,587
73058,283,142,141,63.2,35,248,114
73059,2726,1361,1365,41.8,531,2195,548
73061,1698,808,890,37.6,421,1277,238
73062,1154,604,550,54.6,155,999,354
73063,758,365,393,50.6,159,599,162
73064,26536,12897,13639,39.7,6492,20044,4153
73065,9877,4746,5131,38.4,2530,7347,1377
73066,232,148,84,37.1,55,177,16
73067,1803,983,820,40.2,435,1368,365
73068,12297,6150,6147,39.9,2719,9578,1940
73069,27926,13784,14142,32.1,4742,23184,3406
73070,158,63,95,52.7,0,158,38
73071,43027,21750,21277,28.7,8892,34135,4274
73072,49906,24499,25407,30.9,8414,41492,7828
73073,642,222,420,56.6,109,533,242
73074,1175,576,599,41.6,339,836,172
73075,9374,4812,4562,40.3,2051,7323,1720
73077,6211,3120,3091,41.7,1523,4688,1205
73078,12586,6239,6347,37.5,3654,8932,2072
73079,627,361,266,46,131,496,119
73080,10037,4982,5055,39.2,2679,7358,1678
73082,2924,1595,1329,41.3,684,2240,620
73084,5989,3051,2938,41.8,1483,4506,1242
73086,8480,4345,4135,43.3,2004,6476,1710
73089,13815,6900,6915,41.3,3453,10362,2295
73090,729,491,238,41.6,101,628,71
73092,806,398,408,37.3,228,578,137
73093,3706,1921,1785,37.8,1057,2649,545
73095,2061,1105,956,37.2,508,1553,233
73096,14107,6802,7305,25.7,3239,10868,1565
73097,128,65,63,56.5,0,128,43
73098,3649,1875,1774,43.3,799,2850,789
73099,83451,41442,42009,35.4,21887,61564,10440
73102,3460,2463,997,34.5,117,3343,166
73103,5333,2905,2428,34.5,733,4600,550
73104,3557,1898,1659,29.2,392,3165,274
73105,5940,2858,3082,31.2,811,5129,1044
73106,13001,6435,6566,29.1,2097,10904,959
73107,25594,13599,11995,36.2,5778,19816,3038
73108,14754,7878,6876,30.6,5071,9683,1248
73109,19637,9930,9707,34.1,6203,13434,2028
73110,32742,14898,17844,33.7,8663,24079,4775
73111,11463,5640,5823,40,3247,8216,2488
73112,31809,15140,16669,36.1,6180,25629,4721
73114,18611,9095,9516,29.8,5064,13547,1749
73115,20462,9807,10655,35,5231,15231,3150
73116,9932,4636,5296,40.8,2005,7927,1854
73117,5928,2885,3043,34.5,1275,4653,920
73118,13942,6795,7147,36.8,1992,11950,1956
73119,30414,15192,15222,30.5,9727,20687,2797
73120,35070,16647,18423,37.2,5977,29093,6555
73121,3127,1427,1700,48.5,366,2761,906
73122,12698,5897,6801,33.5,3381,9317,2035
73127,26031,13409,12622,30.5,7848,18183,2655
73128,6472,3102,3370,32.2,1332,5140,1078
73129,20501,10431,10070,30.7,6519,13982,1363
73130,21133,10531,10602,40.5,4844,16289,4299
73131,3392,1910,1482,50.1,501,2891,727
73132,27479,12937,14542,35.5,6806,20673,4531
73134,6494,2975,3519,30.9,824,5670,781
73135,22020,10536,11484,32.2,6053,15967,2594
73139,18165,8842,9323,34.2,4365,13800,2532
73141,2772,1244,1528,39.8,782,1990,415
73142,16449,7849,8600,33.7,4094,12355,2319
73145,3505,2407,1098,21.3,901,2604,0
73149,5691,3132,2559,29.6,1942,3749,513
73150,5748,2773,2975,46.2,1406,4342,1240
73151,2198,1118,1080,42.5,590,1608,435
73159,32234,16442,15792,33.5,8584,23650,4636
73160,61987,30693,31294,33.2,15102,46885,7706
73162,29216,14256,14960,41.9,6321,22895,6064
73165,8263,4099,4164,40.8,2120,6143,968
73169,3489,1534,1955,25,1460,2029,138
73170,41645,20127,21518,39.8,8946,32699,7740
73173,4241,2194,2047,36.8,1296,2945,457
73179,6484,3488,2996,35.7,1648,4836,971
73401,36324,17830,18494,38.2,9100,27224,5909
73425,86,20,66,73.1,5,81,46
73430,1372,697,675,49.8,293,1079,339
73432,928,513,415,42.1,183,745,203
73433,2386,1180,1206,37.9,698,1688,435
73434,553,294,259,49.3,107,446,78
73435,53,25,28,53.5,11,42,18
73436,132,76,56,32.9,40,92,3
73437,57,36,21,58.4,0,57,24
73438,2812,1347,1465,43.1,617,2195,635
73439,6627,3343,3284,48.2,1270,5357,1768
73440,212,109,103,48.5,48,164,80
73441,149,64,85,38.7,31,118,42
73442,266,141,125,60.4,24,242,113
73443,3294,1560,1734,34.4,913,2381,381
73444,162,82,80,40.3,45,117,28
73446,8731,4506,4225,38.4,2237,6494,1507
73447,1123,577,546,35.5,302,821,174
73448,5812,2873,2939,36.5,1481,4331,902
73449,3001,1573,1428,47.8,473,2528,684
73450,1283,659,624,45,282,1001,232
73453,618,334,284,40.2,193,425,144
73455,560,297,263,37,95,465,83
73456,1630,799,831,40.6,425,1205,322
73458,949,431,518,31,278,671,138
73459,1507,769,738,39.5,288,1219,274
73460,4379,2115,2264,36.1,1034,3345,781
73461,759,354,405,33.9,224,535,124
73463,3894,1969,1925,39.9,995,2899,902
73481,1048,489,559,36.8,295,753,221
73487,183,111,72,40.8,25,158,33
73488,24,11,13,62.3,3,21,6
73491,693,351,342,46.1,150,543,132
73501,20630,11840,8790,36.8,3794,16836,3280
73503,11528,7144,4384,20.8,3475,8053,0
73505,47658,23266,24392,34.3,11405,36253,6450
73507,21427,10781,10646,37.7,4888,16539,2984
73520,95,31,64,47.5,26,69,33
73521,20479,10314,10165,34.3,5229,15250,2893
73523,170,136,34,20.6,14,156,0
73526,1862,996,866,42.1,454,1408,316
73527,4867,2479,2388,38.7,1218,3649,697
73528,635,339,296,35.9,179,456,114
73529,4633,2505,2128,43.3,1030,3603,1218
73530,427,237,190,50.8,98,329,90
73531,333,164,169,50.3,72,261,59
73532,438,228,210,37.8,106,332,88
73533,27866,13515,14351,39.5,6389,21477,5525
73537,552,253,299,39.7,110,442,111
73538,6560,3303,3257,33.8,2232,4328,647
73539,141,74,67,32.7,17,124,47
73540,312,169,143,51.7,41,271,70
73541,3707,1679,2028,39.6,868,2839,871
73542,4098,1932,2166,39.4,937,3161,808
73543,1950,1029,921,37.2,340,1610,377
73544,278,138,140,60.3,46,232,111
73546,1105,459,646,43.2,296,809,339
73547,1665,1211,454,43.9,108,1557,332
73548,365,245,120,59.2,45,320,117
73549,325,132,193,54.2,76,249,82
73550,2100,1041,1059,38.7,524,1576,332
73551,47,31,16,60.1,2,45,7
73552,1341,696,645,42.8,223,1118,203
73553,10,3,7,68.5,0,10,7
73554,3407,1639,1768,35.7,975,2432,530
73555,239,167,72,19,104,135,8
73556,127,64,63,29.8,42,85,8
73557,205,100,105,50.2,18,187,28
73559,422,164,258,42.7,121,301,108
73560,799,330,469,41.7,202,597,233
73562,701,302,399,32.9,251,450,84
73564,390,187,203,45.8,87,303,101
73565,920,377,543,33.8,312,608,205
73566,1437,697,740,39.6,373,1064,322
73567,807,369,438,45.8,186,621,158
73568,964,498,466,49.6,153,811,256
73569,443,219,224,49.6,81,362,122
73570,946,540,406,42.7,206,740,156
73571,69,38,31,38.4,32,37,14
73572,3230,1603,1627,41.8,782,2448,523
73573,2371,1232,1139,40.9,546,1825,412
73601,9323,4548,4775,38.7,2401,6922,1580
73620,1638,781,857,38.5,449,1189,199
73622,303,190,113,34.1,102,201,38
73624,2104,986,1118,34.5,632,1472,262
73625,418,221,197,39.2,118,300,102
73626,1050,526,524,37.1,310,740,110
73627,460,276,184,47.2,94,366,128
73628,1601,825,776,39,376,1225,276
73632,3019,1660,1359,37.5,729,2290,524
73638,173,99,74,53.9,38,135,71
73639,768,325,443,37.7,221,547,124
73641,498,258,240,56.3,85,413,125
73642,122,76,46,52.1,21,101,28
73644,13419,6658,6761,35.6,3404,10015,2108
73645,984,449,535,35.8,302,682,172
73646,335,169,166,54,58,277,60
73647,691,376,315,54,144,547,230
73650,885,478,407,44.4,245,640,153
73651,4015,1885,2130,36.3,1097,2918,540
73654,831,460,371,41.5,229,602,170
73655,932,496,436,46.8,198,734,273
73658,240,140,100,57.5,41,199,72
73659,218,123,95,32.4,45,173,45
73660,413,185,228,34.6,149,264,44
73661,696,302,394,44.7,94,602,178
73662,7589,5256,2333,37.5,1384,6205,730
73663,1219,527,692,41,318,901,263
73664,1126,505,621,39.2,260,866,285
73666,375,188,187,39.3,122,253,91
73667,470,247,223,39.4,147,323,87
73668,17,11,6,72.3,0,17,13
73669,1606,801,805,31.6,548,1058,211
73673,407,242,165,47.1,82,325,83
73701,25892,13347,12545,33.8,7628,18264,2685
73703,29157,14292,14865,38,6892,22265,6085
73705,317,223,94,21.4,0,317,0
73716,499,294,205,33,118,381,59
73717,6972,3678,3294,30.7,1390,5582,1053
73718,499,247,252,39.2,102,397,101
73719,112,63,49,44.6,35,77,6
73720,109,75,34,64.2,6,103,48
73722,407,205,202,24.9,160,247,59
73724,756,351,405,41.4,219,537,199
73726,361,183,178,40.5,90,271,67
73727,131,63,68,46.3,26,105,8
73728,1896,999,897,40,481,1415,411
73729,601,310,291,44.8,192,409,186
73730,664,287,377,44.2,137,527,158
73731,139,75,64,61.6,39,100,61
73733,207,89,118,40.3,73,134,41
73734,567,259,308,58.9,72,495,187
73735,721,374,347,39.7,182,539,184
73736,594,277,317,40.2,153,441,122
73737,3598,1758,1840,40.4,971,2627,827
73738,989,495,494,36.1,225,764,136
73739,405,199,206,49.9,75,330,96
73741,1542,1338,204,47.1,99,1443,256
73742,3847,2017,1830,33.6,1178,2669,623
73743,77,39,38,48.5,10,67,17
73744,138,68,70,55.1,11,127,37
73746,5,0,5,-,0,5,0
73747,209,139,70,37.3,20,189,50
73749,531,294,237,53.7,73,458,140
73750,7019,3393,3626,37.1,1895,5124,1154
73753,472,243,229,47.1,104,368,105
73754,1159,566,593,42.3,296,863,225
73755,730,337,393,40,199,531,184
73756,331,180,151,44.2,64,267,67
73757,170,95,75,40.4,26,144,23
73758,206,124,82,49.9,46,160,60
73759,1263,684,579,46.1,227,1036,377
73760,390,208,182,39.2,84,306,65
73761,230,109,121,60.1,24,206,69
73762,2200,1148,1052,37.4,622,1578,207
73763,1563,753,810,37.4,514,1049,334
73764,251,87,164,48.4,68,183,80
73766,1222,603,619,32.4,384,838,188
73768,1541,774,767,42.6,384,1157,207
73770,17,7,10,64.9,0,17,8
73771,390,161,229,39.2,130,260,110
73772,3652,2426,1226,39.8,718,2934,454
73773,1650,888,762,46.1,245,1405,414
73801,15407,7907,7500,35.8,3748,11659,2506
73832,954,471,483,59.8,101,853,332
73834,1636,796,840,41.1,438,1198,354
73835,266,139,127,35.6,79,187,34
73838,564,254,310,51.8,104,460,123
73840,533,278,255,43.7,116,417,82
73841,1192,950,242,40.3,96,1096,71
73842,409,177,232,55.9,41,368,151
73843,778,381,397,44.9,193,585,199
73844,377,184,193,44.6,37,340,107
73848,1592,829,763,41.1,362,1230,269
73851,150,82,68,54.3,5,145,41
73852,2023,995,1028,40.2,668,1355,390
73853,527,249,278,40.3,132,395,67
73855,147,80,67,38.7,19,128,45
73857,901,500,401,36.7,290,611,152
73858,1557,737,820,38,441,1116,276
73859,1514,767,747,40.1,394,1120,273
73860,1139,645,494,36,319,820,216
73901,249,130,119,33.4,98,151,36
73931,509,205,304,44.5,103,406,157
73932,2009,1059,950,38.2,514,1495,353
73933,1405,697,708,36.3,396,1009,304
73937,268,136,132,48.5,45,223,44
73938,667,311,356,37.6,195,472,90
73939,1420,694,726,23.7,326,1094,154
73942,13791,7732,6059,33.1,4067,9724,1308
73944,472,136,336,28.7,57,415,25
73945,2307,1227,1080,38.8,600,1707,487
73946,28,9,19,11.8,20,8,2
73947,512,291,221,62.9,64,448,198
73949,1463,664,799,39.6,372,1091,266
73950,1362,658,704,32.3,438,924,165
73951,1399,785,614,31.7,503,896,225
73960,7,7,0,-,0,7,7
74001,286,153,133,40,71,215,40
74002,1920,1033,887,39.9,550,1370,342
74003,14369,7422,6947,36.2,3562,10807,2004
74006,27280,13173,14107,40.2,6314,20966,6200
74008,31190,15199,15991,36.1,9035,22155,4445
74010,10544,5096,5448,40.6,2643,7901,1803
74011,32273,15777,16496,37.4,8584,23689,4841
74012,63498,30820,32678,36.7,15609,47889,9734
74014,41348,20613,20735,38.2,10346,31002,6707
74015,8551,4340,4211,40.6,1825,6726,1199
74016,5700,2772,2928,37.8,1313,4387,963
74017,28841,14474,14367,39.4,6280,22561,5457
74019,20435,10607,9828,39.5,4924,15511,3649
74020,7499,3881,3618,41.5,1691,5808,1474
74021,22698,11819,10879,36.8,5996,16702,3231
74022,1803,844,959,45.6,391,1412,481
74023,12214,6791,5423,38.1,2625,9589,2151
74026,837,409,428,33.4,227,610,107
74027,863,448,415,42,195,668,128
74028,1518,832,686,45.2,362,1156,469
74029,4940,2414,2526,47.7,1141,3799,1065
74030,2966,1347,1619,45.2,570,2396,709
74032,1779,934,845,43.6,342,1437,378
74033,13016,6143,6873,34.3,3433,9583,1163
74034,86,50,36,62,5,81,38
74035,4140,2670,1470,43.9,594,3546,818
74036,7460,3510,3950,36.3,1859,5601,1217
74037,23879,11851,12028,34.8,7350,16529,2527
74038,2146,1190,956,42.6,539,1607,468
74039,4084,2097,1987,39.1,897,3187,546
74041,2838,1443,1395,33.8,793,2045,298
74042,389,214,175,35.6,94,295,42
74044,7793,4108,3685,39.8,2039,5754,1195
74045,269,129,140,40.7,73,196,25
74046,164,103,61,38.8,68,96,24
74047,7627,3745,3882,39.5,1933,5694,849
74048,5524,2675,2849,41,1266,4258,1132
74050,488,202,286,32,148,340,46
74051,2020,1086,934,37.1,455,1565,325
74052,959,491,468,36.2,265,694,149
74053,5409,2529,2880,34.9,1266,4143,729
74054,779,382,397,44.1,162,617,118
74055,48185,24167,24018,36.8,12398,35787,6707
74056,4783,2324,2459,46,889,3894,987
74058,3629,1689,1940,40.8,859,2770,773
74059,5767,2941,2826,30.8,1711,4056,865
74060,428,198,230,35.5,97,331,68
74061,2455,1206,1249,40.3,528,1927,400
74062,830,439,391,40.3,212,618,140
74063,31174,15861,15313,40.6,7396,23778,6168
74066,31578,15351,16227,40.5,7026,24552,5934
74068,41,24,17,59.3,0,41,0
74070,14990,7484,7506,39.3,3604,11386,2478
74071,134,64,70,64.5,9,125,66
74072,1599,743,856,40.9,396,1203,311
74073,5591,2691,2900,37.9,1375,4216,979
74074,32069,16086,15983,26,5632,26437,3841
74075,25930,13610,12320,24.5,4391,21539,2733
74077,1669,745,924,19.3,0,1669,0
74078,455,151,304,19,0,455,0
74079,4636,2128,2508,38.3,1220,3416,873
74080,2906,1404,1502,40.5,659,2247,404
74081,1939,1069,870,43.2,485,1454,425
74082,321,170,151,40.4,114,207,19
74083,910,549,361,50.9,165,745,231
74084,403,217,186,62.4,45,358,183
74085,2503,1321,1182,44.3,500,2003,694
74103,2244,1742,502,33.9,20,2224,55
74104,12517,6251,6266,31.5,1816,10701,1544
74105,26445,12517,13928,41,5031,21414,5232
74106,16402,7329,9073,35.3,4534,11868,2461
74107,19416,9241,10175,35.8,4997,14419,2643
74108,7695,3918,3777,34.5,1859,5836,1271
74110,14752,7236,7516,31,4546,10206,1484
74112,21629,11009,10620,37.5,4721,16908,3112
74114,16969,8250,8719,40.8,3595,13374,3620
74115,23127,11509,11618,31.6,7054,16073,2834
74116,3315,1738,1577,36.6,726,2589,360
74117,25,13,12,-,0,25,0
74119,3404,1729,1675,40.4,244,3160,562
74120,5270,2984,2286,34.8,756,4514,661
74126,10445,4767,5678,32.8,3183,7262,1446
74127,15876,7650,8226,39.8,3203,12673,2700
74128,13554,6868,6686,31.8,4344,9210,1602
74129,18863,9615,9248,32.4,5594,13269,2193
74130,2023,1087,936,35.3,626,1397,211
74131,2302,1266,1036,51.2,302,2000,518
74132,10813,5377,5436,35.9,2714,8099,1861
74133,48350,22884,25466,37.4,10450,37900,8924
74134,22081,11120,10961,35.3,6387,15694,2092
74135,20060,9166,10894,41.7,3664,16396,4197
74136,31715,15182,16533,36.7,6616,25099,5235
74137,28577,14343,14234,42.1,6547,22030,5611
74145,18830,9231,9599,34.1,4815,14015,2745
74146,16019,8060,7959,27.7,5438,10581,929
74171,2177,967,1210,19.9,25,2152,0
74301,11093,5846,5247,41.2,2293,8800,1955
74330,2559,1308,1251,45.4,626,1933,649
74331,6950,3447,3503,52.7,1060,5890,2149
74332,1756,1004,752,39.3,413,1343,326
74333,996,442,554,38.7,262,734,170
74337,4780,2455,2325,40.2,1242,3538,965
74338,4879,2394,2485,40.4,1060,3819,869
74339,2323,1159,1164,33.2,707,1616,322
74340,178,87,91,55.1,20,158,47
74342,2293,1230,1063,49.7,572,1721,554
74343,3125,1507,1618,43.1,671,2454,659
74344,14436,6964,7472,52,2719,11717,4178
74346,7895,4103,3792,39.7,1834,6061,1444
74347,2738,1215,1523,48.3,440,2298,830
74349,850,422,428,60.5,153,697,366
74350,756,370,386,43.7,128,628,183
74352,5412,2737,2675,44.6,1173,4239,964
74354,17071,8442,8629,36,4240,12831,2914
74358,238,139,99,36.8,70,168,23
74359,293,135,158,32.8,117,176,45
74360,11,5,6,46.8,0,11,3
74361,17213,8405,8808,36.3,4283,12930,2928
74363,2799,1365,1434,43,690,2109,503
74364,1934,1039,895,42.7,453,1481,366
74365,4589,2312,2277,36.9,930,3659,692
74366,1445,793,652,50.2,249,1196,364
74367,577,318,259,40,153,424,92
74368,100,76,24,23.2,33,67,11
74369,1748,861,887,44.7,423,1325,427
74370,3769,1921,1848,43.4,864,2905,921
74401,15921,7551,8370,38.2,4283,11638,2897
74403,29294,14636,14658,36.5,7423,21871,4457
74421,4541,2327,2214,38.6,1211,3330,746
74422,1009,476,533,48,215,794,155
74423,853,438,415,45.9,198,655,209
74425,1075,510,565,54.9,166,909,385
74426,9131,4460,4671,44.8,1783,7348,2214
74427,1535,765,770,56.6,194,1341,415
74428,612,288,324,56.4,115,497,235
74429,15955,8284,7671,35.8,4246,11709,2329
74430,636,278,358,54.7,107,529,177
74431,894,414,480,37.8,261,633,240
74432,9977,4862,5115,50.6,1899,8078,2955
74434,9419,4558,4861,38.5,2154,7265,1487
74435,3070,1466,1604,50.9,538,2532,1001
74436,5249,2383,2866,43,1226,4023,990
74437,9148,4603,4545,40.6,2136,7012,1907
74438,373,191,182,43.3,88,285,55
74441,5692,2911,2781,41.1,1407,4285,1027
74442,713,350,363,35.7,182,531,112
74445,2828,1512,1316,40.1,801,2027,579
74446,478,231,247,43.7,89,389,86
74447,15212,7528,7684,39.4,3070,12142,2849
74450,1520,817,703,43.2,336,1184,315
74451,3830,1837,1993,42.3,866,2964,934
74452,281,140,141,56.9,17,264,39
74454,3439,1505,1934,42.7,715,2724,675
74455,2799,1460,1339,37.4,766,2033,550
74456,124,30,94,41.8,45,79,23
74457,210,103,107,65.1,0,210,107
74458,119,53,66,44.9,14,105,22
74459,73,36,37,50.1,18,55,15
74460,405,168,237,50.5,75,330,148
74462,6934,3561,3373,44.4,1395,5539,1620
74463,2119,1046,1073,39.2,14,2105,56
74464,30812,14875,15937,33.2,6634,24178,4787
74467,14147,6731,7416,44.1,2805,11342,2973
74468,315,159,156,41.6,82,233,68
74469,2155,1028,1127,31.2,377,1778,311
74470,1430,715,715,48.4,253,1177,423
74471,1378,721,657,41.4,285,1093,247
74472,641,302,339,36.8,185,456,132
74477,9,9,0,-,0,9,0
74501,28740,14691,14049,38.4,6718,22022,4986
74521,66,46,20,44,14,52,11
74522,156,84,72,56.8,22,134,49
74523,5601,2695,2906,42.2,1253,4348,1121
74525,10284,5898,4386,39.6,2179,8105,1783
74528,127,77,50,30.3,31,96,28
74530,194,93,101,45.1,41,153,53
74531,951,504,447,40.3,275,676,197
74533,952,523,429,43.4,226,726,114
74534,148,83,65,32.7,50,98,37
74535,92,39,53,32.8,24,68,10
74536,1522,791,731,45.1,281,1241,421
74538,3929,2017,1912,40.2,977,2952,788
74540,141,52,89,57.8,26,115,55
74543,369,189,180,60.5,45,324,152
74546,613,323,290,36.8,151,462,100
74547,3117,1628,1489,37.4,852,2265,546
74549,134,55,79,42.5,28,106,30
74552,943,509,434,37.3,242,701,177
74553,1321,647,674,37.7,348,973,277
74554,1842,895,947,38.3,445,1397,301
74555,583,288,295,41.2,133,450,121
74556,287,126,161,39,65,222,62
74557,705,351,354,41.5,203,502,143
74558,408,210,198,54,79,329,109
74560,441,218,223,53.4,80,361,136
74561,1857,931,926,43.1,431,1426,297
74562,670,292,378,52.8,123,547,221
74563,1940,939,1001,39.9,481,1459,431
74565,473,242,231,45.6,87,386,128
74567,68,36,32,58.7,14,54,29
74569,601,305,296,38.2,170,431,94
74570,1091,542,549,60.2,158,933,483
74571,3327,1633,1694,44.7,687,2640,959
74572,830,437,393,39.3,163,667,120
74574,1193,598,595,49.9,224,969,321
74576,188,118,70,45.3,38,150,65
74577,223,89,134,58.2,34,189,62
74578,5582,2838,2744,38.3,1257,4325,986
74601,18994,9302,9692,34.7,4971,14023,2755
74604,12341,6227,6114,45,2658,9683,3074
74630,678,377,301,49.3,81,597,214
74631,7013,3681,3332,37.1,1849,5164,1426
74632,567,225,342,60.4,75,492,242
74633,650,372,278,22.8,315,335,63
74636,270,132,138,34.3,82,188,53
74637,1592,773,819,48.3,317,1275,384
74640,240,95,145,57.5,46,194,75
74641,566,303,263,54.6,67,499,153
74643,529,272,257,45.8,76,453,63
74644,543,242,301,54.3,99,444,112
74646,267,130,137,49.7,66,201,11
74647,3233,1630,1603,40.6,801,2432,678
74650,549,287,262,38.3,144,405,93
74651,856,430,426,39.9,227,629,224
74652,832,466,366,46.8,185,647,247
74653,3697,1884,1813,36.3,932,2765,694
74701,26158,12792,13366,34.1,6320,19838,4031
74720,425,210,215,40.8,96,329,79
74721,0,0,0,-,0,0,0
74722,219,105,114,42.3,60,159,27
74723,1373,692,681,45.6,313,1060,371
74724,128,61,67,42.4,21,107,26
74726,1725,868,857,48.5,293,1432,464
74727,1998,952,1046,39.6,491,1507,455
74728,11352,5672,5680,38,3092,8260,2011
74729,2608,1251,1357,43,665,1943,563
74730,5631,2605,3026,35.8,1370,4261,937
74731,1369,676,693,51,278,1091,330
74733,3219,1568,1651,39.3,767,2452,500
74734,821,438,383,42,180,641,155
74735,1983,919,1064,44,442,1541,448
74736,861,487,374,46.6,192,669,165
74737,40,20,20,51.3,4,36,9
74738,439,212,227,44.8,112,327,87
74740,1927,875,1052,43.6,428,1499,463
74741,919,474,445,44.1,156,763,195
74743,7964,3906,4058,41.2,2021,5943,1567
74745,9835,4810,5025,34.8,2507,7328,1639
74747,443,199,244,39.5,119,324,110
74748,694,422,272,31.6,230,464,125
74750,187,98,89,43.8,44,143,33
74753,40,16,24,-,0,40,40
74754,583,297,286,30.4,218,365,66
74755,105,56,49,42.6,33,72,26
74756,670,348,322,44.4,144,526,156
74759,1222,532,690,40.4,311,911,203
74760,86,48,38,42.3,9,77,17
74761,49,23,26,28.2,14,35,3
74764,3390,1762,1628,41.8,758,2632,590
74766,1104,524,580,38.7,285,819,167
74801,21950,10679,11271,37.4,5439,16511,3679
74804,21652,10157,11495,35.6,4832,16820,3617
74820,31368,15185,16183,36.3,7702,23666,5072
74824,1446,708,738,33.2,430,1016,232
74825,1681,806,875,42.6,361,1320,391
74826,1283,684,599,43,302,981,291
74827,292,149,143,35.8,100,192,63
74829,1508,1263,245,47.9,50,1458,326
74830,174,80,94,42.4,48,126,35
74831,666,367,299,46,145,521,150
74832,855,423,432,33.9,242,613,97
74833,566,286,280,30.9,157,409,82
74834,7553,3743,3810,43.4,1787,5766,1378
74836,270,177,93,43.4,76,194,86
74837,121,67,54,61.5,22,99,58
74839,763,355,408,44.3,185,578,188
74840,2019,1081,938,43.4,441,1578,334
74842,202,94,108,45.4,33,169,33
74843,314,186,128,59.9,66,248,123
74844,350,153,197,33.4,119,231,26
74845,371,191,180,31.9,101,270,64
74848,7729,4479,3250,37,1561,6168,1194
74849,2887,1402,1485,38.9,736,2151,592
74850,328,189,139,54.4,52,276,82
74851,11351,4965,6386,38.3,2559,8792,1580
74852,1493,765,728,41.6,336,1157,259
74854,1805,949,856,38.8,456,1349,317
74855,4313,2172,2141,46.8,906,3407,992
74856,791,358,433,52.3,88,703,280
74857,9981,5391,4590,44,2069,7912,1337
74859,6000,2945,3055,38.1,1510,4490,1085
74860,1602,809,793,38.5,425,1177,271
74864,4701,2257,2444,42.9,992,3709,948
74865,2020,1105,915,36.5,597,1423,333
74866,62,21,41,48.5,12,50,21
74867,564,280,284,46.9,113,451,125
74868,12329,5872,6457,38.2,2932,9397,2014
74869,546,283,263,50.9,57,489,144
74871,2335,1156,1179,43.4,543,1792,526
74872,3148,1645,1503,37.5,797,2351,505
74873,11256,5869,5387,37,2783,8473,1623
74875,1025,536,489,39.5,222,803,183
74878,1644,903,741,41.6,398,1246,433
74880,2024,1066,958,43,470,1554,366
74881,5278,2875,2403,42.6,1140,4138,1039
74883,2480,1255,1225,41.6,538,1942,491
74884,5578,2836,2742,39.6,1368,4210,1105
74901,1929,947,982,35.4,467,1462,353
74902,4297,2021,2276,40,1001,3296,849
74930,1684,808,876,47.3,300,1384,317
74931,1171,583,588,41,253,918,184
74932,2421,1202,1219,38.6,613,1808,459
74935,150,79,71,42.5,46,104,34
74936,1502,868,634,40.2,343,1159,319
74937,5318,2666,2652,37.4,1411,3907,847
74939,1265,962,303,41.5,65,1200,144
74940,2528,1332,1196,35.5,688,1840,426
74941,2648,1277,1371,38.4,658,1990,435
74942,148,78,70,37.5,51,97,18
74943,105,62,43,40.1,19,86,16
74944,1128,533,595,33.9,394,734,196
74945,153,71,82,43.8,27,126,39
74946,62,41,21,43.2,16,46,5
74947,115,61,54,21.6,42,73,14
74948,11266,5718,5548,43.1,2385,8881,1971
74949,199,74,125,55.6,22,177,43
74951,1367,738,629,32.3,401,966,295
74953,12413,6250,6163,36.5,3101,9312,1958
74954,4944,2551,2393,34.4,1080,3864,637
74955,14471,6846,7625,38.5,4038,10433,2546
74956,2107,1072,1035,39.1,540,1567,358
74957,871,382,489,50.9,167,704,250
74959,6081,3212,2869,40.3,1381,4700,1181
74960,11874,5854,6020,36.2,3260,8614,1828
74962,4500,2325,2175,45,979,3521,1031
74963,577,302,275,41.1,181,396,136
74964,2286,1100,1186,42.7,566,1720,404
74965,5134,2676,2458,38.4,1314,3820,749
74966,3449,1645,1804,39.8,941,2508,560
75001,16633,8356,8277,33.8,1908,14725,1520
75002,72679,37373,35306,38.8,18934,53745,7890
75006,48062,24293,23769,36.2,10738,37324,6619
75007,54498,27295,27203,40.6,9822,44676,7381
75009,28109,15008,13101,37.1,8393,19716,3739
75010,31609,14750,16859,38.1,6209,25400,3234
75013,46649,23398,23251,38.6,11953,34696,4657
75019,44706,22505,22201,38.9,12248,32458,4228
75020,24486,11923,12563,40.2,6256,18230,4711
75021,8925,4415,4510,43.4,1954,6971,1819
75022,27000,14152,12848,41.5,7460,19540,2741
75023,49376,24125,25251,38.6,9823,39553,7453
75024,43520,21773,21747,36.8,9335,34185,3831
75025,54201,26527,27674,40.2,13525,40676,5750
75028,47751,24065,23686,43.1,12193,35558,5899
75032,36514,17923,18591,39,9637,26877,4399
75033,47416,23866,23550,36.6,15496,31920,3136
75034,48749,23204,25545,35.4,10574,38175,4525
75035,83930,42016,41914,37.8,25396,58534,6711
75036,31792,15868,15924,40.9,8455,23337,5550
75038,32559,16578,15981,32.2,7560,24999,2482
75039,21795,11590,10205,32.7,3494,18301,1246
75040,63143,31776,31367,36,15995,47148,8202
75041,31344,16225,15119,30.6,8707,22637,3226
75042,37925,18767,19158,32.9,10963,26962,3770
75043,64296,31206,33090,35.3,16457,47839,8199
75044,47010,22717,24293,36.1,10811,36199,6787
75048,28210,13174,15036,40.4,6440,21770,3528
75050,43856,21878,21978,31.8,10821,33035,4837
75051,40166,19173,20993,31.4,11685,28481,4378
75052,94636,45991,48645,34.8,26032,68604,9743
75054,17261,8676,8585,36.5,5965,11296,1129
75056,65785,32239,33546,36.6,13978,51807,5553
75057,17280,8413,8867,31.3,4854,12426,1297
75058,3801,1874,1927,34.7,1119,2682,341
75060,48997,23927,25070,33,14157,34840,5510
75061,56319,28753,27566,31.9,16026,40293,4910
75062,52772,27278,25494,31.1,14228,38544,4331
75063,44570,22910,21660,33.8,12112,32458,2792
75065,12787,6110,6677,39.1,2617,10170,1221
75067,67117,32257,34860,34.2,15126,51991,5954
75068,68074,34165,33909,35.3,20426,47648,5351
75069,39048,18648,20400,39.3,8726,30322,7105
75070,57516,28148,29368,36,15136,42380,5256
75071,66298,33670,32628,37.6,18248,48050,7309
75072,55304,28245,27059,38.7,16677,38627,6104
75074,51443,26219,25224,34.5,12063,39380,5435
75075,37032,18689,18343,41.7,6820,30212,7734
75076,8536,4544,3992,47.3,1549,6987,1676
75077,39853,20219,19634,40.4,9525,30328,5798
75078,40513,20540,19973,35.7,13168,27345,3195
75080,52184,25877,26307,31.6,11635,40549,6375
75081,36493,17538,18955,35.6,8353,28140,4961
75082,29386,14161,15225,37.9,4856,24530,3595
75087,40201,20474,19727,39,10947,29254,5933
75088,27143,13403,13740,39.5,5869,21274,3919
75089,34974,17865,17109,37.8,8917,26057,3241
75090,25788,12695,13093,34.6,6863,18925,3506
75092,26588,13153,13435,41.3,5331,21257,5219
75093,47069,22932,24137,42.8,9626,37443,8460
75094,23370,11572,11798,39.5,7642,15728,2402
75098,65655,31470,34185,35,17867,47788,5862
75101,668,298,370,33.8,169,499,112
75102,1877,1035,842,39.3,485,1392,252
75103,16372,8435,7937,44.5,3291,13081,3596
75104,49291,23883,25408,35.3,13646,35645,5474
75105,154,61,93,38.1,58,96,12
75109,4466,2415,2051,43,1041,3425,835
75110,31008,15606,15402,34.4,8098,22910,4716
75114,7123,3557,3566,35.8,1928,5195,764
75115,56012,25757,30255,41.2,12786,43226,8610
75116,20145,10015,10130,36,5226,14919,3327
75117,4576,2330,2246,34.2,1352,3224,556
75119,29509,15072,14437,34.8,7541,21968,3652
75124,5822,2793,3029,40.8,1544,4278,1163
75125,6920,3087,3833,38.7,2120,4800,962
75126,67852,35267,32585,32.1,20801,47051,4465
75127,1781,897,884,48.3,391,1390,565
75132,0,0,0,-,0,0,0
75134,20179,9414,10765,31,6214,13965,1897
75135,8515,4651,3864,36.8,2567,5948,1032
75137,20013,9183,10830,39.2,5311,14702,3038
75140,7933,3488,4445,39.8,1691,6242,1463
75141,4510,2201,2309,26.4,1524,2986,292
75142,22756,11282,11474,35.5,6586,16170,3080
75143,14584,7262,7322,42.3,3319,11265,2985
75144,3883,1776,2107,46.2,975,2908,825
75146,24089,10346,13743,33.4,7432,16657,2106
75147,8239,3900,4339,37.6,2123,6116,1422
75148,6143,3346,2797,47.1,1211,4932,1642
75149,59371,27644,31727,33.6,16628,42743,6517
75150,63895,32011,31884,34.1,16666,47229,8411
75152,5859,3106,2753,35.2,1538,4321,505
75153,568,283,285,35.7,132,436,55
75154,48510,24716,23794,36.8,12804,35706,5513
75155,3142,1502,1640,35.2,933,2209,385
75156,16262,8238,8024,47.8,3082,13180,3410
75157,216,118,98,49.4,35,181,52
75158,6202,2958,3244,37.1,1594,4608,793
75159,22751,12451,10300,35.9,6186,16565,2987
75160,25964,11836,14128,36.4,6948,19016,4207
75161,6468,3024,3444,49.6,906,5562,1116
75163,2540,1296,1244,59.2,376,2164,743
75164,430,205,225,59.2,34,396,190
75165,48970,23739,25231,33.9,12729,36241,6900
75166,5762,2755,3007,35.1,1554,4208,506
75167,13421,6575,6846,37.5,3337,10084,1240
75169,15361,7416,7945,40.9,3973,11388,3001
75172,5378,2620,2758,34.4,1385,3993,654
75173,9296,5356,3940,36.1,2628,6668,851
75180,27050,13298,13752,31.3,8269,18781,2625
75181,27980,13409,14571,31.2,9323,18657,2371
75182,7873,4094,3779,43.1,2123,5750,1146
75189,38261,18455,19806,35.4,10106,28155,3435
75201,17985,9330,8655,31.7,730,17255,1121
75202,2421,1437,984,33.4,112,2309,213
75203,16265,8275,7990,33.3,4610,11655,1850
75204,31627,17185,14442,30.9,2599,29028,1628
75205,25212,12333,12879,33.1,5300,19912,2937
75206,38432,20003,18429,30.9,4630,33802,2699
75207,8029,6442,1587,32.6,19,8010,169
75208,29992,15750,14242,35.5,5969,24023,3742
75209,14208,7097,7111,39.7,2548,11660,2083
75210,8750,4041,4709,26.6,3310,5440,942
75211,73948,36033,37915,31.1,20800,53148,7336
75212,27045,13057,13988,30.6,8233,18812,2818
75214,34015,16543,17472,37.1,7085,26930,4065
75215,18950,9129,9821,35,4673,14277,2024
75216,55085,26686,28399,33.5,16558,38527,7465
75217,87154,43667,43487,27.7,30672,56482,6476
75218,21393,10536,10857,41.2,4221,17172,3656
75219,24797,13730,11067,33.8,1736,23061,2509
75220,40327,22440,17887,31.1,11747,28580,3098
75223,13174,7133,6041,35.6,3162,10012,1415
75224,35903,17802,18101,32.7,9816,26087,3979
75225,21965,10419,11546,47.7,5424,16541,5194
75226,5108,2675,2433,32,360,4748,287
75227,58315,29196,29119,32.4,16411,41904,5398
75228,68472,33933,34539,30.8,19318,49154,6756
75229,32885,17140,15745,37.4,8680,24205,3681
75230,26503,12302,14201,47.6,4297,22206,6754
75231,39158,21157,18001,31.7,9353,29805,3707
75232,33333,15752,17581,41,8572,24761,6766
75233,15876,7748,8128,32.1,5400,10476,1870
75234,33838,16845,16993,33.9,8067,25771,4320
75235,18936,9952,8984,31,3540,15396,1251
75236,18249,8169,10080,30,5822,12427,1649
75237,19530,8834,10696,28,6585,12945,1047
75238,32180,15387,16793,35.8,8687,23493,4076
75240,26058,13467,12591,31.2,6991,19067,1934
75241,33081,15453,17628,34.4,9564,23517,4500
75243,63047,30888,32159,34.2,14789,48258,6408
75244,12734,6142,6592,37.8,2468,10266,1948
75246,2265,1297,968,40.4,308,1957,355
75247,992,721,271,58.7,67,925,318
75248,37282,18059,19223,40,7352,29930,6728
75249,17853,9028,8825,30.5,5652,12201,1533
75251,3801,1757,2044,31.7,399,3402,334
75252,27541,13273,14268,38.1,5044,22497,4803
75253,24411,12001,12410,25.6,8814,15597,1345
75254,24316,12138,12178,30.8,5276,19040,2141
75261,0,0,0,-,0,0,0
75270,0,0,0,-,0,0,0
75287,52240,24775,27465,34.1,9238,43002,5023
75390,0,0,0,-,0,0,0
75401,21000,10924,10076,36.2,5242,15758,3378
75402,20299,10155,10144,35.7,4750,15549,3403
75407,26607,13848,12759,34,7537,19070,2375
75409,22249,10680,11569,32.7,5866,16383,1471
75410,4196,2034,2162,60,471,3725,1429
75411,875,538,337,41.2,225,650,136
75412,512,255,257,44.1,102,410,122
75413,187,104,83,49.5,20,167,24
75414,3284,1486,1798,36.9,1005,2279,407
75415,302,192,110,57.5,40,262,105
75416,2865,1495,1370,42.8,662,2203,711
75417,2357,1254,1103,40.2,638,1719,561
75418,14473,8372,6101,39.8,2569,11904,2814
75420,1364,825,539,32.9,381,983,219
75421,847,419,428,28.8,355,492,66
75422,2826,1218,1608,46.6,602,2224,469
75423,3024,1638,1386,40.8,767,2257,585
75424,3483,1652,1831,40.7,925,2558,555
75426,3793,1757,2036,53.6,587,3206,1168
75428,11398,4978,6420,27,2222,9176,1246
75429,0,0,0,-,0,0,0
75431,1841,1042,799,43.1,401,1440,315
75432,3115,1386,1729,40.1,788,2327,544
75433,3053,1430,1623,44.1,708,2345,657
75434,0,0,0,-,0,0,0
75435,1060,460,600,58.1,180,880,323
75436,2334,1076,1258,39.5,535,1799,393
75437,1125,607,518,37.3,322,803,246
75438,1046,515,531,42.8,204,842,214
75439,1123,590,533,35,275,848,161
75440,7251,3614,3637,47.7,1276,5975,1880
75441,90,10,80,72.4,0,90,73
75442,10571,5208,5363,40.3,2457,8114,1837
75446,3594,1751,1843,39.2,990,2604,764
75447,1187,674,513,39.5,249,938,204
75448,862,436,426,34.7,235,627,99
75449,1082,567,515,42.3,277,805,202
75450,482,169,313,49,68,414,109
75451,1613,811,802,47.2,374,1239,368
75452,4979,2527,2452,36.8,1240,3739,582
75453,3173,1729,1444,35.1,1040,2133,346
75454,17241,8568,8673,34.5,5460,11781,1381
75455,26816,13538,13278,33.4,7717,19099,3666
75457,6278,3299,2979,36.4,1615,4663,893
75459,5395,2648,2747,31.8,1824,3571,457
75460,24094,11633,12461,36.2,5702,18392,4290
75462,11406,5536,5870,39.6,3038,8368,2268
75468,1142,511,631,42.7,250,892,239
75469,311,173,138,53.9,38,273,106
75470,161,74,87,56,0,161,41
75471,1690,939,751,38.3,526,1164,212
75472,3905,1887,2018,49.3,693,3212,961
75473,3663,1746,1917,50,700,2963,888
75474,16586,8012,8574,45.7,3489,13097,3119
75475,19,19,0,-,0,19,0
75476,1195,599,596,53,130,1065,388
75477,1246,622,624,40.6,312,934,238
75478,879,397,482,44,206,673,204
75479,2019,835,1184,46.4,352,1667,389
75480,1730,960,770,57.9,264,1466,628
75481,385,199,186,37,103,282,134
75482,25724,12513,13211,39.8,6078,19646,4599
75486,2569,1299,1270,47.5,526,2043,536
75487,1398,639,759,40.2,403,995,259
75488,919,510,409,31.2,303,616,163
75489,832,435,397,46.1,187,645,140
75490,2775,1435,1340,42.6,645,2130,287
75491,5094,2583,2511,43.4,1163,3931,986
75492,342,161,181,45.8,98,244,56
75493,699,359,340,21.3,318,381,53
75494,11167,5732,5435,42.7,2569,8598,2554
75495,9658,4720,4938,38.3,2851,6807,1660
75496,3462,1597,1865,44.1,792,2670,837
75497,3896,2215,1681,59.2,435,3461,1482
75501,34183,17012,17171,38.3,7907,26276,5542
75503,27675,13173,14502,37.9,6883,20792,4968
75550,615,325,290,54,71,544,235
75551,10917,5342,5575,39.6,2596,8321,2100
75554,2447,1209,1238,43.5,456,1991,543
75555,1534,701,833,53.5,285,1249,429
75556,1297,657,640,37.4,379,918,188
75558,2043,974,1069,43.8,498,1545,448
75559,5455,2754,2701,47.2,1151,4304,1452
75560,1033,475,558,37.2,306,727,159
75561,4901,2265,2636,39.6,1171,3730,850
75562,89,39,50,53.8,13,76,0
75563,3920,1836,2084,51.1,714,3206,1247
75564,22,12,10,-,0,22,0
75565,218,117,101,13.5,148,70,14
75566,678,407,271,50.2,167,511,190
75567,3863,1925,1938,45.7,876,2987,905
75568,2494,1280,1214,43.7,478,2016,626
75569,3456,1718,1738,28,1258,2198,247
75570,11197,6974,4223,37.4,2180,9017,1432
75571,2618,1280,1338,42.8,647,1971,452
75572,3162,1574,1588,43.5,603,2559,672
75573,194,108,86,32.2,80,114,10
75574,1402,764,638,49,354,1048,349
75601,15470,8037,7433,36.6,3518,11952,2413
75602,21343,10461,10882,33.7,5797,15546,2509
75603,6341,3091,3250,39.7,1464,4877,1289
75604,31361,15383,15978,33.9,9008,22353,4710
75605,33614,16103,17511,39.1,6764,26850,6375
75630,2622,1360,1262,52,475,2147,832
75631,2738,1451,1287,38.8,714,2024,398
75633,13055,6435,6620,38.1,2905,10150,2531
75638,5041,2239,2802,43,1116,3925,1141
75639,2256,1151,1105,46.5,460,1796,544
75640,5720,3001,2719,36,1468,4252,858
75641,101,44,57,45.8,12,89,13
75642,71,36,35,-,0,71,36
75643,2216,1096,1120,42.2,511,1705,556
75644,12902,6190,6712,40.1,3014,9888,2737
75645,10180,5223,4957,44.4,2385,7795,1905
75647,13026,6199,6827,35.8,3579,9447,2121
75650,9921,5189,4732,35.5,2844,7077,1254
75651,2197,1062,1135,44.4,404,1793,508
75652,13704,8405,5299,39.4,2126,11578,2218
75654,12817,6375,6442,39.3,3341,9476,2045
75656,4580,2005,2575,40.5,1184,3396,933
75657,6771,3207,3564,53.3,957,5814,1747
75658,26,10,16,66.8,0,26,26
75659,0,0,0,-,0,0,0
75661,2734,1379,1355,49.5,482,2252,510
75662,24640,12240,12400,38.2,6794,17846,4204
75667,1329,773,556,44.4,254,1075,157
75668,2471,1243,1228,35.9,597,1874,563
75669,1041,468,573,35.8,354,687,255
75670,18466,8347,10119,32.4,5098,13368,2456
75671,0,0,0,-,0,0,0
75672,16637,8105,8532,40.9,3750,12887,3204
75680,0,0,0,-,0,0,0
75681,2593,1190,1403,44.7,454,2139,511
75682,664,384,280,53.3,159,505,241
75683,3810,1979,1831,42.8,932,2878,886
75684,8030,4485,3545,31.2,2453,5577,934
75686,13180,6143,7037,38.9,3463,9717,2417
75687,0,0,0,-,0,0,0
75689,201,116,85,26.6,13,188,40
75691,4547,2371,2176,37.5,1116,3431,822
75692,4830,2638,2192,48.9,760,4070,1469
75693,6128,2965,3163,35.9,1464,4664,749
75694,0,0,0,-,0,0,0
75701,34822,16427,18395,34.6,7219,27603,5787
75702,27775,13536,14239,31.1,8296,19479,2784
75703,43682,21061,22621,37.7,9518,34164,8401
75704,9284,4302,4982,42,1810,7474,1734
75705,2348,1402,946,40.3,428,1920,312
75706,11334,5591,5743,33.3,3298,8036,1370
75707,15724,7887,7837,42.3,3546,12178,3567
75708,10155,4950,5205,31.1,3164,6991,1293
75709,5031,2178,2853,44.9,691,4340,1122
75711,163,64,99,19.6,0,163,0
75750,3291,1464,1827,48.1,575,2716,924
75751,17989,8687,9302,37.2,4255,13734,3411
75752,7573,3755,3818,43.4,1896,5677,1888
75754,7460,3735,3725,48.5,1548,5912,1773
75755,4982,2440,2542,41.3,1116,3866,805
75756,4299,2074,2225,40.4,1086,3213,591
75757,13430,6644,6786,39.9,3555,9875,3007
75758,9131,4812,4319,48.6,1600,7531,2359
75759,139,49,90,37.8,46,93,35
75760,2204,1116,1088,55,424,1780,599
75762,14459,6986,7473,42,3616,10843,2467
75763,6336,2977,3359,44.2,1436,4900,1476
75764,158,76,82,27.3,47,111,7
75765,7944,3695,4249,50.7,1296,6648,2319
75766,26128,12640,13488,34.6,7291,18837,4523
75770,2557,1204,1353,49.7,487,2070,517
75771,21408,10225,11183,41.7,4880,16528,4200
75773,14227,7051,7176,44.2,2831,11396,3564
75778,2471,1208,1263,41.7,528,1943,761
75779,22,11,11,-,0,22,0
75780,404,219,185,27.9,75,329,24
75782,103,45,58,57.8,10,93,38
75783,7854,3973,3881,47.9,1814,6040,1966
75784,794,433,361,45.8,176,618,124
75785,10906,6493,4413,41.1,2232,8674,1824
75788,43,0,43,-,0,43,0
75789,7898,3896,4002,38.7,2211,5687,1217
75790,3777,1883,1894,38.2,1088,2689,448
75791,14685,7377,7308,36.9,3968,10717,1877
75792,3558,1787,1771,42.1,919,2639,730
75801,16549,8760,7789,34.6,4255,12294,1954
75803,21702,13640,8062,41.2,3590,18112,3879
75831,5152,2495,2657,41.2,1113,4039,981
75833,2764,1327,1437,46.8,562,2202,619
75835,11470,5491,5979,46.2,2447,9023,2924
75838,304,216,88,59.9,44,260,134
75839,6189,3229,2960,36.6,1625,4564,1086
75840,6428,3156,3272,39.7,1692,4736,1335
75844,4922,2414,2508,43.4,1017,3905,1316
75845,2262,1144,1118,47.9,331,1931,666
75846,2609,1270,1339,38.7,643,1966,667
75847,1634,770,864,38.8,477,1157,374
75848,100,65,35,30.5,7,93,6
75849,125,83,42,39.5,19,106,36
75850,1447,825,622,54.7,352,1095,574
75851,4513,3490,1023,43.1,485,4028,451
75852,3173,2648,525,35.1,242,2931,291
75853,1042,441,601,34.3,243,799,331
75855,2657,1379,1278,57.7,489,2168,929
75856,211,124,87,22.6,52,159,0
75858,60,36,24,67.2,12,48,32
75859,2607,1466,1141,57.2,320,2287,812
75860,6305,3622,2683,37.7,1601,4704,798
75861,1438,757,681,44.1,231,1207,224
75862,10017,4974,5043,51.7,1971,8046,2705
75865,0,0,0,-,0,0,0
75884,3535,3535,0,41,0,3535,53
75886,3005,3005,0,43,0,3005,92
75901,28257,13710,14547,34.3,7421,20836,4153
75903,136,52,84,56.2,0,136,29
75904,34191,16452,17739,37,9006,25185,5082
75925,3217,1659,1558,37.9,757,2460,685
75926,1301,623,678,41.5,347,954,246
75928,987,521,466,54.1,71,916,289
75929,1358,677,681,58,164,1194,523
75930,1972,1050,922,45.2,482,1490,427
75931,2053,965,1088,54.7,295,1758,615
75932,1393,719,674,50.9,173,1220,339
75933,1316,678,638,39.7,336,980,275
75934,142,32,110,39.5,49,93,33
75935,12073,6008,6065,39.3,3240,8833,2241
75936,951,518,433,48,176,775,221
75937,1303,647,656,40.8,283,1020,213
75938,2306,1240,1066,45.6,561,1745,573
75939,5415,2808,2607,42.4,1044,4371,788
75941,8666,4602,4064,40,2319,6347,1357
75942,162,60,102,42.4,0,162,0
75943,1372,726,646,42.1,353,1019,236
75944,852,393,459,58.3,149,703,304
75946,3943,1948,1995,42,905,3038,689
75948,5307,2786,2521,58.1,603,4704,1900
75949,8472,4153,4319,42.1,1838,6634,2133
75951,15148,7738,7410,41.9,3708,11440,3089
75954,2719,1508,1211,44.8,589,2130,471
75956,7374,3651,3723,43.8,1548,5826,1676
75959,974,422,552,36.3,342,632,216
75960,785,391,394,35.9,318,467,75
75961,15081,7160,7921,31.6,3653,11428,2099
75962,3336,1239,2097,19.7,26,3310,0
75964,20623,10723,9900,34.1,6331,14292,2698
75965,17410,8118,9292,29.7,3245,14165,3242
75966,4788,2305,2483,41.1,1271,3517,1061
75968,2128,953,1175,39.6,498,1630,340
75969,4597,2492,2105,47.8,924,3673,985
75972,6081,2886,3195,48.1,1253,4828,1673
75973,2934,1448,1486,41,701,2233,517
75974,2726,1316,1410,38.1,803,1923,465
75975,4441,2266,2175,34.5,1251,3190,702
75976,1225,609,616,30.4,419,806,186
75977,461,228,233,42.2,139,322,124
75979,11473,6269,5204,40.4,2201,9272,2205
75980,2522,1264,1258,45.8,557,1965,377
76001,38010,18223,19787,34.3,11368,26642,4061
76002,33076,15176,17900,32.7,9260,23816,1741
76005,4899,2807,2092,36.7,1451,3448,389
76006,24072,11476,12596,32.9,4351,19721,2133
76008,23084,11451,11633,36.6,7003,16081,2849
76009,19879,9994,9885,37.1,5090,14789,2821
76010,57197,29546,27651,27.5,17371,39826,4295
76011,22529,11433,11096,30.8,5147,17382,2027
76012,27769,13357,14412,41.1,6092,21677,5551
76013,35535,16530,19005,31.5,7158,28377,5045
76014,32805,16875,15930,31.8,9261,23544,3352
76015,17474,8375,9099,32.1,4229,13245,2166
76016,31079,15547,15532,42,6710,24369,5548
76017,46361,22632,23729,38,10004,36357,6610
76018,27827,13376,14451,31,8147,19680,2111
76020,32937,16268,16669,40,7852,25085,4867
76021,34858,17613,17245,38.9,7078,27780,5674
76022,14632,6574,8058,37.1,3487,11145,2294
76023,7227,3680,3547,40.9,1630,5597,1045
76028,76343,37319,39024,37.5,20841,55502,10647
76031,18108,9291,8817,37.3,4702,13406,2427
76033,27664,14324,13340,38.2,6774,20890,4867
76034,25793,13685,12108,47.2,6038,19755,4925
76035,3101,1662,1439,36.2,1007,2094,399
76036,30489,15356,15133,34.6,8344,22145,4162
76039,41045,20956,20089,34.3,9124,31921,4136
76040,30708,15308,15400,33.6,7989,22719,2912
76041,772,442,330,35.9,66,706,124
76043,7281,3339,3942,43.8,1491,5790,1351
76044,7644,3766,3878,36.5,1965,5679,1129
76048,27005,13070,13935,45.8,5651,21354,6608
76049,29301,14123,15178,51.6,5144,24157,8573
76050,7395,3826,3569,44.3,1557,5838,1332
76051,50303,25772,24531,39.8,10336,39967,6513
76052,27171,13301,13870,34.9,8085,19086,1985
76053,31396,15248,16148,35.7,8592,22804,4312
76054,11886,6069,5817,43.9,2336,9550,2463
76055,3566,1765,1801,37.5,935,2631,606
76058,21082,10178,10904,34.4,5543,15539,2543
76059,5224,2384,2840,30.2,1291,3933,728
76060,8552,4580,3972,42.8,1848,6704,1459
76061,59,29,30,-,0,59,0
76063,80101,39474,40627,37.8,22375,57726,9296
76064,1952,1030,922,47.2,383,1569,397
76065,42415,20757,21658,36.4,11943,30472,5109
76066,4923,2445,2478,37.6,1730,3193,835
76067,20582,10096,10486,37,5228,15354,3428
76070,766,493,273,25.4,191,575,19
76071,4610,2356,2254,32.2,1315,3295,314
76073,6948,3555,3393,42.9,1572,5376,1240
76077,748,466,282,26.1,287,461,51
76078,9696,4765,4931,35,2616,7080,1164
76082,23489,11381,12108,37.6,5733,17756,3512
76084,12058,6653,5405,33.5,3207,8851,1175
76085,11695,5934,5761,43.6,2381,9314,2325
76086,21979,11052,10927,35.4,5096,16883,3758
76087,31831,16498,15333,41.1,7409,24422,5409
76088,14693,7629,7064,43.4,3237,11456,2582
76092,31212,15342,15870,42.2,10111,21101,4094
76093,3485,1940,1545,42.9,866,2619,457
76102,11645,6624,5021,36.8,668,10977,1285
76103,17285,8250,9035,30.8,4682,12603,1763
76104,18914,8554,10360,32.4,5159,13755,2257
76105,23252,11660,11592,29.8,6771,16481,2435
76106,37777,18221,19556,30.3,12069,25708,3307
76107,29629,14713,14916,37.6,4409,25220,4994
76108,44930,21683,23247,36.4,11557,33373,6305
76109,25658,11732,13926,31.9,5240,20418,3758
76110,33640,17504,16136,32.8,8831,24809,3201
76111,21366,10976,10390,34.9,5175,16191,1840
76112,44116,21333,22783,32.7,12213,31903,4938
76114,27297,13749,13548,34.7,6665,20632,3357
76115,21355,10685,10670,28,7220,14135,1619
76116,49232,23742,25490,34.3,11753,37479,6954
76117,32692,16673,16019,34.7,8581,24111,4284
76118,16822,7759,9063,38.2,3533,13289,2124
76119,51401,25870,25531,32.1,15652,35749,5939
76120,19842,9714,10128,34.4,4983,14859,1719
76123,40973,20312,20661,33.6,11917,29056,3944
76126,25480,12632,12848,38.7,6619,18861,4108
76127,1657,367,1290,35.6,23,1634,28
76129,1724,531,1193,19.7,11,1713,0
76131,50572,25891,24681,33.4,14756,35816,4381
76132,26709,12291,14418,35.8,5356,21353,4996
76133,54241,26298,27943,33.7,15152,39089,7458
76134,29211,14140,15071,32.3,7517,21694,3401
76135,18648,9270,9378,39.6,3655,14993,3065
76137,58970,27956,31014,34.1,13833,45137,5090
76140,31882,14893,16989,32.7,9549,22333,3203
76148,24080,12418,11662,37.6,5567,18513,3382
76155,6295,2913,3382,31,1181,5114,45
76164,13853,7105,6748,35.2,3327,10526,1606
76177,21967,10141,11826,34,4677,17290,1691
76179,74074,37475,36599,34.4,22141,51933,6038
76180,37271,17499,19772,37.2,7899,29372,6329
76182,30509,14960,15549,42.6,7396,23113,5052
76201,28345,14328,14017,23.7,2360,25985,1934
76203,1026,421,605,18.4,414,612,0
76205,20734,10796,9938,29,2939,17795,2070
76207,16685,8448,8237,39.9,2784,13901,4562
76208,27364,13421,13943,34.1,7829,19535,2888
76209,27538,13207,14331,30.9,5889,21649,3049
76210,44990,23210,21780,38.4,9834,35156,5850
76225,3093,1592,1501,44.3,498,2595,476
76226,37413,18003,19410,40.3,10586,26827,4237
76227,49155,23872,25283,35.5,13852,35303,4881
76228,1258,674,584,46.4,255,1003,295
76230,9742,4662,5080,44.1,2257,7485,2160
76233,3256,1529,1727,42.9,738,2518,753
76234,20110,9566,10544,38.4,5071,15039,3122
76238,499,264,235,35,92,407,142
76239,1157,557,600,48.6,223,934,268
76240,29253,14226,15027,38.4,7227,22026,5157
76241,10,5,5,-,0,10,5
76244,75185,37999,37186,34.7,23632,51553,5304
76245,1847,1013,834,64.9,182,1665,919
76247,16870,8957,7913,37,4692,12178,1759
76248,40130,20049,20081,43.2,10887,29243,6065
76249,9572,4761,4811,36.2,2509,7063,1250
76250,835,408,427,45.9,215,620,183
76251,672,367,305,41.2,138,534,143
76252,2729,1457,1272,45.6,490,2239,569
76253,264,132,132,39.4,34,230,57
76255,5743,2708,3035,40.8,1407,4336,1160
76258,7559,3632,3927,43.7,1319,6240,1481
76259,5611,2787,2824,37.7,1409,4202,805
76261,152,56,96,55.1,14,138,54
76262,42072,20848,21224,37.3,12026,30046,4377
76263,20,11,9,57.3,0,20,3
76264,1143,595,548,51.6,131,1012,235
76265,1696,862,834,41.3,489,1207,361
76266,18546,9397,9149,41.1,4003,14543,2402
76267,64,37,27,26.4,26,38,0
76268,125,82,43,34.1,30,95,7
76270,2064,1164,900,51.7,261,1803,347
76271,1961,1030,931,44.2,385,1576,333
76272,5185,2737,2448,47.8,1041,4144,1018
76273,10553,4773,5780,40.2,2064,8489,2209
76301,15610,8082,7528,34,3772,11838,2270
76302,11169,5047,6122,37.6,2439,8730,2127
76305,4829,2622,2207,46.7,907,3922,1073
76306,14391,7166,7225,33.9,4281,10110,1825
76308,20493,9918,10575,31.3,4296,16197,3029
76309,14216,6873,7343,37.2,3543,10673,2462
76310,19676,9668,10008,37.8,4794,14882,3484
76311,7009,5057,1952,20.2,971,6038,17
76351,1687,803,884,42.8,446,1241,338
76354,11794,5672,6122,42.7,2519,9275,2099
76357,490,253,237,50.8,124,366,119
76360,2541,1248,1293,43,586,1955,452
76363,247,109,138,49.3,33,214,42
76364,228,104,124,34.8,68,160,38
76365,4566,2142,2424,45.5,978,3588,1112
76366,1984,1016,968,37.3,494,1490,304
76367,13984,8921,5063,40.5,2447,11537,1863
76370,478,249,229,55.4,98,380,117
76371,1628,705,923,40.8,460,1168,300
76372,1005,416,589,45,272,733,269
76373,155,80,75,52.8,5,150,59
76374,3629,1910,1719,39.9,751,2878,695
76377,438,195,243,54.6,72,366,133
76379,596,346,250,30.3,140,456,59
76380,3526,1769,1757,47.1,817,2709,833
76384,12279,6048,6231,37,2838,9441,2164
76388,205,81,124,52.2,27,178,44
76389,1418,758,660,44.7,294,1124,258
76401,30703,14630,16073,29.6,6174,24529,4018
76402,720,325,395,19.4,14,706,0
76424,8656,4701,3955,39.5,1956,6700,1527
76426,11132,6091,5041,40.5,2679,8453,1880
76427,1030,509,521,36.8,310,720,116
76429,129,92,37,68.5,0,129,79
76430,2260,1110,1150,45.4,465,1795,541
76431,4543,2446,2097,38.2,1212,3331,832
76432,1178,555,623,52.1,271,907,300
76433,1945,1038,907,52.5,409,1536,483
76435,541,306,235,52.2,137,404,101
76436,101,55,46,45.5,18,83,17
76437,5920,3050,2870,40.4,1100,4820,1261
76439,0,0,0,-,0,0,0
76442,7281,3651,3630,42.2,1755,5526,1701
76443,1828,982,846,43.1,461,1367,519
76444,3793,1878,1915,44.9,831,2962,837
76445,416,197,219,29.6,93,323,35
76446,8554,4448,4106,39.5,2127,6427,1552
76448,4969,2158,2811,46.4,948,4021,1378
76449,2389,1144,1245,57.2,370,2019,813
76450,13003,6327,6676,39.9,3212,9791,2784
76452,133,80,53,56.4,0,133,15
76453,1442,811,631,58.8,270,1172,472
76454,1668,802,866,45.5,390,1278,336
76455,698,380,318,47.5,94,604,166
76457,4023,2019,2004,40.3,961,3062,926
76458,6049,3450,2599,38.7,1284,4765,1027
76459,139,81,58,55.6,18,121,32
76460,472,250,222,47.2,54,418,85
76462,4669,2391,2278,39.4,1419,3250,544
76463,500,280,220,47.8,80,420,133
76464,409,172,237,59.4,28,381,100
76466,621,448,173,24.9,232,389,67
76469,73,46,27,65.2,4,69,38
76470,3022,1618,1404,38,620,2402,618
76471,1464,758,706,51.3,293,1171,396
76472,1503,686,817,44.9,275,1228,232
76474,340,218,122,51.3,130,210,61
76475,947,475,472,43.2,207,740,203
76476,3423,1684,1739,37.9,1010,2413,518
76481,205,111,94,50.1,39,166,49
76483,746,411,335,52.2,93,653,171
76484,739,374,365,54.1,91,648,251
76486,1379,702,677,36.6,289,1090,168
76487,2707,1456,1251,37.8,715,1992,433
76490,39,21,18,36.2,0,39,0
76491,625,338,287,30.9,171,454,135
76501,17200,8394,8806,37,4394,12806,2737
76502,48508,23023,25485,34.6,14527,33981,7564
76504,24276,11995,12281,33.1,5218,19058,3731
76511,2390,1283,1107,42.8,563,1827,339
76513,43738,21374,22364,33.5,10974,32764,6095
76518,1473,764,709,41.3,341,1132,276
76519,483,278,205,39.6,122,361,101
76520,7878,3910,3968,37.6,2106,5772,1466
76522,41087,20315,20772,33.2,10707,30380,4751
76523,477,143,334,43.3,150,327,97
76524,4053,1964,2089,45.5,763,3290,727
76525,1227,572,655,46.3,250,977,309
76527,4141,2216,1925,39.3,1141,3000,497
76528,19323,8271,11052,39.3,4185,15138,3573
76530,2424,1230,1194,45.7,384,2040,496
76531,4591,2378,2213,45.1,802,3789,1125
76534,2890,1414,1476,46.4,649,2241,730
76537,11501,5422,6079,30.4,3139,8362,1043
76538,1155,570,585,51.7,177,978,361
76539,8713,4565,4148,44.8,1795,6918,1559
76541,18849,9749,9100,32.1,4248,14601,2381
76542,52059,25784,26275,31.4,14532,37527,3995
76543,33220,16655,16565,29.5,9512,23708,3129
76544,26040,17839,8201,21.7,5873,20167,72
76548,32608,16284,16324,34.1,9759,22849,3177
76549,55730,27320,28410,28.8,17530,38200,3366
76550,13574,6645,6929,42.7,3027,10547,2935
76554,2509,1273,1236,32.4,846,1663,274
76556,2008,1101,907,35.8,489,1519,423
76557,5389,2903,2486,39.4,1225,4164,1130
76559,6443,3302,3141,30.6,1926,4517,592
76561,1207,610,597,42.8,320,887,216
76565,39,29,10,24,0,39,0
76566,344,199,145,35.7,107,237,68
76567,8244,4009,4235,46.5,1609,6635,1903
76569,3304,1693,1611,40.1,823,2481,558
76570,2243,1194,1049,43.4,634,1609,590
76571,9648,4768,4880,45.9,2303,7345,2422
76573,27,6,21,23.9,7,20,13
76574,19629,9672,9957,41.4,4503,15126,3874
76577,3196,1582,1614,37.8,697,2499,664
76578,1232,576,656,41.7,250,982,184
76579,5129,2576,2553,33.7,1751,3378,601
76596,1097,0,1097,39.2,0,1097,20
76597,3123,2621,502,40.8,0,3123,42
76598,440,0,440,34.5,0,440,0
76599,1764,132,1632,38.5,0,1764,13
76621,1002,533,469,35,294,708,135
76622,1558,818,740,36.7,478,1080,271
76623,197,86,111,41.3,56,141,31
76624,2587,1366,1221,49,507,2080,519
76626,1363,589,774,39,309,1054,190
76627,1389,693,696,46.1,196,1193,286
76628,91,48,43,23.3,33,58,3
76629,1916,931,985,48.5,373,1543,399
76630,1953,1165,788,50,417,1536,464
76631,540,290,250,37.3,153,387,59
76632,1901,825,1076,40.8,479,1422,394
76633,6348,3137,3211,41.4,1595,4753,1131
76634,7316,3594,3722,49.7,1472,5844,2076
76635,1397,700,697,28.3,542,855,132
76636,1638,804,834,39.6,389,1249,278
76637,466,250,216,47.3,60,406,138
76638,3106,1573,1533,40.1,882,2224,500
76639,1823,949,874,41.3,442,1381,351
76640,2953,1748,1205,34.5,890,2063,455
76641,1714,861,853,43.9,354,1360,367
76642,6216,3333,2883,44.2,1359,4857,1303
76643,16034,7429,8605,36.3,3825,12209,2648
76645,10970,5539,5431,37.7,2511,8459,1990
76648,2751,1289,1462,44.6,620,2131,544
76649,700,350,350,53.9,135,565,155
76650,96,55,41,35.8,32,64,5
76651,3902,2041,1861,39,1187,2715,674
76652,955,479,476,54.9,117,838,307
76653,1426,791,635,49.2,206,1220,347
76654,173,96,77,38.6,18,155,31
76655,8591,4248,4343,40.3,1900,6691,1235
76656,2560,1343,1217,42.3,537,2023,458
76657,12160,6294,5866,37.7,3191,8969,2212
76660,664,335,329,30.3,267,397,119
76661,7118,3157,3961,36.4,1254,5864,1132
76664,3698,1862,1836,37.2,1076,2622,634
76665,2596,1253,1343,47.4,552,2044,641
76666,186,97,89,31.4,34,152,35
76667,10275,5024,5251,38.6,2386,7889,1909
76670,1934,1057,877,39.7,466,1468,323
76671,2011,965,1046,53.9,317,1694,537
76673,1162,534,628,41.8,342,820,254
76676,317,142,175,40.4,89,228,73
76678,112,74,38,62.1,0,112,38
76679,1161,525,636,45.1,321,840,244
76680,199,159,40,32.7,47,152,0
76681,419,249,170,49.9,68,351,110
76682,3276,1514,1762,35.7,964,2312,372
76685,49,30,19,79.1,0,49,49
76686,230,139,91,53.3,25,205,59
76687,1741,902,839,61.7,186,1555,651
76689,4308,2042,2266,37.4,1238,3070,657
76690,1285,759,526,32.8,384,901,222
76691,6315,2917,3398,42.2,1464,4851,1193
76692,9673,4936,4737,51.7,1804,7869,2762
76693,2320,966,1354,40.6,513,1807,461
76701,1861,941,920,31.3,209,1652,143
76704,7450,3172,4278,29.1,2467,4983,916
76705,31985,16177,15808,34.4,7647,24338,4180
76706,40770,20776,19994,23.4,8390,32380,3666
76707,16516,7894,8622,29.8,4702,11814,1727
76708,26917,13459,13458,34.8,7658,19259,3407
76710,23008,11093,11915,40.1,4283,18725,5251
76711,9474,4854,4620,33.9,2040,7434,1132
76712,28758,13031,15727,38.1,7806,20952,5987
76798,2907,1125,1782,19.1,5,2902,0
76801,25048,12602,12446,38.5,5237,19811,4503
76802,5667,2709,2958,41.5,1405,4262,1210
76820,135,96,39,71.2,0,135,76
76821,4436,2413,2023,42.2,1055,3381,859
76823,2741,1471,1270,48.6,472,2269,621
76824,0,0,0,-,0,0,0
76825,6415,3317,3098,41.6,1436,4979,1394
76827,611,290,321,62.4,90,521,285
76828,236,97,139,64.6,33,203,85
76831,0,0,0,-,0,0,0
76832,572,337,235,40.7,132,440,103
76834,4992,2535,2457,48,1061,3931,1344
76836,3,2,1,-,0,3,2
76837,1964,1276,688,38.7,326,1638,310
76841,186,128,58,12,157,29,0
76842,179,75,104,69.7,10,169,137
76844,3307,1697,1610,48.8,675,2632,899
76845,231,99,132,49.4,64,167,52
76848,66,36,30,76.2,0,66,66
76849,3733,1890,1843,44.6,728,3005,1009
76852,286,155,131,53.5,51,235,112
76853,1639,885,754,49.4,275,1364,418
76854,290,113,177,59.5,75,215,59
76856,3506,1736,1770,43.5,848,2658,968
76857,1989,975,1014,45.7,362,1627,493
76858,226,130,96,55.9,29,197,87
76859,1728,834,894,60.2,204,1524,713
76861,2048,1109,939,36.6,534,1514,351
76862,167,96,71,64.7,30,137,80
76864,800,376,424,56.6,122,678,287
76865,200,57,143,52.9,5,195,87
76866,946,341,605,53.9,212,734,293
76869,190,121,69,3.8,130,60,8
76870,70,23,47,56.9,7,63,24
76871,561,204,357,50.3,76,485,136
76872,798,384,414,48.6,211,587,181
76873,89,58,31,36.9,37,52,22
76874,0,0,0,-,0,0,0
76875,484,285,199,54.8,101,383,199
76877,4509,2477,2032,40.7,894,3615,970
76878,1717,798,919,41,470,1247,312
76880,0,0,0,-,0,0,0
76882,194,99,95,37.8,50,144,54
76884,75,43,32,49.8,3,72,18
76885,65,26,39,18.3,31,34,6
76887,68,30,38,60.6,0,68,29
76888,127,76,51,60.5,3,124,28
76890,902,413,489,51.8,149,753,250
76901,31415,15210,16205,35.5,7703,23712,4809
76902,0,0,0,-,0,0,0
76903,30955,15460,15495,38.9,6974,23981,5426
76904,37090,18273,18817,34.6,8704,28386,5972
76905,13424,7113,6311,31.8,4321,9103,1940
76908,1943,1497,446,21.4,0,1943,0
76909,512,240,272,19.9,0,512,0
76930,87,26,61,56.5,14,73,20
76932,3308,1697,1611,33,1002,2306,277
76933,1238,669,569,44.9,290,948,361
76934,1068,460,608,31.9,272,796,222
76935,1721,853,868,45,372,1349,478
76936,2474,1181,1293,39.4,598,1876,634
76937,56,36,20,68.2,12,44,32
76939,0,0,0,-,0,0,0
76940,14,9,5,54,0,14,1
76941,1237,596,641,43.2,297,940,249
76943,2841,1504,1337,52.7,503,2338,707
76945,1825,847,978,44.6,412,1413,406
76950,3386,1679,1707,31.6,1084,2302,451
76951,1392,737,655,32.1,482,910,183
76953,85,55,30,59.5,0,85,25
76955,241,105,136,31.6,91,150,36
76957,189,134,55,7.5,101,88,0
76958,241,130,111,32.4,79,162,37
77002,18800,14214,4586,35.3,356,18444,688
77003,10169,5475,4694,33.9,1263,8906,618
77004,35506,18173,17333,33.3,5227,30279,4159
77005,28470,14249,14221,36.8,6883,21587,4400
77006,24006,12896,11110,33.5,1974,22032,2561
77007,42881,23083,19798,33.3,5035,37846,3008
77008,38496,19387,19109,34.9,6452,32044,3843
77009,36872,19581,17291,38,7527,29345,5234
77010,837,396,441,54.3,11,826,114
77011,16685,8742,7943,36.6,3578,13107,2454
77012,17950,10080,7870,33.2,5099,12851,2254
77013,18512,9986,8526,34.2,4970,13542,1975
77014,37573,19727,17846,30.9,11132,26441,3168
77015,59314,31796,27518,29.6,18602,40712,4946
77016,29376,13926,15450,37.1,8083,21293,4631
77017,32574,16938,15636,31.3,9198,23376,3248
77018,28892,14619,14273,37,7281,21611,3473
77019,22839,11013,11826,35.6,2958,19881,3092
77020,25715,12697,13018,35.7,6222,19493,3410
77021,25500,10961,14539,34.6,5352,20148,3838
77022,26903,13283,13620,35.4,6375,20528,3786
77023,25680,12926,12754,35.7,5828,19852,3429
77024,37269,17748,19521,43.2,8331,28938,7035
77025,29295,14191,15104,37.8,5766,23529,4644
77026,20732,9643,11089,38.6,4576,16156,2798
77027,19478,9525,9953,34.4,2061,17417,2740
77028,18669,8679,9990,31.6,5983,12686,2635
77029,16008,7793,8215,38.8,4104,11904,2338
77030,12546,5897,6649,33,2271,10275,1679
77031,17351,8765,8586,35.2,4236,13115,2164
77032,13743,6463,7280,28.2,4582,9161,752
77033,28255,13872,14383,33,8749,19506,4349
77034,37273,18583,18690,33.1,10264,27009,3166
77035,34254,16201,18053,35.2,8968,25286,4503
77036,72278,36434,35844,30.8,18887,53391,5361
77037,17585,9406,8179,33.5,5283,12302,1676
77038,32142,17171,14971,29.7,10551,21591,2057
77039,27907,15197,12710,31.6,8478,19429,2851
77040,49762,25157,24605,33.9,12933,36829,5436
77041,31912,16271,15641,40.2,6875,25037,3960
77042,40747,19559,21188,33.5,9255,31492,3628
77043,25900,12406,13494,35.5,6565,19335,3707
77044,54313,26831,27482,33.1,17550,36763,3641
77045,32478,16063,16415,34.1,8152,24326,3883
77046,1254,588,666,62.7,8,1246,599
77047,33569,15322,18247,33.8,9318,24251,3473
77048,19741,9269,10472,33.4,5669,14072,2379
77049,41035,21397,19638,27.8,13810,27225,2400
77050,5949,2988,2961,30.6,2136,3813,563
77051,16974,7949,9025,30.9,5463,11511,2273
77053,30175,15163,15012,33.8,7780,22395,3547
77054,26708,11324,15384,31.4,2904,23804,1602
77055,43362,21767,21595,35,10778,32584,5120
77056,21941,11125,10816,40.8,2349,19592,5110
77057,45023,23335,21688,33.9,9426,35597,5363
77058,17956,9713,8243,38.1,2789,15167,2707
77059,18370,9709,8661,44.5,4699,13671,3083
77060,46266,23605,22661,27.4,15376,30890,2458
77061,25169,11871,13298,33.4,7048,18121,2793
77062,24561,11987,12574,41,5636,18925,4374
77063,39554,20332,19222,34.7,6003,33551,4519
77064,49240,25228,24012,32.9,12591,36649,4349
77065,38994,18046,20948,36.9,8370,30624,5280
77066,39234,19768,19466,33.3,10866,28368,4409
77067,32405,16096,16309,30.9,10493,21912,2401
77068,11451,6163,5288,35.2,2648,8803,1503
77069,20633,9958,10675,34.4,5694,14939,3621
77070,58409,28136,30273,34.3,16129,42280,6681
77071,26990,13002,13988,39.2,6209,20781,4104
77072,61688,30704,30984,34.4,16287,45401,7512
77073,41866,21996,19870,31.8,11535,30331,3044
77074,38624,18602,20022,31.9,10710,27914,3697
77075,41271,20592,20679,31.6,12941,28330,3089
77076,33529,16024,17505,29.4,10699,22830,2370
77077,62933,30936,31997,35.4,13373,49560,8075
77078,14241,6995,7246,32.7,4354,9887,2051
77079,35097,17083,18014,35.3,9504,25593,4056
77080,47661,25084,22577,32,13764,33897,4522
77081,52360,27033,25327,28.4,14986,37374,2230
77082,53401,24719,28682,35.8,11335,42066,6227
77083,75004,35552,39452,35.4,17120,57884,10576
77084,108557,51052,57505,33.2,30079,78478,10127
77085,16550,8041,8509,38.2,3682,12868,1981
77086,29705,14469,15236,32.4,8804,20901,2675
77087,35960,17911,18049,34.1,9974,25986,4164
77088,54007,26169,27838,34.1,14210,39797,7089
77089,56988,29058,27930,35.2,14764,42224,6984
77090,40764,20204,20560,30,10838,29926,2886
77091,30357,15356,15001,33,8374,21983,3953
77092,36320,18597,17723,33.8,7871,28449,4188
77093,48215,24719,23496,31.1,14846,33369,5017
77094,10623,5466,5157,45.6,2452,8171,1585
77095,69644,34232,35412,38.9,15034,54610,9487
77096,33001,15702,17299,36,8285,24716,5274
77098,15553,7255,8298,35.9,2149,13404,2021
77099,49541,25296,24245,33.6,14500,35041,5361
77204,4310,1936,2374,20.3,198,4112,0
77301,34299,18113,16186,31.8,9212,25087,3692
77302,19076,9483,9593,37.4,5368,13708,2688
77303,24106,12494,11612,33.3,6863,17243,2703
77304,40317,19585,20732,34.7,9162,31155,6493
77306,16443,7696,8747,32.5,5057,11386,1253
77316,30577,15416,15161,42,8174,22403,4678
77318,19127,9257,9870,44.3,3960,15167,3810
77320,38170,24557,13613,38.7,5235,32935,5194
77326,235,111,124,69.2,26,209,122
77327,33673,17689,15984,29.7,10877,22796,3313
77328,17860,8791,9069,37.3,4460,13400,2832
77331,7465,3784,3681,51.2,1295,6170,2261
77334,226,40,186,42.8,62,164,62
77335,3157,1526,1631,40.7,745,2412,505
77336,11835,5971,5864,39.1,3127,8708,2000
77338,47997,23307,24690,31.9,14699,33298,4639
77339,43810,21259,22551,39.3,10811,32999,7692
77340,33969,18237,15732,30.5,4743,29226,4654
77341,0,0,0,-,0,0,0
77342,0,0,0,-,0,0,0
77345,26791,13300,13491,41.7,7703,19088,4294
77346,70704,34488,36216,36.4,20427,50277,7481
77350,134,59,75,44.9,22,112,39
77351,34676,19465,15211,44.6,6534,28142,6779
77354,40094,20460,19634,38.1,10730,29364,4683
77355,31593,15770,15823,42.3,7585,24008,4388
77356,29515,15165,14350,48.5,5640,23875,6634
77357,30907,17357,13550,30.8,8938,21969,2766
77358,5013,3052,1961,44.2,902,4111,834
77359,265,133,132,72.2,20,245,188
77360,5700,2672,3028,43.8,1379,4321,1095
77362,6626,3470,3156,39.5,1737,4889,853
77363,3177,1613,1564,42.5,719,2458,915
77364,2005,1111,894,63.1,154,1851,905
77365,39385,20155,19230,34.7,10246,29139,4535
77367,460,236,224,51.6,84,376,68
77368,0,0,0,-,0,0,0
77369,598,242,356,53.9,112,486,85
77371,7370,3731,3639,36.3,2142,5228,926
77372,13364,6387,6977,35.6,3842,9522,1601
77373,64828,31405,33423,33,16892,47936,5958
77374,378,241,137,50.4,115,263,54
77375,67965,34993,32972,34,20701,47264,7458
77376,596,174,422,41.7,54,542,60
77377,38188,19824,18364,38.9,9772,28416,5621
77378,18112,8970,9142,37.6,4245,13867,2259
77379,83247,40331,42916,36.5,23715,59532,10562
77380,30034,14740,15294,36.4,5227,24807,4462
77381,36414,18207,18207,43.7,9108,27306,6708
77382,41085,20432,20653,40.8,12464,28621,4159
77384,22958,11010,11948,39.8,4483,18475,5041
77385,26497,12519,13978,33.5,7444,19053,2543
77386,66816,31893,34923,33.8,21752,45064,5560
77388,52127,25118,27009,35.1,14413,37714,5197
77389,43674,20958,22716,33.9,13711,29963,4242
77396,60253,32916,27337,33.3,15814,44439,4516
77401,17233,8669,8564,44.3,4481,12752,3080
77406,63187,32369,30818,37.7,16847,46340,7872
77407,76600,37779,38821,33.5,23085,53515,4286
77412,0,0,0,-,0,0,0
77414,24107,11667,12440,35.8,6274,17833,4255
77415,393,182,211,31.5,132,261,85
77417,3267,1599,1668,35,1214,2053,425
77418,10384,5305,5079,41,2514,7870,2103
77419,746,322,424,29.4,271,475,55
77420,2313,1220,1093,33,602,1711,409
77422,14302,7641,6661,44.7,2804,11498,2852
77423,15627,8411,7216,32.2,4765,10862,1567
77426,2086,1019,1067,53.2,244,1842,473
77428,94,34,60,54.6,30,64,0
77429,90790,45255,45535,37.3,26107,64683,9228
77430,1718,962,756,42,454,1264,283
77431,345,33,312,88.2,33,312,219
77432,0,0,0,-,0,0,0
77433,107887,54627,53260,33.1,36815,71072,8790
77434,4103,2149,1954,29.7,1113,2990,622
77435,4242,2257,1985,42.6,1063,3179,790
77436,0,0,0,-,0,0,0
77437,18466,9157,9309,37.1,5372,13094,2970
77440,121,98,23,52.1,58,63,0
77441,27067,13485,13582,39,8260,18807,3247
77442,1451,782,669,19.2,722,729,185
77443,114,76,38,-,0,114,0
77444,809,348,461,32.2,170,639,302
77445,14680,7279,7401,30.6,3841,10839,2250
77446,6276,2594,3682,20.4,345,5931,105
77447,19196,10081,9115,31.9,6174,13022,1466
77448,186,126,60,35.1,46,140,5
77449,122098,59558,62540,33.5,36565,85533,9169
77450,72651,36317,36334,37.5,20323,52328,8923
77451,472,252,220,36.4,165,307,111
77453,187,89,98,11.6,107,80,17
77454,159,83,76,57.4,0,159,21
77455,1962,905,1057,30,584,1378,357
77456,1345,632,713,20.7,534,811,211
77457,526,218,308,62.6,0,526,144
77458,13,13,0,-,0,13,13
77459,79937,38998,40939,38.2,21233,58704,10495
77460,132,47,85,30.5,25,107,11
77461,12719,6568,6151,36.2,3743,8976,1652
77464,411,200,211,31.8,88,323,105
77465,7272,4205,3067,42.6,1715,5557,1294
77466,335,148,187,57.8,33,302,85
77467,0,0,0,-,0,0,0
77468,0,0,0,-,0,0,0
77469,60971,30570,30401,35.4,15610,45361,6948
77470,404,242,162,41.8,96,308,72
77471,43116,20979,22137,32.2,11036,32080,5550
77473,24,13,11,68.7,0,24,14
77474,14819,7219,7600,38.9,3691,11128,2808
77475,446,243,203,70.1,13,433,312
77476,270,114,156,53,67,203,99
77477,33771,16398,17373,33.7,7530,26241,3664
77478,23105,11125,11980,48.2,3808,19297,5649
77479,91618,45450,46168,40.9,23311,68307,13735
77480,8017,3906,4111,39,2265,5752,1726
77481,103,14,89,84.4,0,103,91
77482,1403,756,647,43.1,203,1200,272
77483,319,170,149,34.1,112,207,0
77484,13661,6805,6856,31.8,2843,10818,1684
77485,3454,1917,1537,39.2,724,2730,511
77486,7689,3769,3920,38.1,1773,5916,1654
77488,14205,6985,7220,40.6,3025,11180,2735
77489,37748,18210,19538,36.5,9410,28338,4990
77493,55317,26852,28465,31.7,17553,37764,4543
77494,130920,64479,66441,37.7,41666,89254,11692
77498,54402,27161,27241,35.2,13982,40420,6288
77502,36374,18148,18226,31.5,10635,25739,3810
77503,23248,11741,11507,33.6,6905,16343,2601
77504,25401,12217,13184,32.6,6752,18649,3688
77505,23179,11088,12091,35.6,6155,17024,2970
77506,37561,18997,18564,28.4,12580,24981,2395
77507,561,283,278,30.1,21,540,0
77510,13506,6467,7039,43.4,2480,11026,2423
77511,50799,24916,25883,34.1,13513,37286,6672
77514,5541,2767,2774,40.1,1287,4254,1093
77515,33406,17561,15845,38.5,6333,27073,4724
77517,6160,3214,2946,41,1612,4548,582
77518,10313,4892,5421,32.1,3227,7086,850
77519,561,296,265,48.2,131,430,126
77520,36488,18196,18292,37.4,9539,26949,4899
77521,66215,33847,32368,33,19120,47095,6523
77523,27489,14110,13379,33.4,7609,19880,2534
77530,31304,16187,15117,29.8,10196,21108,3029
77531,15842,8031,7811,30.7,4014,11828,1806
77532,31384,15476,15908,36.2,8435,22949,4138
77533,1059,495,564,44.9,228,831,198
77534,3210,1501,1709,34.7,1052,2158,248
77535,36841,17282,19559,35.2,9288,27553,4469
77536,33111,16527,16584,37.5,8001,25110,5433
77538,987,511,476,39.9,290,697,137
77539,47240,23012,24228,36.5,11757,35483,5956
77541,17087,8365,8722,37,4472,12615,2712
77545,25988,12677,13311,37.1,5898,20090,2271
77546,53830,26514,27316,38.7,14186,39644,7587
77547,9336,4916,4420,27.3,3188,6148,775
77550,23215,11451,11764,39.2,3346,19869,4382
77551,22521,11703,10818,37.1,4368,18153,3974
77554,9825,5459,4366,53.4,788,9037,2448
77555,3,0,3,42.5,0,3,1
77560,1079,531,548,38.6,277,802,84
77561,45,45,0,29.3,0,45,0
77562,9793,4880,4913,35.2,2628,7165,1551
77563,10382,4796,5586,40.6,2307,8075,1908
77564,1907,845,1062,50.2,486,1421,384
77565,6493,3031,3462,48.4,1147,5346,1310
77566,30538,15392,15146,34.6,7660,22878,4208
77568,20417,9863,10554,37.1,5209,15208,2813
77571,37346,18565,18781,36.4,9490,27856,5147
77573,95704,49294,46410,37,26121,69583,10882
77575,16392,8014,8378,37.4,4369,12023,2956
77577,1106,630,476,45.6,249,857,205
77578,24322,12261,12061,37.5,6370,17952,2504
77580,0,0,0,-,0,0,0
77581,50554,24974,25580,37.1,13410,37144,6707
77582,363,184,179,49.1,55,308,18
77583,44443,26184,18259,36.3,11443,33000,2791
77584,90364,44013,46351,36,25890,64474,9747
77585,1036,618,418,32.1,284,752,66
77586,23802,11801,12001,41.8,5442,18360,4048
77587,16185,7827,8358,28.3,5441,10744,1333
77590,33347,16435,16912,36.4,8385,24962,5614
77591,15914,6778,9136,35.7,3759,12155,2354
77597,398,241,157,35.9,51,347,11
77598,26635,13543,13092,34.5,5616,21019,2695
77611,9814,5113,4701,38,2631,7183,1269
77612,9725,4591,5134,37.3,2606,7119,1679
77613,855,372,483,39.9,190,665,197
77614,493,252,241,57.6,99,394,170
77615,339,167,172,47.5,49,290,55
77616,686,446,240,37.2,98,588,83
77617,38,16,22,67.4,0,38,26
77619,17110,8645,8465,38.9,4035,13075,2964
77622,1990,958,1032,29.3,640,1350,222
77623,515,251,264,60.9,32,483,173
77624,644,290,354,63.3,83,561,267
77625,8274,4059,4215,39.9,1781,6493,1520
77627,22180,10634,11546,38.1,5450,16730,3620
77629,576,255,321,50.5,68,508,208
77630,29160,13943,15217,35.4,8015,21145,4614
77632,21451,10761,10690,40.4,4837,16614,3708
77640,16896,8649,8247,37.9,3790,13106,2998
77642,38720,18314,20406,30.9,11890,26830,4252
77650,2073,893,1180,65.4,100,1973,1103
77651,13635,6718,6917,39,3373,10262,2126
77655,294,166,128,59.4,15,279,102
77656,17280,8137,9143,41.9,4120,13160,3199
77657,21084,10362,10722,39.5,4996,16088,3849
77659,6305,3353,2952,33.5,2159,4146,654
77660,1111,591,520,51.8,153,958,395
77661,371,224,147,16.5,208,163,0
77662,25849,13167,12682,40.4,5856,19993,4028
77663,888,384,504,42.5,196,692,147
77664,2621,1526,1095,49.4,551,2070,688
77665,6593,3556,3037,41.6,1573,5020,1119
77701,12955,6490,6465,36.8,3218,9737,1800
77702,3234,1545,1689,40.4,761,2473,528
77703,11704,6111,5593,32.2,3478,8226,1969
77705,38228,24869,13359,38.3,6055,32173,4442
77706,29693,14636,15057,38.3,6704,22989,5708
77707,18124,8735,9389,34.8,5142,12982,2812
77708,13284,6309,6975,36.6,3065,10219,2065
77713,14458,7208,7250,35.8,3926,10532,1870
77801,15163,7575,7588,22.8,3977,11186,583
77802,24226,11656,12570,37.5,4455,19771,4892
77803,32130,16313,15817,30.4,9425,22705,2743
77807,12949,6700,6249,32.2,2529,10420,1246
77808,14666,7240,7426,41.4,3188,11478,2578
77830,2815,1370,1445,40.9,714,2101,424
77831,3095,1436,1659,50.3,701,2394,712
77833,28884,14120,14764,40.1,6437,22447,5774
77835,2912,1451,1461,43.7,816,2096,752
77836,12042,5877,6165,44.9,2789,9253,2624
77837,1439,649,790,47.2,340,1099,386
77840,53891,29276,24615,22.1,5633,48258,1765
77843,7591,4268,3323,19.4,96,7495,0
77845,73969,35889,38080,32.2,17652,56317,8532
77852,14,14,0,-,0,14,0
77853,1009,459,550,51.5,169,840,232
77855,64,28,36,61.4,0,64,14
77856,4748,2218,2530,37.4,1310,3438,983
77857,1033,492,541,47.7,253,780,250
77859,7220,3730,3490,39.2,1493,5727,1289
77861,2921,1540,1381,43.1,734,2187,540
77863,348,209,139,12.1,267,81,0
77864,7565,3755,3810,37.7,1885,5680,1321
77865,2141,1054,1087,35.9,710,1431,346
77866,0,0,0,-,0,0,0
77867,211,100,111,47.4,66,145,103
77868,17559,10131,7428,38.1,3680,13879,2710
77871,2528,1239,1289,55.5,362,2166,649
77872,2327,1082,1245,33.2,680,1647,380
77873,1287,583,704,47.7,313,974,215
77875,0,0,0,-,0,0,0
77876,175,32,143,46.5,33,142,39
77878,705,347,358,43.8,68,637,105
77879,4876,2343,2533,44.8,823,4053,1171
77880,2041,1013,1028,57.2,242,1799,798
77882,36,15,21,-,0,36,0
77901,40137,19469,20668,32.8,10274,29863,5814
77904,29761,14896,14865,38.2,7381,22380,5240
77905,16500,8148,8352,40.3,3822,12678,2896
77950,156,97,59,54,18,138,51
77951,1246,440,806,41.1,382,864,320
77954,10918,5929,4989,40.9,2178,8740,1720
77957,8492,4122,4370,40.8,2191,6301,1782
77960,55,55,0,-,0,55,0
77961,137,92,45,-,0,137,45
77962,3813,1808,2005,32.9,949,2864,432
77963,5246,2570,2676,40.6,1186,4060,1191
77964,7911,3762,4149,43.2,1950,5961,1693
77968,3220,1730,1490,39.2,919,2301,619
77969,224,76,148,54.4,28,196,88
77970,273,142,131,33.1,65,208,34
77971,854,592,262,47.8,109,745,300
77973,23,17,6,55.4,0,23,0
77974,565,290,275,36.1,187,378,88
77975,1643,879,764,48.6,372,1271,439
77976,49,27,22,65.6,0,49,28
77977,536,376,160,40.4,166,370,88
77978,458,282,176,41.3,73,385,107
77979,16607,8391,8216,37.4,4058,12549,2828
77982,791,390,401,64.6,93,698,374
77983,2337,1343,994,37.9,582,1755,403
77984,4365,2121,2244,47.6,972,3393,1252
77986,16,8,8,-,0,16,0
77987,146,94,52,38,46,100,10
77988,161,78,83,52.7,0,161,18
77990,962,471,491,52.1,214,748,215
77991,526,267,259,18.4,259,267,23
77993,214,89,125,41.5,76,138,67
77994,430,182,248,32.2,131,299,63
77995,10890,5470,5420,39.1,2852,8038,2418
78001,0,0,0,-,0,0,0
78002,8047,4127,3920,30.9,2292,5755,926
78003,8940,4201,4739,52,2192,6748,2542
78004,610,223,387,65.2,53,557,308
78005,1421,834,587,41.3,33,1388,431
78006,41236,20187,21049,42.5,9441,31795,8074
78007,196,70,126,14,99,97,24
78008,365,155,210,33.1,119,246,74
78009,9202,4896,4306,42.3,1980,7222,1464
78010,4174,2329,1845,45.9,932,3242,690
78011,1608,819,789,32.6,456,1152,254
78012,253,113,140,32.4,57,196,39
78013,5169,2486,2683,50.9,863,4306,1184
78014,5245,3265,1980,35.7,1307,3938,919
78015,21583,10014,11569,37.7,6303,15280,3091
78016,11345,5618,5727,41.9,2745,8600,1955
78017,5471,3682,1789,32.9,1362,4109,458
78019,1877,1125,752,37.4,242,1635,443
78021,5,2,3,-,0,5,5
78022,4724,2117,2607,37.7,1097,3627,1090
78023,28195,14160,14035,43.5,6408,21787,4669
78024,1190,618,572,55.9,139,1051,337
78025,5264,2634,2630,49.4,1054,4210,1372
78026,6426,3012,3414,41.4,1523,4903,1288
78027,460,277,183,48.7,47,413,48
78028,39906,19029,20877,47.2,7342,32564,11740
78029,0,0,0,-,0,0,0
78039,2193,953,1240,44.6,349,1844,397
78040,36727,17817,18910,29.6,11402,25325,5049
78041,47594,23074,24520,31.4,13539,34055,6198
78043,44443,21865,22578,28.5,13959,30484,4393
78044,397,252,145,37.1,105,292,53
78045,67686,33867,33819,32.2,21094,46592,4686
78046,69422,35086,34336,26,24854,44568,5259
78050,713,296,417,31.3,295,418,63
78052,6339,3046,3293,37.7,1357,4982,893
78055,2036,1023,1013,55.8,241,1795,660
78056,2096,1077,1019,42.4,458,1638,361
78057,556,278,278,48.6,116,440,230
78058,871,445,426,63.7,73,798,397
78059,6106,2740,3366,36.9,1454,4652,1126
78061,10892,6287,4605,32.6,2724,8168,1243
78062,0,0,0,-,0,0,0
78063,10309,5307,5002,50.3,1637,8672,2531
78064,15969,7874,8095,35.3,4738,11231,2471
78065,11741,6097,5644,36.3,3233,8508,1792
78066,707,384,323,68.3,25,682,432
78067,811,345,466,39.1,307,504,152
78069,7124,3592,3532,32.5,1514,5610,865
78070,18529,9482,9047,47.9,3888,14641,3627
78071,3837,2491,1346,38.4,584,3253,705
78072,437,208,229,39.1,106,331,87
78073,9219,4849,4370,32.4,2476,6743,921
78074,69,37,32,-,0,69,69
78075,154,113,41,74.5,6,148,108
78076,13037,6573,6464,30.5,4209,8828,1745
78101,8863,4570,4293,40.9,2529,6334,1683
78102,26887,17142,9745,35.4,5050,21837,3165
78104,86,58,28,27.1,41,45,0
78107,310,152,158,59.5,54,256,102
78108,46463,23121,23342,35.5,13261,33202,5153
78109,52507,26044,26463,33.2,15552,36955,5201
78111,0,0,0,-,0,0,0
78112,10234,5365,4869,37.4,2601,7633,1211
78113,2691,1419,1272,45.2,675,2016,663
78114,23351,12367,10984,40.8,4976,18375,4118
78116,220,110,110,70,12,208,160
78117,667,254,413,40.4,191,476,96
78118,4147,2495,1652,39.3,699,3448,558
78119,7147,4608,2539,35.5,1292,5855,936
78121,14461,7139,7322,38.9,3818,10643,1729
78122,207,149,58,64.3,4,203,63
78123,2310,1214,1096,46.7,500,1810,558
78124,7250,3597,3653,42.5,1461,5789,1167
78125,21,10,11,74.8,3,18,14
78130,91275,45586,45689,35.1,22049,69226,12033
78132,37386,18296,19090,43.3,9143,28243,7033
78133,22120,10989,11131,49.2,4538,17582,5397
78140,3889,1887,2002,27.6,1342,2547,340
78141,850,437,413,55,130,720,302
78142,35,15,20,80.4,0,35,23
78143,191,104,87,45.8,0,191,76
78144,0,0,0,-,0,0,0
78145,81,34,47,37.4,28,53,17
78146,798,448,350,35.2,325,473,130
78147,1709,904,805,30,507,1202,264
78148,22236,11169,11067,34.9,5734,16502,2656
78150,0,0,0,-,0,0,0
78151,1592,662,930,30.7,459,1133,273
78152,2969,1478,1491,41.3,543,2426,550
78154,40535,20129,20406,37.5,9463,31072,5170
78155,52295,25756,26539,37.5,11400,40895,8972
78159,587,313,274,43.4,132,455,149
78160,5008,2385,2623,41.3,992,4016,870
78161,519,159,360,32.3,136,383,75
78162,343,134,209,29.8,106,237,67
78163,15389,7779,7610,46.3,3345,12044,3419
78164,3397,1779,1618,44.9,761,2636,1015
78201,45355,22244,23111,37.7,9691,35664,7133
78202,9695,5032,4663,39,1832,7863,1205
78203,5174,2549,2625,36.5,1355,3819,528
78204,11969,6355,5614,34,2540,9429,1578
78205,1741,983,758,44,89,1652,425
78207,51381,26762,24619,32.7,14509,36872,6334
78208,4186,2327,1859,33.9,989,3197,723
78209,43184,20501,22683,36.9,9319,33865,6645
78210,33413,17224,16189,35.2,8291,25122,4749
78211,31433,15974,15459,36.2,8012,23421,4361
78212,26911,13430,13481,38.1,3988,22923,4483
78213,42321,20555,21766,35.3,10787,31534,5081
78214,22914,11092,11822,36.7,5962,16952,3808
78215,3231,1706,1525,32.7,125,3106,395
78216,42379,20599,21780,35.1,8512,33867,5507
78217,32152,15214,16938,35.6,6271,25881,5037
78218,37122,18271,18851,36.1,8655,28467,5404
78219,16442,8460,7982,33.2,4733,11709,2497
78220,16919,8177,8742,34.8,4906,12013,2448
78221,40272,20612,19660,35,10475,29797,5375
78222,24866,12249,12617,34.9,6090,18776,3189
78223,55063,27279,27784,34.9,14762,40301,6331
78224,20965,10179,10786,31,5985,14980,2346
78225,13802,6538,7264,37.7,3341,10461,2211
78226,7357,3367,3990,33.1,2045,5312,953
78227,45553,21757,23796,33.4,13269,32284,5062
78228,57172,28019,29153,34.9,14297,42875,9134
78229,34082,16361,17721,29.8,6861,27221,3685
78230,42387,20684,21703,38.2,7333,35054,7551
78231,9972,4896,5076,38.7,1963,8009,1759
78232,36169,17426,18743,38.5,8404,27765,6310
78233,47172,22917,24255,34.6,11494,35678,6049
78234,5534,2843,2691,20.9,1620,3914,29
78235,2548,1430,1118,27.4,525,2023,65
78236,8154,5075,3079,21.3,931,7223,19
78237,38492,18597,19895,34.1,10633,27859,4843
78238,25900,13013,12887,34.7,6244,19656,3784
78239,30482,14476,16006,36,7469,23013,4976
78240,57532,28855,28677,31.9,13022,44510,7496
78242,36404,18402,18002,27.8,12616,23788,3470
78243,299,252,47,22,0,299,0
78244,36234,17677,18557,33,9550,26684,2856
78245,92770,47046,45724,30.8,26289,66481,7731
78247,49888,24115,25773,37.4,11439,38449,7141
78248,13366,6736,6630,42.9,2905,10461,2720
78249,60769,31083,29686,28.2,10971,49798,5579
78250,59434,30102,29332,34.5,15294,44140,6795
78251,62064,30185,31879,31.7,16154,45910,5072
78252,15624,9182,6442,31.6,4147,11477,1035
78253,63735,30371,33364,32.7,19782,43953,5721
78254,76945,39281,37664,31.9,24067,52878,5139
78255,18149,9301,8848,40.5,4584,13565,2742
78256,12195,6511,5684,27,2623,9572,836
78257,9783,5192,4591,37.2,1717,8066,1402
78258,48344,24662,23682,37.5,12385,35959,6278
78259,26568,12924,13644,38.9,6758,19810,3807
78260,35972,17334,18638,39.4,9813,26159,4889
78261,25729,13635,12094,37.2,6725,19004,2079
78263,5642,2457,3185,41.4,1453,4189,951
78264,12545,6399,6146,35.4,3214,9331,1229
78266,6913,3719,3194,47.7,1380,5533,1337
78330,489,245,244,41.4,114,375,121
78332,27003,13512,13491,35,7706,19297,3950
78336,11774,6298,5476,41.9,2969,8805,2177
78338,0,0,0,-,0,0,0
78339,316,191,125,49.7,55,261,101
78340,396,193,203,53.4,32,364,126
78341,1508,645,863,26.5,479,1029,192
78342,363,196,167,51.3,71,292,96
78343,4554,2226,2328,43.8,970,3584,1120
78344,488,237,251,48.2,102,386,63
78347,24,24,0,-,0,24,24
78349,568,292,276,28.4,262,306,181
78351,652,167,485,20.7,292,360,14
78352,235,116,119,29.3,109,126,25
78353,381,191,190,55.9,34,347,178
78355,7080,3424,3656,38,1665,5415,1335
78357,2817,1245,1572,31.7,652,2165,449
78358,832,306,526,62.8,50,782,357
78359,2122,1006,1116,32.4,622,1500,337
78360,0,0,0,-,0,0,0
78361,4830,2515,2315,25.2,1559,3271,408
78362,10737,5608,5129,37.9,2825,7912,1413
78363,29246,14842,14404,28.1,7124,22122,3700
78368,8989,4683,4306,41.8,2044,6945,1757
78369,220,113,107,43.7,45,175,45
78370,5350,2534,2816,36.4,1381,3969,927
78371,130,87,43,48.6,17,113,34
78372,4999,2145,2854,37.2,1335,3664,982
78373,3242,1531,1711,57.4,482,2760,1109
78374,20037,10370,9667,34.1,5228,14809,2679
78375,3238,1864,1374,27.2,719,2519,482
78376,258,151,107,49.6,64,194,45
78377,3296,1565,1731,39.9,917,2379,719
78379,1597,735,862,50.4,383,1214,352
78380,24055,11994,12061,40.7,5954,18101,4678
78382,19425,9574,9851,51.1,3240,16185,5465
78383,4374,2245,2129,43.7,966,3408,789
78384,5510,2949,2561,36,1474,4036,766
78385,116,69,47,39.9,28,88,42
78387,9148,4549,4599,35.9,2379,6769,1309
78389,2097,1047,1050,37.2,592,1505,302
78390,5737,2924,2813,35.3,1695,4042,896
78391,150,72,78,38.5,50,100,31
78393,1966,885,1081,43,336,1630,388
78401,4583,3017,1566,48.3,302,4281,1143
78402,308,216,92,37.8,70,238,84
78404,14873,7090,7783,42.9,2958,11915,2527
78405,14901,7464,7437,36.4,3679,11222,2201
78406,2240,1338,902,34,490,1750,290
78407,1796,796,1000,42,422,1374,265
78408,10104,4621,5483,37.1,3012,7092,1598
78409,2424,1156,1268,34.5,603,1821,414
78410,28167,13896,14271,33,8154,20013,2988
78411,23492,11689,11803,38.9,4639,18853,4503
78412,40398,19916,20482,29.9,8210,32188,5151
78413,35750,17446,18304,35.3,7922,27828,4974
78414,48891,24774,24117,33.4,12957,35934,5382
78415,42831,21540,21291,34.6,12252,30579,5948
78416,13865,6432,7433,40.3,3219,10646,2755
78417,4542,2319,2223,38.6,1012,3530,597
78418,29626,15583,14043,42.5,6721,22905,5011
78419,553,219,334,24.5,268,285,0
78501,59954,29189,30765,35.9,15387,44567,9955
78503,21799,10979,10820,30.9,6510,15289,2868
78504,60999,30381,30618,31.1,18144,42855,5887
78516,34469,16628,17841,30.5,10689,23780,4221
78520,62344,29536,32808,31.8,16717,45627,8478
78521,87040,42865,44175,30.9,25211,61829,11988
78526,59547,29709,29838,28.8,19118,40429,4631
78535,633,343,290,45.2,98,535,116
78536,404,209,195,37.5,100,304,41
78537,51034,25746,25288,26.1,18729,32305,5743
78538,10091,5110,4981,33.1,3076,7015,1142
78539,37182,18714,18468,34.8,8634,28548,4882
78540,0,0,0,-,0,0,0
78541,48558,22591,25967,27,15643,32915,3579
78542,83925,44279,39646,27,29220,54705,5657
78543,8614,3984,4630,36,2263,6351,1129
78545,444,218,226,45.3,99,345,131
78547,358,215,143,22.3,118,240,0
78548,1384,714,670,33,449,935,168
78549,838,425,413,29.5,378,460,115
78550,54441,26927,27514,33.1,16195,38246,8203
78552,40824,20255,20569,34.2,12071,28753,6597
78557,14075,7247,6828,28.8,4327,9748,1678
78558,533,292,241,46.5,116,417,211
78559,12973,6111,6862,31,4383,8590,2130
78560,4500,2063,2437,30.6,1126,3374,505
78561,900,437,463,35.9,180,720,188
78562,3157,1830,1327,31.8,688,2469,238
78563,62,32,30,64.1,0,62,13
78564,48,35,13,27.2,17,31,0
78565,57,51,6,74.4,0,57,51
78566,24232,12688,11544,32.4,7913,16319,2482
78567,484,224,260,26.9,166,318,69
78569,4133,2212,1921,40.6,819,3314,850
78570,35043,16969,18074,27.7,11668,23375,4210
78572,76753,37703,39050,37.8,21004,55749,14159
78573,43555,21518,22037,27.7,14390,29165,3917
78574,63165,31199,31966,27.7,21746,41419,4582
78575,4649,2450,2199,38.4,1170,3479,633
78576,13466,6313,7153,19.6,6014,7452,590
78577,79496,38143,41353,29.4,26369,53127,8578
78578,10540,5125,5415,44.1,2535,8005,2644
78579,3063,1376,1687,28.5,1046,2017,363
78580,13344,7448,5896,31.4,3478,9866,1627
78582,44988,22282,22706,28,14972,30016,4358
78583,6384,3063,3321,41.6,1628,4756,1413
78584,17721,8318,9403,29.3,5627,12094,2753
78585,0,0,0,-,0,0,0
78586,49504,24451,25053,30.2,15223,34281,6703
78588,124,54,70,52.2,30,94,38
78589,40115,20557,19558,29.5,13244,26871,4419
78590,711,408,303,27.6,192,519,87
78591,270,182,88,44.6,52,218,36
78592,587,301,286,48.3,89,498,169
78593,5015,2566,2449,30.1,1505,3510,571
78594,1398,675,723,46.7,207,1191,420
78595,6128,2742,3386,33.1,2108,4020,497
78596,36545,18081,18464,32.8,10909,25636,5685
78597,2386,1373,1013,58.5,228,2158,674
78598,108,66,42,67.2,9,99,62
78599,35999,17497,18502,26.6,13033,22966,3007
78602,34978,18456,16522,39.4,7601,27377,5557
78605,7463,3834,3629,39,1508,5955,1129
78606,6942,3506,3436,46.6,1453,5489,1374
78607,208,141,67,48.8,31,177,34
78608,298,111,187,65.3,48,250,154
78609,1880,993,887,63.2,281,1599,835
78610,44410,21625,22785,35.8,11494,32916,4541
78611,13815,6564,7251,48.5,2430,11385,3597
78612,19354,9918,9436,31.1,6926,12428,2209
78613,88189,44203,43986,37.4,21458,66731,9455
78614,302,145,157,60.2,25,277,60
78615,1781,886,895,30.3,666,1115,321
78616,8821,4828,3993,33.8,2541,6280,1044
78617,29244,15083,14161,33.5,7294,21950,2078
78618,310,133,177,65.4,46,264,160
78619,6067,2929,3138,44.6,1416,4651,1295
78620,19893,10423,9470,41.7,5059,14834,2984
78621,26133,12462,13671,38.2,6916,19217,3611
78622,353,110,243,40.6,101,252,74
78623,1094,528,566,62.9,127,967,439
78624,23538,11447,12091,49.8,4699,18839,6778
78626,40758,20704,20054,33.9,9719,31039,4070
78628,41428,20222,21206,40.2,9833,31595,7337
78629,12054,6201,5853,35.5,3385,8669,1970
78631,2818,1617,1201,46.5,724,2094,661
78632,1188,658,530,42.6,225,963,218
78633,27292,12187,15105,67.9,2471,24821,15447
78634,41099,20717,20382,36.5,10402,30697,2997
78635,73,39,34,73.9,0,73,66
78636,3582,1768,1814,52.5,579,3003,1026
78638,1982,1041,941,40.5,447,1535,438
78639,8274,3560,4714,53.8,1403,6871,2662
78640,68265,35202,33063,33,18981,49284,4879
78641,87106,43481,43625,36.4,24642,62464,7738
78642,20699,10021,10678,36.2,5849,14850,2219
78643,6811,3301,3510,52.4,1212,5599,2112
78644,20088,9171,10917,38.7,4503,15585,3309
78645,14344,7668,6676,53,2021,12323,3694
78648,8250,4274,3976,48.8,1212,7038,2127
78650,2807,1344,1463,40.4,814,1993,496
78652,5199,2722,2477,39.9,1264,3935,759
78653,32884,16190,16694,31.7,10708,22176,1827
78654,19379,9576,9803,42.1,4407,14972,4557
78655,3671,2009,1662,46.6,739,2932,322
78656,2631,1256,1375,32.3,718,1913,253
78657,6958,3482,3476,59.8,984,5974,2753
78658,78,39,39,65,0,78,39
78659,2782,1506,1276,48.4,647,2135,487
78660,113386,56495,56891,34.8,31010,82376,7862
78661,437,211,226,33.9,137,300,103
78662,3035,1617,1418,46.2,659,2376,664
78663,599,333,266,57.9,14,585,163
78664,62168,29847,32321,34.5,14615,47553,5967
78665,61640,30626,31014,35.4,16947,44693,6029
78666,86530,42121,44409,26.5,12360,74170,9434
78669,10802,5598,5204,47.8,2183,8619,2339
78670,156,65,91,44.5,58,98,35
78671,755,366,389,56.3,43,712,245
78672,687,341,346,70.5,70,617,394
78674,233,120,113,35.4,67,166,5
78675,96,53,43,60.9,19,77,25
78676,15321,8044,7277,49,2458,12863,4268
78677,12,0,12,-,0,12,0
78681,57760,29499,28261,39.4,16079,41681,6216
78701,10659,6066,4593,41.5,193,10466,1208
78702,25723,13731,11992,34.5,3881,21842,2489
78703,22669,11901,10768,39.8,3426,19243,2958
78704,50250,25724,24526,33.7,5821,44429,4146
78705,32644,15055,17589,21.1,566,32078,759
78712,210,210,0,21.4,0,210,0
78717,34499,17830,16669,36.3,9765,24734,3228
78719,1511,814,697,46,214,1297,288
78721,10445,5259,5186,33.8,1989,8456,846
78722,6308,3267,3041,34.8,846,5462,716
78723,37000,18877,18123,35.3,8051,28949,4093
78724,28331,15696,12635,31.3,8454,19877,1334
78725,9896,4804,5092,38.5,1903,7993,934
78726,13696,7455,6241,36,2774,10922,1164
78727,30601,16226,14375,35.3,5498,25103,3184
78728,27111,13295,13816,33.8,5638,21473,1801
78729,31309,16739,14570,34.7,5637,25672,2986
78730,9746,5096,4650,44.4,2122,7624,1604
78731,26314,13453,12861,40.4,4480,21834,4700
78732,19311,9390,9921,38.3,5820,13491,1761
78733,9014,4767,4247,43.3,2817,6197,1288
78734,21685,10925,10760,50.1,4336,17349,5001
78735,19793,9651,10142,37.7,4000,15793,2838
78736,9352,4704,4648,43.1,1614,7738,1480
78737,24951,12902,12049,36.9,8761,16190,3106
78738,28613,14469,14144,42.4,7972,20641,4382
78739,19907,10427,9480,40.1,6055,13852,2203
78741,45780,24520,21260,29.8,6905,38875,2046
78742,1241,479,762,25.4,452,789,85
78744,49452,25294,24158,32.2,12401,37051,3533
78745,61322,31224,30098,37.5,9193,52129,8231
78746,28329,13947,14382,42.1,7158,21171,4439
78747,21253,11050,10203,36.2,4776,16477,2533
78748,53550,26539,27011,36,10588,42962,5885
78749,34714,17000,17714,42.2,6559,28155,5058
78750,28564,14622,13942,39.8,6224,22340,4292
78751,16326,8488,7838,30.2,1034,15292,825
78752,22599,12748,9851,32.4,3801,18798,1950
78753,59951,31820,28131,32,14096,45855,4491
78754,31110,15523,15587,34.1,7986,23124,2523
78756,9816,5140,4676,35.5,1269,8547,915
78757,25183,12041,13142,38.1,5405,19778,3156
78758,51185,25799,25386,32.3,11375,39810,3915
78759,45400,23153,22247,38,7493,37907,6755
78801,21248,10589,10659,32.2,5603,15645,3336
78802,0,0,0,-,0,0,0
78827,742,275,467,58.1,93,649,298
78828,83,41,42,68.5,0,83,60
78829,1124,645,479,24.6,429,695,112
78830,479,179,300,37.1,123,356,114
78832,3157,1947,1210,47.5,371,2786,759
78833,1261,587,674,49,279,982,373
78834,7386,3863,3523,36,2189,5197,1048
78836,65,32,33,42.4,6,59,13
78837,128,73,55,65.8,6,122,82
78838,105,61,44,70.1,0,105,83
78839,7415,3852,3563,33.8,2117,5298,1250
78840,47030,24157,22873,31.9,13341,33689,6552
78841,0,0,0,-,0,0,0
78842,0,0,0,-,0,0,0
78843,459,383,76,23,0,459,0
78850,827,389,438,39,263,564,174
78851,61,61,0,-,0,61,61
78852,56745,28380,28365,29.9,17704,39041,6729
78860,0,0,0,-,0,0,0
78861,13131,7576,5555,36.9,2501,10630,2110
78870,1302,639,663,39.7,360,942,152
78871,32,11,21,42.2,14,18,0
78872,1161,604,557,26.8,301,860,197
78873,1278,662,616,56.3,382,896,469
78877,1061,503,558,49.5,223,838,102
78879,291,80,211,45.8,33,258,114
78880,1269,705,564,40,270,999,239
78881,1415,690,725,52.6,266,1149,301
78883,267,119,148,70.2,20,247,139
78884,1068,585,483,47.1,267,801,291
78885,100,48,52,62.8,7,93,24
78886,393,266,127,46.5,46,347,40
78931,210,76,134,53.3,56,154,74
78932,486,195,291,58.8,88,398,177
78933,1120,545,575,45.5,330,790,274
78934,6478,3037,3441,47.5,1340,5138,1540
78935,594,311,283,63.5,53,541,290
78938,221,135,86,39.4,50,171,46
78940,2071,1140,931,56.4,264,1807,691
78941,3430,1792,1638,45.2,734,2696,870
78942,9746,4900,4846,41.4,2005,7741,1768
78943,304,100,204,50.7,14,290,23
78944,676,299,377,58.7,71,605,237
78945,10718,5227,5491,48,2026,8692,2780
78946,931,490,441,47.1,98,833,262
78947,4818,2343,2475,40.7,1199,3619,1100
78948,689,334,355,47.6,143,546,192
78949,662,252,410,48.2,60,602,201
78950,2376,1141,1235,46.7,553,1823,523
78951,0,0,0,-,0,0,0
78953,1145,593,552,52.3,49,1096,302
78954,1272,636,636,55.8,242,1030,392
78956,5067,2623,2444,42.8,1260,3807,1042
78957,9887,4912,4975,39.9,2297,7590,1808
78959,1601,733,868,48.4,214,1387,362
78962,5202,2644,2558,45.5,959,4243,1192
78963,608,279,329,52.1,125,483,148
79001,210,110,100,48,56,154,25
79002,33,19,14,59.4,2,31,12
79003,132,80,52,39.8,16,116,33
79005,1669,791,878,32.2,491,1178,218
79007,13928,7096,6832,36.9,3576,10352,2163
79008,0,0,0,-,0,0,0
79009,1627,824,803,40.4,402,1225,201
79010,423,367,56,16.1,339,84,0
79011,214,149,65,56.1,33,181,84
79012,0,0,0,-,0,0,0
79013,3019,1696,1323,30,967,2052,173
79014,3195,1813,1382,40.5,798,2397,550
79015,22659,11127,11532,34.1,5198,17461,2903
79016,600,371,229,19.5,0,600,0
79018,399,156,243,45.2,72,327,95
79019,1800,814,986,45.1,385,1415,524
79021,72,36,36,57.3,8,64,25
79022,10672,5995,4677,36.2,2956,7716,1220
79024,339,157,182,46.4,81,258,67
79025,13,5,8,-,0,13,13
79027,4720,2393,2327,34.3,1294,3426,801
79029,15358,7956,7402,29.8,4857,10501,1903
79031,1263,689,574,40.2,322,941,271
79032,114,66,48,34.1,36,78,13
79033,26,6,20,53.9,0,26,11
79034,510,233,277,36.2,152,358,100
79035,5439,3063,2376,38.4,1261,4178,1035
79036,5147,2621,2526,40.3,1122,4025,1097
79039,695,318,377,38.8,208,487,134
79040,2271,1236,1035,33,641,1630,264
79041,2612,1399,1213,50.7,505,2107,526
79042,1103,556,547,30.5,351,752,188
79043,1634,847,787,32.6,508,1126,166
79044,662,280,382,38.8,162,500,152
79045,18597,9388,9209,31.6,5802,12795,2279
79046,588,237,351,37.7,197,391,153
79051,4,4,0,-,0,4,4
79052,1157,654,503,35.1,272,885,174
79053,95,57,38,16.6,56,39,8
79054,551,251,300,31.3,177,374,75
79056,65,43,22,59.1,10,55,16
79057,1167,554,613,38.2,362,805,236
79058,0,0,0,-,0,0,0
79059,645,345,300,41,165,480,86
79061,328,148,180,54.4,80,248,58
79062,330,127,203,23.3,111,219,16
79063,629,339,290,43.6,181,448,160
79064,2371,1217,1154,36.6,632,1739,343
79065,19549,10601,8948,36.7,4798,14751,3128
79066,12,7,5,-,0,12,5
79068,3269,1696,1573,42.4,690,2579,750
79070,9693,4880,4813,32.6,2959,6734,999
79072,25747,13298,12449,31.5,7023,18724,3357
79073,16,10,6,14.5,10,6,0
79078,150,98,52,54.8,49,101,58
79079,2409,1231,1178,36.9,566,1843,434
79080,437,174,263,47.7,110,327,123
79081,3257,1766,1491,35.4,937,2320,466
79082,197,88,109,40.9,42,155,45
79083,1715,876,839,34.7,500,1215,318
79084,1402,611,791,41.2,333,1069,273
79085,0,0,0,-,0,0,0
79086,3420,1679,1741,37.4,945,2475,346
79087,838,491,347,36.2,264,574,116
79088,5355,3017,2338,35.4,1314,4041,938
79091,70,15,55,11.8,38,32,0
79092,1277,687,590,41.4,271,1006,230
79093,127,65,62,53.3,46,81,35
79094,12,4,8,73.8,0,12,9
79095,2736,1346,1390,38.1,823,1913,523
79096,2001,1024,977,40.6,546,1455,453
79097,1063,576,487,40.5,248,815,193
79098,450,206,244,53.8,54,396,159
79101,2498,1114,1384,51.1,296,2202,881
79102,8805,4487,4318,36.4,2247,6558,1255
79103,10961,5420,5541,32.1,3300,7661,1450
79104,6253,3242,3011,34.5,1853,4400,782
79106,27992,13442,14550,33.8,7341,20651,4598
79107,38441,22134,16307,32.6,10740,27701,3395
79108,11161,5346,5815,40.4,2777,8384,1953
79109,42659,20542,22117,37.7,10057,32602,7763
79110,18844,9483,9361,31.9,4956,13888,2084
79111,1854,989,865,27.8,684,1170,67
79118,26937,13426,13511,36.6,6682,20255,3336
79119,22371,11260,11111,36.3,5520,16851,3149
79121,5696,2890,2806,46.3,925,4771,1698
79124,11207,5388,5819,42.7,2837,8370,2306
79201,6799,4421,2378,32.6,1257,5542,952
79220,212,119,93,36.6,72,140,48
79223,103,58,45,40.5,34,69,32
79225,901,493,408,36.4,182,719,150
79226,2713,1403,1310,39.1,528,2185,611
79227,1125,467,658,51.9,224,901,341
79229,255,108,147,57.2,26,229,57
79230,60,26,34,61.3,9,51,17
79231,20,12,8,-,0,20,0
79233,96,58,38,33.8,31,65,6
79234,106,46,60,42.5,26,80,30
79235,3152,1504,1648,33,1016,2136,542
79236,189,105,84,35.8,40,149,27
79237,429,188,241,59.2,48,381,158
79239,104,45,59,74.7,0,104,75
79240,249,134,115,21.8,101,148,31
79241,2138,1095,1043,43.9,380,1758,442
79243,21,13,8,58.5,0,21,5
79244,789,435,354,41.1,180,609,216
79245,2227,1055,1172,44.6,516,1711,463
79247,23,16,7,65.6,3,20,14
79248,1520,786,734,35.6,398,1122,320
79250,1136,658,478,45.3,255,881,223
79251,32,14,18,59.8,0,32,14
79252,2702,1370,1332,44.5,563,2139,563
79255,412,195,217,50.2,71,341,115
79256,288,132,156,59.2,11,277,112
79257,854,500,354,49.5,167,687,268
79258,8,4,4,-,0,8,8
79259,58,21,37,76.7,0,58,40
79261,381,187,194,35.1,78,303,52
79311,3705,1775,1930,38.1,1195,2510,622
79312,1176,507,669,37.6,311,865,188
79313,1451,748,703,39.4,435,1016,255
79314,104,54,50,31.1,51,53,2
79316,10109,5645,4464,35.7,2631,7478,1533
79322,1877,937,940,39.4,471,1406,340
79323,7275,3388,3887,28.3,2450,4825,642
79324,4,0,4,-,0,4,4
79325,2374,1081,1293,31.5,881,1493,264
79326,59,26,33,19,11,48,0
79329,3306,1666,1640,37.7,912,2394,553
79330,60,39,21,54.5,0,60,11
79331,11619,6549,5070,34,2886,8733,1619
79336,15489,7725,7764,35,3903,11586,2367
79339,6704,3271,3433,36.5,1922,4782,1161
79342,362,187,175,48,79,283,113
79343,1443,744,699,41.6,328,1115,267
79344,0,0,0,-,0,0,0
79345,1059,593,466,40.4,289,770,161
79346,1790,924,866,37.6,442,1348,301
79347,7182,3403,3779,30.2,1966,5216,857
79350,398,195,203,47.7,55,343,106
79351,1100,581,519,40.6,296,804,232
79353,23,14,9,52.2,6,17,9
79355,1573,731,842,34.1,496,1077,194
79356,5654,3443,2211,41.6,871,4783,965
79357,1936,962,974,39.4,520,1416,334
79358,1412,634,778,30,491,921,188
79359,3321,1473,1848,36.3,1051,2270,499
79360,16858,8713,8145,29,6122,10736,1255
79363,5506,2798,2708,39.5,1409,4097,924
79364,7541,3651,3890,36.6,1996,5545,1074
79366,1073,514,559,54.4,176,897,337
79367,598,295,303,30.2,212,386,57
79369,47,12,35,42,0,47,23
79370,1166,549,617,47.6,218,948,302
79371,1387,785,602,33.3,367,1020,253
79372,1483,813,670,33,359,1124,136
79373,2897,1456,1441,38.5,685,2212,438
79376,112,83,29,7.3,77,35,2
79377,322,185,137,23.7,146,176,65
79378,234,83,151,37.4,91,143,43
79379,698,343,355,40.5,209,489,131
79380,83,40,43,43.7,12,71,16
79381,1500,775,725,30,529,971,184
79382,8999,4395,4604,33.2,3045,5954,752
79383,85,40,45,27.2,32,53,3
79401,9431,5830,3601,23.1,515,8916,233
79402,0,0,0,-,0,0,0
79403,16194,7884,8310,34.9,4626,11568,2863
79404,8935,4884,4051,40.2,1901,7034,1332
79406,7765,3718,4047,19.3,85,7680,0
79407,23177,11361,11816,29.1,4410,18767,2713
79410,10502,5152,5350,27.3,2524,7978,1203
79411,6437,3267,3170,31.2,1204,5233,586
79412,15161,7552,7609,34.1,4352,10809,2093
79413,23523,11167,12356,30.2,6559,16964,3092
79414,18027,8454,9573,28.9,3653,14374,2284
79415,17086,9103,7983,26.5,4667,12419,2109
79416,35524,17015,18509,28.7,7687,27837,3936
79423,42284,20834,21450,36,11241,31043,5330
79424,50448,24723,25725,38.2,12612,37836,7987
79501,2648,1321,1327,40.6,572,2076,664
79502,1244,645,599,33.4,348,896,254
79503,150,94,56,42.9,8,142,28
79504,3181,1564,1617,46.8,555,2626,734
79505,225,125,100,31.8,58,167,47
79506,546,289,257,63.2,60,486,244
79508,1041,486,555,45,199,842,240
79510,8058,3978,4080,39.7,1853,6205,1290
79511,1044,543,501,37.1,348,696,191
79512,7879,4440,3439,32.1,1317,6562,1131
79517,140,60,80,53.8,0,140,26
79518,115,50,65,60.1,34,81,27
79519,57,28,29,49.9,0,57,13
79520,2552,1314,1238,37,681,1871,539
79521,3359,1858,1501,42.1,535,2824,754
79525,2829,1340,1489,43,693,2136,573
79526,946,507,439,44,263,683,248
79527,274,166,108,47.6,45,229,70
79528,524,260,264,47.5,131,393,203
79529,1132,627,505,39.7,267,865,213
79530,505,278,227,45.6,110,395,105
79532,754,434,320,36.6,216,538,134
79533,442,227,215,48.8,115,327,77
79534,213,107,106,48.3,27,186,50
79535,117,67,50,60.8,6,111,54
79536,6123,2907,3216,31.5,1888,4235,787
79537,40,19,21,39.4,8,32,8
79538,173,96,77,59.4,10,163,54
79539,197,96,101,44,37,160,50
79540,38,17,21,52.5,5,33,7
79541,1253,697,556,34.2,339,914,352
79543,1178,611,567,34.2,263,915,214
79544,577,305,272,36.7,144,433,89
79545,1873,967,906,31,485,1388,283
79546,1749,840,909,40.1,395,1354,369
79547,867,444,423,45.8,163,704,274
79548,162,73,89,42.3,37,125,44
79549,15608,8402,7206,35,3946,11662,2221
79553,3081,1468,1613,36,762,2319,707
79556,12621,6401,6220,36.6,3337,9284,2480
79560,60,31,29,67.3,3,57,31
79561,508,295,213,53,68,440,115
79562,4157,2151,2006,37.9,1114,3043,952
79563,1024,513,511,46.3,200,824,274
79565,365,213,152,32.6,138,227,20
79566,228,125,103,55.3,66,162,83
79567,3064,1323,1741,38.6,711,2353,585
79601,26603,15136,11467,29.5,3978,22625,2952
79602,26487,13697,12790,38.2,6278,20209,3969
79603,24189,11619,12570,34.7,6818,17371,3552
79605,28989,13952,15037,33.5,6981,22008,4384
79606,27797,13562,14235,33.2,6675,21122,4081
79607,3699,2272,1427,22,1176,2523,6
79699,116,28,88,20,0,116,0
79701,28461,14745,13716,31.5,8727,19734,3286
79703,21434,10709,10725,31,6702,14732,1485
79705,41140,22059,19081,32.1,10720,30420,4618
79706,32527,15485,17042,33,10707,21820,2842
79707,39347,20183,19164,31.9,10282,29065,4574
79713,879,421,458,39.3,251,628,148
79714,18362,9274,9088,32.4,5623,12739,1754
79718,625,420,205,57.1,77,548,263
79719,345,172,173,29.9,107,238,48
79720,32297,18040,14257,37.7,7046,25251,4131
79721,558,558,0,41.6,0,558,16
79730,104,35,69,24.1,46,58,19
79731,4387,2185,2202,40.1,1181,3206,640
79733,397,274,123,27.3,137,260,56
79734,1859,1044,815,58.9,291,1568,720
79735,13056,7484,5572,37.4,2978,10078,1755
79738,326,137,189,36.1,131,195,54
79739,939,616,323,36.3,245,694,94
79741,380,175,205,38.8,112,268,31
79742,419,189,230,37.2,129,290,72
79743,267,160,107,36.7,61,206,52
79744,1749,819,930,27.6,654,1095,194
79745,6561,3390,3171,37.1,1864,4697,980
79748,536,365,171,24.9,110,426,49
79749,578,336,242,38.9,155,423,59
79752,2000,947,1053,39,583,1417,368
79754,96,51,45,31.9,28,68,34
79755,72,44,28,34.8,26,46,8
79756,9632,4775,4857,37.2,2754,6878,1258
79758,2540,1301,1239,34.6,756,1784,244
79759,0,0,0,-,0,0,0
79761,31521,16236,15285,29.5,9397,22124,3362
79762,39649,19772,19877,31.4,11339,28310,3801
79763,35940,17806,18134,32.5,10901,25039,4715
79764,25907,13548,12359,32.2,8040,17867,2213
79765,21210,10769,10441,30.1,6627,14583,1205
79766,11822,7386,4436,29.4,3817,8005,447
79769,0,0,0,-,0,0,0
79770,0,0,0,-,0,0,0
79772,13305,8096,5209,34.9,3176,10129,1457
79776,0,0,0,-,0,0,0
79777,138,77,61,35.4,39,99,20
79778,1202,646,556,42.8,283,919,153
79780,77,23,54,54.4,0,77,18
79781,65,44,21,48.7,0,65,25
79782,3972,2224,1748,34.4,1139,2833,389
79783,90,46,44,34.7,21,69,0
79785,30,6,24,67.5,0,30,18
79788,798,504,294,26.9,263,535,108
79789,1021,535,486,32.8,318,703,49
79821,6678,3961,2717,35.9,1579,5099,816
79830,7912,3858,4054,47.7,1354,6558,1986
79832,121,25,96,20.1,0,121,0
79834,246,163,83,29.7,19,227,19
79835,12378,5871,6507,32.6,3897,8481,1568
79836,7751,3766,3985,27.6,2542,5209,1287
79837,201,97,104,32.6,19,182,38
79838,5470,2676,2794,40.5,1073,4397,1006
79839,1365,752,613,26.7,306,1059,151
79842,340,141,199,38.2,72,268,43
79843,2814,1438,1376,54.4,566,2248,860
79845,3354,1591,1763,24.5,1276,2078,545
79846,0,0,0,-,0,0,0
79847,78,48,30,59.8,0,78,30
79848,801,440,361,56.7,108,693,234
79849,13200,6918,6282,28.2,4329,8871,1727
79851,1376,961,415,31.6,164,1212,104
79852,531,305,226,61.7,90,441,212
79853,3007,1496,1511,35.7,623,2384,516
79854,133,62,71,68.8,0,133,111
79855,2160,1332,828,47.4,332,1828,452
79901,8747,4646,4101,44.5,1740,7007,1805
79902,19108,9653,9455,39.5,2913,16195,4065
79903,15729,7609,8120,42.5,3323,12406,3396
79904,31634,14932,16702,31.6,8521,23113,4790
79905,22133,10337,11796,33.9,5779,16354,4285
79906,5970,3311,2659,21.6,2488,3482,10
79907,49169,23338,25831,35.9,11808,37361,9171
79908,4378,2081,2297,19.2,2167,2211,2
79911,8844,4628,4216,35.7,2454,6390,631
79912,76890,37025,39865,34.5,17691,59199,10876
79915,36737,17351,19386,38.7,9389,27348,7295
79916,3395,3098,297,22.8,9,3386,8
79918,311,274,37,21.6,0,311,0
79920,33,33,0,21.5,0,33,0
79922,6796,3717,3079,45.7,1528,5268,1424
79924,60667,30820,29847,33.9,15244,45423,8672
79925,40001,19755,20246,33.6,9937,30064,5949
79927,42241,19792,22449,35.4,10905,31336,5188
79928,79330,39898,39432,28.3,26784,52546,3940
79930,25899,12513,13386,35.1,5278,20621,3946
79932,29269,14589,14680,35.4,7620,21649,3632
79934,26620,13806,12814,29.5,7378,19242,1536
79935,18815,8932,9883,37.3,4235,14580,2940
79936,107512,52867,54645,33.9,25882,81630,13183
79938,95452,50314,45138,28.6,32155,63297,4705
80002,20589,10096,10493,36.1,3734,16855,2749
80003,36233,17960,18273,36.7,7753,28480,5645
80004,35349,17421,17928,42.9,6184,29165,7520
80005,29155,14370,14785,42.9,5928,23227,5738
80007,17641,9038,8603,39.5,4685,12956,2187
80010,42892,22236,20656,31.8,12122,30770,4015
80011,52633,26676,25957,32.3,13611,39022,4912
80012,52741,27538,25203,32.9,12975,39766,5946
80013,73870,36535,37335,36.5,17994,55876,8868
80014,39024,19256,19768,40.5,6177,32847,8991
80015,72841,37435,35406,38.4,18400,54441,8135
80016,64842,32821,32021,39.5,18036,46806,8212
80017,40299,20068,20231,32.5,9994,30305,2849
80018,15569,7938,7631,34.7,4411,11158,1117
80019,4809,2333,2476,30.6,1022,3787,239
80020,53475,27604,25871,38.2,11619,41856,7634
80021,35128,17933,17195,36,4988,30140,4614
80022,58681,29403,29278,33.2,18344,40337,4900
80023,25988,12685,13303,41.1,6878,19110,3879
80024,83,27,56,45.1,27,56,22
80025,45,21,24,54.4,5,40,9
80026,32675,15972,16703,39.5,7285,25390,4862
80027,34161,17466,16695,39.2,8748,25413,4384
80030,16891,8556,8335,35.2,4012,12879,2432
80031,36274,18583,17691,40.3,6975,29299,5788
80033,27384,12901,14483,42.5,4429,22955,5477
80045,1627,817,810,31,14,1613,219
80101,354,179,175,55,59,295,129
80102,6375,3267,3108,37.6,1605,4770,770
80103,3184,1391,1793,32.7,1012,2172,299
80104,35084,17085,17999,37.8,8399,26685,4459
80105,1823,909,914,45.5,402,1421,252
80106,4823,2412,2411,51.2,773,4050,950
80107,14467,7189,7278,42.6,3169,11298,2503
80108,33259,16910,16349,41.2,8450,24809,4617
80109,27852,14138,13714,35.1,8245,19607,2627
80110,24190,12550,11640,35,4652,19538,2888
80111,32116,15929,16187,40.9,7527,24589,5121
80112,36058,18675,17383,35.6,7213,28845,4747
80113,22784,10843,11941,39.2,4314,18470,3850
80116,4884,2388,2496,52.4,961,3923,1414
80117,2430,1189,1241,47.9,477,1953,347
80118,5940,3174,2766,54.3,847,5093,1317
80120,30421,15131,15290,41.6,5059,25362,6487
80121,18049,8901,9148,48.2,3334,14715,4696
80122,31650,15608,16042,43.8,6777,24873,6352
80123,45388,22569,22819,41,9030,36358,9160
80124,22567,11931,10636,39.1,4395,18172,3165
80125,13048,6758,6290,40.4,3035,10013,1530
80126,43691,22318,21373,41.8,11305,32386,6060
80127,44235,21814,22421,44.1,9852,34383,7331
80128,37061,18643,18418,39.7,8404,28657,5800
80129,29974,14678,15296,40.6,6865,23109,4266
80130,25551,12737,12814,38.4,6463,19088,2947
80131,250,147,103,50.4,44,206,44
80132,28159,14565,13594,42.6,7388,20771,4063
80133,2527,1284,1243,50.3,306,2221,482
80134,75383,37573,37810,37.4,19469,55914,8249
80135,4061,2016,2045,50.7,682,3379,1076
80136,6104,2957,3147,37.6,1730,4374,724
80137,1944,1121,823,30,559,1385,279
80138,36113,18567,17546,39.8,8831,27282,4430
80202,18180,9828,8352,33.5,409,17771,2077
80203,21650,12274,9376,33,577,21073,2235
80204,34534,18505,16029,32.9,5902,28632,3158
80205,34289,17659,16630,33.1,5466,28823,2323
80206,24903,12449,12454,37.4,2809,22094,3965
80207,22313,10406,11907,37.4,5063,17250,3395
80209,25180,12527,12653,37.3,3042,22138,4694
80210,37792,18813,18979,35.2,5795,31997,4701
80211,36187,17824,18363,33.8,4556,31631,3558
80212,20418,10002,10416,37.8,3524,16894,2652
80214,26634,13589,13045,35.6,3422,23212,3403
80215,19143,9430,9713,39.9,3335,15808,4252
80216,16564,9560,7004,29.2,3051,13513,884
80218,18679,9141,9538,36,965,17714,2380
80219,64696,32813,31883,33.7,17948,46748,6851
80220,36236,18659,17577,38.4,7283,28953,4283
80221,40140,19686,20454,34.4,8960,31180,4776
80222,23619,11616,12003,38.2,3850,19769,3556
80223,19848,9894,9954,33.9,3597,16251,2071
80224,18613,8903,9710,37.3,3837,14776,3478
80226,32063,15868,16195,36.3,5935,26128,5516
80227,35187,17336,17851,40.2,6007,29180,7152
80228,34813,17522,17291,38.7,6435,28378,4769
80229,55929,28170,27759,32.2,13915,42014,4867
80230,10512,4754,5758,44.9,1714,8798,1764
80231,34484,16806,17678,34.8,7112,27372,4433
80232,22707,11803,10904,39.8,3596,19111,4001
80233,48694,24996,23698,34.4,11315,37379,5919
80234,28796,14720,14076,36.1,5810,22986,4221
80235,8593,3805,4788,35.5,1367,7226,1563
80236,16183,8191,7992,38.3,3469,12714,2354
80237,22393,11113,11280,36.6,3295,19098,3597
80238,29391,14994,14397,35.4,9942,19449,1878
80239,46450,24269,22181,31.3,12504,33946,3493
80241,33656,17322,16334,35.5,8598,25058,3937
80246,13067,6713,6354,32.5,1409,11658,1047
80247,28580,13311,15269,35.6,4578,24002,5038
80249,39685,19650,20035,31.6,11592,28093,3205
80260,35309,17827,17482,30,10489,24820,3574
80264,0,0,0,-,0,0,0
80266,0,0,0,-,0,0,0
80290,349,185,164,43.3,0,349,0
80293,0,0,0,-,0,0,0
80294,0,0,0,-,0,0,0
80301,24593,12764,11829,37.8,3252,21341,3771
80302,30569,15760,14809,24.2,2319,28250,3765
80303,24865,12947,11918,29.5,2660,22205,4076
80304,25617,12776,12841,41.4,4568,21049,4283
80305,16280,8245,8035,36.8,2940,13340,2431
80310,7597,3904,3693,19.3,60,7537,0
80401,42777,22800,19977,39.2,7447,35330,7000
80403,20809,10760,10049,43.9,4303,16506,3616
80419,0,0,0,-,0,0,0
80420,819,472,347,48.1,62,757,121
80421,9065,4891,4174,47.5,1723,7342,1636
80422,4347,2284,2063,48.8,812,3535,699
80423,160,111,49,59.2,0,160,46
80424,10811,5839,4972,37.8,1488,9323,1726
80425,329,127,202,21.5,162,167,31
80426,46,23,23,66.2,0,46,26
80427,686,351,335,43.2,126,560,97
80428,512,322,190,31.5,161,351,28
80430,145,61,84,48.5,18,127,24
80432,208,138,70,75.9,0,208,127
80433,8386,4325,4061,48.9,1607,6779,1515
80434,46,25,21,54.9,0,46,18
80435,8336,4790,3546,34.3,1852,6484,730
80436,423,232,191,58.4,28,395,167
80438,649,383,266,44.9,76,573,118
80439,24764,12566,12198,48.9,5094,19670,5322
80440,2574,1513,1061,40.1,413,2161,340
80442,2315,1090,1225,34.3,282,2033,189
80443,4118,2019,2099,47.8,691,3427,655
80444,1104,483,621,44,100,1004,234
80446,3477,1878,1599,52.1,481,2996,935
80447,2183,1027,1156,51.1,407,1776,477
80448,0,0,0,-,0,0,0
80449,1190,562,628,61.3,12,1178,536
80451,1001,509,492,40.6,255,746,133
80452,3316,1632,1684,49.1,359,2957,728
80453,329,207,122,33,31,298,0
80454,1430,743,687,49.1,294,1136,316
80455,402,206,196,57.4,43,359,106
80456,399,236,163,59.3,0,399,65
80457,430,201,229,40.6,50,380,33
80459,2561,1388,1173,35.1,801,1760,303
80461,7052,3742,3310,35.1,1212,5840,895
80463,92,46,46,58.2,0,92,14
80465,15783,8207,7576,43.8,2688,13095,2913
80466,3442,1979,1463,47.3,502,2940,460
80467,2512,1300,1212,39.7,430,2082,394
80468,411,168,243,49.5,34,377,131
80469,356,167,189,42.7,62,294,25
80470,3898,2034,1864,51.1,492,3406,853
80471,0,0,0,-,0,0,0
80473,53,42,11,33.9,0,53,13
80474,189,71,118,48.2,0,189,50
80475,9,0,9,-,0,9,0
80476,231,114,117,52.1,16,215,57
80478,1766,1017,749,44,277,1489,315
80479,12,12,0,-,0,12,0
80480,1196,620,576,51.6,241,955,397
80481,532,324,208,47.3,41,491,111
80482,1207,730,477,62.3,77,1130,517
80483,504,317,187,47.6,90,414,143
80487,18383,9546,8837,42.3,3122,15261,3198
80498,8426,4741,3685,47.5,1022,7404,1502
80501,43222,21886,21336,37.3,8598,34624,6951
80503,36235,18166,18069,43.6,7343,28892,6476
80504,60527,30277,30250,39.5,13773,46754,9647
80510,522,275,247,50.3,105,417,77
80512,1619,866,753,51.9,270,1349,466
80513,16184,8166,8018,42.4,3608,12576,2587
80514,6275,3085,3190,32,1988,4287,521
80515,849,405,444,60.1,0,849,197
80516,34998,17406,17592,37.7,10403,24595,3674
80517,10407,5102,5305,56.4,1099,9308,3705
80520,1736,858,878,40.4,293,1443,269
80521,38200,18836,19364,23.3,3410,34790,2709
80524,38711,20188,18523,36.3,7576,31135,6377
80525,55315,27871,27444,36.5,9444,45871,8269
80526,44478,22227,22251,32.3,8113,36365,5841
80528,24032,11762,12270,34.6,7064,16968,2686
80530,5774,2985,2789,35.7,1369,4405,496
80532,193,113,80,55.3,40,153,55
80534,19368,10618,8750,35.2,5052,14316,1889
80535,2462,1216,1246,47.9,425,2037,477
80536,2437,1172,1265,47.1,523,1914,680
80537,43620,22438,21182,40.7,8249,35371,8853
80538,48929,23489,25440,42.8,10135,38794,11459
80540,4637,2516,2121,48.9,973,3664,917
80542,5179,2606,2573,38.2,1650,3529,520
80543,9109,4789,4320,32.8,2386,6723,820
80544,0,0,0,-,0,0,0
80545,968,477,491,59.8,64,904,384
80546,234,123,111,51.6,31,203,45
80547,7122,3352,3770,36.2,2362,4760,1030
80549,13862,7033,6829,35.5,3913,9949,1701
80550,41428,21357,20071,38.2,10638,30790,6089
80601,41062,21142,19920,34.6,11289,29773,4288
80602,40886,20524,20362,38.1,10939,29947,4284
80603,15617,7819,7798,35.7,3999,11618,1859
80610,3172,1566,1606,37.7,764,2408,626
80611,809,383,426,38.1,208,601,121
80612,309,158,151,59.6,34,275,100
80615,8840,4362,4478,43.1,1820,7020,1572
80620,21048,10511,10537,28.7,6582,14466,1511
80621,13863,7434,6429,37.2,3282,10581,2028
80622,202,122,80,36.7,63,139,0
80623,1082,643,439,29.7,333,749,66
80624,681,412,269,38.8,122,559,129
80631,54346,27870,26476,28.1,13882,40464,4674
80634,62001,30796,31205,38.5,14075,47926,10866
80640,13599,7041,6558,35.6,3743,9856,1027
80642,5146,2893,2253,35.7,1104,4042,515
80643,3989,2155,1834,38.3,816,3173,399
80644,2604,1138,1466,41.9,623,1981,444
80645,4810,2427,2383,37,1261,3549,581
80646,0,0,0,-,0,0,0
80648,1296,605,691,43,312,984,191
80649,347,189,158,61.4,14,333,126
80650,1896,859,1037,41.4,451,1445,342
80651,4441,2161,2280,44.2,844,3597,763
80652,342,180,162,31.7,141,201,63
80653,877,453,424,45.1,185,692,174
80654,2857,1433,1424,40.4,733,2124,500
80701,17085,8858,8227,36,4592,12493,2433
80705,882,450,432,30.9,222,660,90
80720,2305,1218,1087,41.1,424,1881,503
80721,304,165,139,22.5,131,173,16
80722,414,223,191,38.8,113,301,55
80723,6727,3491,3236,35.3,1704,5023,1155
80726,393,216,177,54.3,48,345,71
80727,506,284,222,37.6,158,348,92
80728,1151,592,559,41,287,864,228
80729,403,206,197,57.7,54,349,135
80731,1397,629,768,46.1,290,1107,315
80732,24,4,20,33.5,12,12,7
80733,565,263,302,41.9,122,443,82
80734,3057,1578,1479,39.8,792,2265,534
80735,323,164,159,45.2,71,252,71
80736,553,288,265,42.2,117,436,78
80737,1651,817,834,43.5,402,1249,396
80740,119,69,50,40.4,32,87,35
80741,1011,589,422,40,157,854,175
80742,224,123,101,61.3,13,211,73
80743,1259,631,628,36,346,913,234
80744,449,243,206,48.9,91,358,113
80745,68,36,32,54.4,10,58,22
80746,61,19,42,44.1,11,50,12
80747,468,253,215,37.8,103,365,56
80749,285,145,140,52.2,38,247,86
80750,201,130,71,64,27,174,100
80751,17263,9421,7842,38.2,3265,13998,3281
80754,138,81,57,53,28,110,51
80755,127,60,67,37.6,55,72,29
80757,176,83,93,45.6,18,158,53
80758,3535,1813,1722,42.2,889,2646,650
80759,4657,2301,2356,33.1,1288,3369,749
80801,91,41,50,61.1,10,81,26
80802,173,84,89,41.6,69,104,14
80804,297,147,150,47.3,76,221,58
80805,400,191,209,45.3,123,277,95
80807,4267,2095,2172,38.1,1123,3144,719
80808,6511,3300,3211,41.5,1544,4967,1279
80809,966,514,452,58.1,77,889,268
80810,1170,572,598,45.5,279,891,250
80812,306,200,106,39.5,104,202,43
80813,1747,867,880,47.9,355,1392,476
80814,3485,1934,1551,56.6,148,3337,1148
80815,852,376,476,49.5,167,685,204
80816,6796,3293,3503,53.5,1298,5498,1486
80817,31132,15634,15498,31.2,8841,22291,2317
80818,389,207,182,45,132,257,76
80819,701,343,358,36.8,62,639,126
80820,512,272,240,61.4,18,494,209
80821,1319,658,661,37.4,382,937,259
80822,283,148,135,56.8,50,233,99
80823,211,88,123,51.5,59,152,72
80824,379,206,173,47.4,100,279,97
80825,346,180,166,42.2,83,263,68
80826,1190,1190,0,38.5,0,1190,33
80827,762,289,473,69,74,688,459
80828,2291,1154,1137,44.4,388,1903,436
80829,5576,3047,2529,43.7,957,4619,961
80830,171,90,81,64.8,17,154,83
80831,31824,16154,15670,37.4,9554,22270,3718
80832,975,491,484,37.4,300,675,155
80833,942,283,659,55.3,74,868,138
80834,320,183,137,44.2,88,232,76
80835,766,372,394,40.5,194,572,136
80836,1028,565,463,34.8,280,748,247
80840,6665,4385,2280,20.9,1054,5611,29
80860,515,300,215,55.3,41,474,93
80861,265,141,124,50.8,48,217,83
80862,35,21,14,62.6,0,35,14
80863,12922,6452,6470,46.6,2432,10490,2641
80864,1304,664,640,50.9,208,1096,356
80902,11875,6391,5484,23.3,4995,6880,0
80903,17046,8661,8385,33.3,1891,15155,2268
80904,21555,11235,10320,45.1,2607,18948,5417
80905,17238,8353,8885,34.6,2991,14247,2711
80906,38732,19116,19616,38.7,8364,30368,7680
80907,27628,13622,14006,38.2,4493,23135,4820
80908,22049,11032,11017,39.6,6153,15896,2994
80909,37113,18351,18762,36.3,7285,29828,6391
80910,32038,15949,16089,31.2,7736,24302,3952
80911,35001,17352,17649,35.5,9287,25714,4758
80913,6697,6035,662,21.7,0,6697,0
80914,468,387,81,21.8,0,468,0
80915,23031,12015,11016,33.3,5457,17574,2556
80916,39795,19611,20184,29,12005,27790,2918
80917,32069,16608,15461,33.4,6791,25278,5144
80918,49218,25434,23784,35.3,9611,39607,7317
80919,28624,14435,14189,41.2,5931,22693,5244
80920,38727,18984,19743,36.5,9326,29401,4901
80921,23767,12193,11574,46.6,5373,18394,4511
80922,29750,15222,14528,33.1,7490,22260,2709
80923,31593,15763,15830,35.1,7965,23628,3153
80924,15187,7583,7604,34.4,5056,10131,1172
80925,15500,7792,7708,30,5363,10137,883
80926,1838,929,909,43.7,458,1380,449
80927,6002,3108,2894,34.4,1970,4032,526
80928,698,327,371,40.8,119,579,121
80929,122,59,63,71.7,0,122,73
80930,1857,1010,847,29.3,539,1318,178
80938,847,461,386,32.2,306,541,117
80939,0,0,0,-,0,0,0
80951,4603,2297,2306,26.3,1628,2975,203
81001,31160,15968,15192,34.7,7446,23714,5346
81003,14875,8019,6856,37.7,2902,11973,2483
81004,26261,13046,13215,38.2,5934,20327,4504
81005,31499,14810,16689,42.8,6832,24667,6876
81006,11503,5779,5724,45.7,2300,9203,2604
81007,34337,17001,17336,40.7,8222,26115,5817
81008,11146,5355,5791,37,2376,8770,2245
81019,1548,718,830,48.3,265,1283,461
81020,823,342,481,56.7,69,754,309
81021,12,7,5,65.8,0,12,11
81022,1594,785,809,40,324,1270,301
81023,1350,646,704,60.6,180,1170,519
81024,233,83,150,60.4,22,211,67
81025,716,359,357,57.1,63,653,226
81027,123,68,55,42.1,23,100,31
81029,309,171,138,39.9,84,225,66
81030,143,75,68,60.6,19,124,50
81033,195,115,80,34.5,50,145,39
81036,1007,472,535,46.2,207,800,248
81039,1517,774,743,52.9,251,1266,483
81040,263,105,158,64.1,19,244,116
81041,579,258,321,41.6,145,434,140
81043,38,28,10,39.6,8,30,0
81044,146,78,68,50,23,123,42
81045,84,41,43,37,32,52,12
81046,3,1,2,-,0,3,0
81047,1588,782,806,49.7,327,1261,536
81049,131,81,50,61.9,8,123,56
81050,9601,4895,4706,41,1988,7613,2107
81052,9143,4706,4437,34.5,2449,6694,1402
81054,4731,2999,1732,40.1,808,3923,850
81055,1572,779,793,65.6,84,1488,819
81057,414,254,160,44.6,83,331,76
81058,1124,499,625,46.2,194,930,255
81059,52,34,18,56.9,0,52,3
81062,1701,1316,385,35.9,115,1586,202
81063,3111,2132,979,39.2,612,2499,439
81064,296,142,154,40.2,67,229,71
81067,5605,2955,2650,36.2,1655,3950,903
81069,2510,1061,1449,47.9,622,1888,397
81071,252,120,132,29.7,86,166,29
81073,1751,889,862,40.3,442,1309,385
81076,764,370,394,43.8,62,702,160
81077,842,341,501,30.8,257,585,186
81081,99,76,23,76.8,3,96,58
81082,11894,6308,5586,44.5,2219,9675,2771
81084,51,39,12,60.8,0,51,13
81087,141,70,71,42.1,37,104,20
81089,4761,2578,2183,50.1,913,3848,1325
81090,957,426,531,53.2,151,806,283
81091,1036,537,499,48,280,756,314
81092,841,410,431,43.2,208,633,120
81101,15245,7499,7746,32.6,3625,11620,2174
81120,2043,1115,928,50.2,271,1772,541
81121,357,252,105,52.6,40,317,80
81122,9125,4802,4323,44.1,1981,7144,1474
81123,729,359,370,53,151,578,187
81124,356,187,169,33,129,227,39
81125,3562,1698,1864,38.4,794,2768,516
81126,371,167,204,32.8,37,334,106
81128,16,13,3,68.6,0,16,16
81129,0,0,0,-,0,0,0
81130,762,379,383,55.6,72,690,220
81131,998,522,476,65.7,63,935,534
81132,3278,1786,1492,43.6,779,2499,806
81133,1109,515,594,48.6,250,859,286
81136,440,210,230,22.9,139,301,38
81137,5495,2777,2718,42.4,1140,4355,987
81138,39,21,18,64.9,0,39,18
81140,2032,943,1089,35.4,653,1379,353
81141,1012,525,487,41,245,767,192
81143,766,437,329,58.6,155,611,243
81144,6766,3330,3436,39.4,1484,5282,1154
81146,820,501,319,36.1,201,619,154
81147,12879,6391,6488,49.8,2326,10553,3430
81148,365,202,163,38.7,81,284,62
81149,1019,623,396,53.2,125,894,277
81151,1708,838,870,38,507,1201,358
81152,1187,662,525,54,193,994,311
81154,1203,616,587,51.7,218,985,385
81155,260,120,140,63.9,9,251,126
81201,8922,4224,4698,47,1511,7411,2527
81210,301,205,96,65.3,35,266,165
81211,8007,4706,3301,47,944,7063,1774
81212,32146,18460,13686,44.3,5366,26780,7175
81220,132,55,77,62.6,0,132,50
81221,452,254,198,36.5,89,363,104
81222,379,159,220,48.8,44,335,18
81223,2023,1035,988,62.3,128,1895,905
81224,3431,1896,1535,42.3,681,2750,240
81225,1028,541,487,43.4,101,927,114
81226,8221,5598,2623,43.3,908,7313,1338
81227,0,0,0,-,0,0,0
81228,0,0,0,-,0,0,0
81230,10694,5799,4895,30.4,1695,8999,1389
81232,32,17,15,-,0,32,32
81233,1019,559,460,48.2,116,903,343
81235,829,386,443,56.2,101,728,258
81236,1738,846,892,50.8,373,1365,667
81237,143,57,86,56.8,0,143,33
81239,134,77,57,72.2,0,134,77
81240,4386,2201,2185,41.6,1112,3274,806
81241,178,65,113,59.1,42,136,20
81242,913,447,466,52.3,101,812,173
81243,118,57,61,58.2,11,107,44
81244,553,348,205,46.5,150,403,91
81248,197,102,95,37.2,47,150,32
81251,351,178,173,63.6,24,327,156
81252,4060,1994,2066,58,729,3331,1184
81253,457,203,254,61.4,33,424,147
81301,29894,15198,14696,41.3,4721,25173,5782
81303,9440,4674,4766,39.5,2056,7384,1799
81320,485,305,180,52.8,86,399,143
81321,14649,7160,7489,42.7,3118,11531,3481
81323,5070,2583,2487,47,977,4093,1118
81324,1508,843,665,60.8,193,1315,651
81325,73,33,40,64.3,0,73,31
81326,2611,1237,1374,51.9,415,2196,760
81327,330,155,175,52.6,50,280,79
81328,3983,2011,1972,52.2,639,3344,1185
81330,132,119,13,68.3,0,132,104
81331,208,118,90,24.7,42,166,51
81332,445,204,241,54.1,59,386,129
81334,1691,869,822,21.1,678,1013,159
81335,54,33,21,54.8,0,54,0
81401,23665,11475,12190,47.4,4851,18814,5930
81403,11384,5766,5618,48.1,2218,9166,2989
81410,1768,848,920,53.7,256,1512,536
81411,2,2,0,-,0,2,2
81413,5736,2778,2958,48.7,1212,4524,1772
81415,2137,889,1248,49.1,415,1722,621
81416,13812,7500,6312,44.6,2946,10866,3170
81418,1498,663,835,51.9,261,1237,375
81419,3044,1447,1597,55.8,430,2614,902
81422,479,269,210,55,84,395,122
81423,1590,865,725,52,233,1357,476
81424,1098,552,546,57,204,894,449
81425,5559,2932,2627,39.2,1249,4310,1079
81426,180,90,90,35.9,44,136,2
81427,1227,603,624,50.5,170,1057,408
81428,3679,1808,1871,49.7,682,2997,1118
81429,106,67,39,67,0,106,79
81430,745,394,351,56.2,99,646,234
81431,555,320,235,41.8,164,391,97
81432,3075,1624,1451,57.9,401,2674,1151
81433,627,342,285,45.2,79,548,150
81434,158,61,97,51.2,13,145,32
81435,5602,3084,2518,38.3,942,4660,620
81501,23998,12839,11159,35.1,3322,20676,3963
81503,16152,7925,8227,40.5,3605,12547,3067
81504,31380,15597,15783,37.3,7726,23654,5203
81505,11629,5898,5731,40.7,2299,9330,1984
81506,11879,5315,6564,51.7,1878,10001,3863
81507,16162,7920,8242,50.4,3387,12775,4902
81520,13682,6683,6999,35.5,3177,10505,2003
81521,16431,7877,8554,41.5,4382,12049,3212
81522,107,55,52,69,0,107,107
81523,669,421,248,60.5,25,644,230
81524,2670,1221,1449,36,802,1868,397
81525,1490,791,699,41.5,503,987,266
81526,5110,2551,2559,51.5,824,4286,1122
81527,1497,820,677,54.7,156,1341,371
81601,16547,8105,8442,39.1,3788,12759,2332
81610,600,359,241,32.1,261,339,18
81611,9599,5064,4535,41.5,1229,8370,1341
81612,87,87,0,-,0,87,0
81615,3076,1443,1633,58.1,625,2451,1016
81620,11468,6212,5256,35.6,2161,9307,961
81621,5869,3072,2797,47.3,1052,4817,1258
81623,17109,9587,7522,41.3,3117,13992,2935
81624,1610,844,766,39.8,300,1310,226
81625,12449,6244,6205,37.6,3074,9375,1930
81630,1119,586,533,42.4,269,850,235
81631,8335,4168,4167,35.9,2138,6197,921
81632,10819,5876,4943,37.6,2293,8526,1433
81633,0,0,0,-,0,0,0
81635,7000,3860,3140,30.2,1924,5076,1143
81637,9733,5095,4638,37.9,2704,7029,1554
81638,65,26,39,45.5,14,51,19
81639,2560,1440,1120,42.7,507,2053,419
81640,120,56,64,37.4,10,110,48
81641,3819,2040,1779,39.7,1014,2805,647
81642,12,0,12,-,0,12,0
81643,468,248,220,56,59,409,135
81645,1000,514,486,38.4,183,817,168
81646,258,129,129,38.6,79,179,39
81647,6528,3368,3160,39,1660,4868,887
81648,2620,1364,1256,37.5,512,2108,378
81649,292,159,133,42.6,66,226,40
81650,14130,7100,7030,33.1,4008,10122,1242
81652,6059,3069,2990,36.8,1735,4324,742
81653,0,0,0,-,0,0,0
81654,1631,936,695,49.5,369,1262,557
81655,181,89,92,37.9,61,120,19
81656,605,287,318,52.8,114,491,230
81657,5051,2869,2182,48.6,351,4700,870
82001,38043,19285,18758,35,8134,29909,5414
82005,481,410,71,20.9,0,481,0
82007,21755,11432,10323,33.5,5663,16092,2569
82009,34835,17196,17639,45.1,7844,26991,7749
82050,217,129,88,59.5,25,192,24
82051,49,27,22,54.7,0,49,21
82052,81,40,41,69.8,0,81,75
82053,1301,699,602,51.8,198,1103,353
82054,955,515,440,35.4,327,628,172
82055,345,170,175,63.9,0,345,152
82058,16,5,11,-,0,16,16
82059,296,155,141,58.1,19,277,82
82060,559,308,251,20.7,243,316,0
82061,0,0,0,-,0,0,0
82063,58,17,41,63.3,0,58,21
82070,19598,10158,9440,29.2,3049,16549,2526
82072,16835,8874,7961,26.3,2672,14163,1745
82073,48,25,23,40,14,34,0
82081,83,41,42,54.4,16,67,0
82082,1811,992,819,40.3,407,1404,284
82083,326,198,128,29.7,69,257,65
82084,112,51,61,47.6,18,94,34
82190,906,541,365,43.2,0,906,151
82201,6597,3358,3239,49.1,1179,5418,1741
82210,234,128,106,69.5,30,204,131
82212,667,403,264,59.3,93,574,195
82213,522,250,272,54.5,110,412,190
82214,1161,616,545,49.8,285,876,304
82215,245,120,125,34.5,80,165,10
82217,43,21,22,52.9,0,43,14
82218,12,4,8,-,0,12,12
82219,37,18,19,67,0,37,19
82221,507,336,171,30.1,64,443,116
82222,187,64,123,38.6,28,159,36
82223,721,346,375,50.3,116,605,226
82224,2,2,0,-,0,2,0
82225,1749,695,1054,46.7,336,1413,381
82227,314,202,112,60.8,59,255,143
82229,70,36,34,40.1,32,38,0
82240,9752,4980,4772,44.3,2053,7699,2171
82242,157,72,85,28.2,18,139,38
82243,280,194,86,20.7,51,229,0
82244,506,258,248,33.2,116,390,70
82301,8349,4534,3815,36.9,1938,6411,1148
82310,34,16,18,-,0,34,16
82321,707,375,332,48.4,166,541,163
82322,162,104,58,59.4,40,122,50
82323,340,231,109,14.6,175,165,22
82324,162,73,89,41.6,53,109,31
82325,687,321,366,62.3,32,655,288
82327,850,481,369,26.8,270,580,146
82329,392,195,197,56.5,37,355,123
82331,2370,1145,1225,49.7,422,1948,630
82332,20,9,11,-,0,20,9
82334,597,391,206,38.4,176,421,101
82335,0,0,0,-,0,0,0
82336,251,171,80,58.1,34,217,30
82401,6942,3634,3308,44.4,1558,5384,1592
82410,2033,1169,864,49.8,313,1720,442
82411,657,351,306,31.9,213,444,53
82412,644,291,353,29.5,238,406,134
82414,15932,7773,8159,47.9,3210,12722,4100
82420,753,329,424,31.7,247,506,132
82421,293,161,132,62.5,35,258,123
82422,0,0,0,-,0,0,0
82423,223,113,110,38.3,52,171,48
82426,3220,1418,1802,38.9,844,2376,721
82428,78,50,28,68,0,78,39
82430,62,38,24,68.2,0,62,37
82431,3200,1847,1353,37.7,930,2270,598
82432,292,144,148,56.2,24,268,125
82433,1037,454,583,56.8,188,849,313
82434,74,37,37,65.3,0,74,48
82435,12398,6231,6167,41.1,2745,9653,2664
82440,49,49,0,-,0,49,40
82441,170,84,86,56.4,0,170,11
82442,864,439,425,50,144,720,256
82443,4546,2271,2275,45.6,964,3582,1173
82450,216,151,65,53.7,0,216,24
82501,18898,9596,9302,37.7,4760,14138,3246
82510,1109,587,522,28.4,348,761,101
82512,304,173,131,51.6,55,249,51
82513,1491,780,711,59.7,150,1341,537
82514,1410,716,694,32.5,455,955,188
82515,470,207,263,41.5,79,391,103
82516,283,167,116,52.2,46,237,99
82520,13248,6556,6692,38.7,3391,9857,2736
82523,993,524,469,42.4,250,743,249
82601,26973,14021,12952,36.9,5941,21032,4153
82604,27492,14110,13382,38,7146,20346,4517
82609,18567,8694,9873,38.2,4340,14227,3154
82620,226,119,107,52.4,0,226,64
82630,0,0,0,-,0,0,0
82633,9555,4867,4688,40.4,2285,7270,1676
82635,116,47,69,43.8,24,92,16
82636,3903,2036,1867,33.7,1051,2852,419
82637,4107,2166,1941,43,986,3121,721
82638,115,60,55,41.4,42,73,34
82639,824,472,352,48.8,235,589,240
82640,115,42,73,-,0,115,0
82642,51,33,18,62.1,0,51,14
82643,205,117,88,51.8,17,188,41
82644,1739,831,908,41.3,394,1345,319
82646,26,13,13,-,0,26,26
82648,114,69,45,29.6,34,80,0
82649,1107,600,507,40.3,247,860,208
82701,5383,2986,2397,39.2,1168,4215,973
82710,408,272,136,42.8,131,277,82
82711,9,0,9,-,0,9,9
82712,363,216,147,46.5,69,294,157
82714,38,0,38,24.1,0,38,0
82716,18167,9376,8791,36.8,4652,13515,2743
82718,25413,13316,12097,33.9,7249,18164,2135
82720,811,433,378,47.5,171,640,93
82721,2929,1369,1560,38.5,984,1945,583
82723,123,50,73,74.2,0,123,77
82725,83,40,43,61.2,0,83,8
82727,1451,611,840,48.6,217,1234,370
82729,2678,1318,1360,52.6,440,2238,614
82730,1434,712,722,50.4,240,1194,390
82731,144,45,99,37.3,51,93,0
82732,1509,774,735,35.8,380,1129,121
82801,25665,12795,12870,42.3,5541,20124,5200
82831,216,143,73,47,74,142,44
82832,1259,548,711,42.7,379,880,346
82833,226,102,124,69.8,0,226,226
82834,7517,3863,3654,45.3,1397,6120,1939
82835,363,166,197,31.5,89,274,19
82836,1085,525,560,47.3,257,828,339
82837,38,22,16,33.8,6,32,10
82838,519,277,242,63.2,25,494,175
82839,1354,688,666,38,396,958,272
82842,548,366,182,61.2,51,497,174
82844,10,10,0,-,0,10,10
82845,85,44,41,51.8,0,85,0
82901,27713,14545,13168,35.8,6870,20843,3378
82922,328,158,170,64.4,10,318,152
82923,600,311,289,39.1,215,385,227
82925,299,160,139,60.1,0,299,18
82929,21,7,14,-,0,21,0
82930,14804,7652,7152,35.9,3857,10947,2311
82932,828,348,480,38.7,246,582,122
82933,802,428,374,24,332,470,29
82934,197,90,107,36.2,52,145,39
82935,12316,6198,6118,38.9,3384,8932,1916
82936,10,4,6,-,0,10,0
82937,3013,1427,1586,37.2,963,2050,389
82938,226,114,112,60.8,42,184,107
82939,1386,735,651,52.3,272,1114,403
82941,4773,2537,2236,36.9,1197,3576,695
82942,68,39,29,31.1,0,68,0
82943,61,61,0,-,0,61,39
82944,612,253,359,17.8,314,298,75
82945,236,116,120,39.3,56,180,21
83001,17721,9069,8652,38.8,3689,14032,2411
83011,296,168,128,60.2,0,296,115
83012,127,57,70,24.2,0,127,0
83013,386,209,177,29.9,0,386,124
83014,2562,1424,1138,55.2,236,2326,780
83025,950,451,499,53.1,78,872,181
83101,3181,1715,1466,39.2,857,2324,644
83110,5172,2509,2663,35.1,1624,3548,640
83111,397,137,260,41,146,251,115
83112,868,520,348,43.5,273,595,133
83113,2444,1425,1019,45.6,538,1906,648
83114,783,459,324,33.5,252,531,133
83115,357,178,179,69.4,9,348,219
83116,664,284,380,51.3,94,570,145
83118,309,143,166,31.8,90,219,0
83119,197,113,84,73.5,0,197,162
83120,342,161,181,39.4,124,218,14
83121,0,0,0,-,0,0,0
83122,997,478,519,30.7,325,672,212
83123,611,298,313,54.2,65,546,106
83124,120,62,58,59.3,3,117,26
83126,553,325,228,33.3,117,436,0
83127,3982,2036,1946,52.2,773,3209,1124
83128,1704,946,758,35.1,459,1245,160
83201,39170,19826,19344,32.4,10244,28926,5177
83202,22716,11244,11472,35.6,6676,16040,3377
83203,30,14,16,63.3,0,30,4
83204,18465,9469,8996,37.8,3974,14491,2939
83209,1308,588,720,21.1,68,1240,0
83210,3949,1962,1987,29.2,1294,2655,536
83211,6399,3203,3196,33.6,2048,4351,928
83212,388,215,173,32.8,148,240,43
83213,1299,505,794,48.1,288,1011,265
83214,665,338,327,36.4,181,484,89
83215,21,11,10,62.5,3,18,3
83217,947,449,498,31.1,198,749,144
83218,438,239,199,37.3,135,303,58
83220,80,48,32,64.8,0,80,38
83221,28822,14480,14342,33.7,8864,19958,4200
83223,193,100,93,41.4,40,153,57
83226,2296,1237,1059,53.4,399,1897,789
83227,70,35,35,56,0,70,15
83228,1101,490,611,24.8,391,710,148
83232,473,274,199,32.3,123,350,77
83233,262,128,134,53.9,25,237,57
83234,1462,711,751,39.9,400,1062,270
83235,124,60,64,29.6,14,110,20
83236,2018,1132,886,41.2,544,1474,562
83237,1332,630,702,25.9,375,957,190
83238,100,57,43,62.5,16,84,32
83239,862,409,453,29.5,311,551,84
83241,2377,1396,981,39.2,690,1687,400
83243,14,0,14,-,0,14,14
83244,434,303,131,31.4,136,298,35
83245,2411,1253,1158,40.9,648,1763,491
83246,1106,597,509,53.5,138,968,327
83250,2095,1099,996,43.5,535,1560,509
83251,1286,620,666,57.5,164,1122,350
83252,4546,2309,2237,39.5,1266,3280,879
83253,84,75,9,63.2,4,80,33
83254,3527,1795,1732,39.3,852,2675,799
83255,1113,610,503,42.4,279,834,313
83261,747,339,408,28.7,329,418,98
83262,1031,492,539,38.9,233,798,215
83263,9813,5187,4626,36.4,3060,6753,1472
83271,334,152,182,48,90,244,109
83272,212,119,93,45.4,44,168,56
83274,10593,5253,5340,36.1,3002,7591,1217
83276,3887,1955,1932,37.1,1169,2718,671
83277,168,106,62,43.3,56,112,8
83278,372,249,123,67.5,0,372,264
83281,81,39,42,51.7,12,69,0
83283,206,98,108,21.7,67,139,16
83285,31,19,12,58.9,0,31,15
83286,1451,746,705,31.3,473,978,136
83287,240,126,114,63.5,6,234,115
83301,61291,30754,30537,35.1,15581,45710,10087
83302,338,134,204,23.5,134,204,35
83311,690,373,317,32.7,238,452,132
83312,137,65,72,61.9,33,104,15
83313,4037,2475,1562,42,648,3389,740
83314,865,399,466,39.3,238,627,185
83316,10335,5090,5245,38.3,2753,7582,1953
83318,19324,10018,9306,31.9,5940,13384,2654
83320,1467,818,649,33.1,528,939,125
83321,496,279,217,39.8,123,373,129
83322,64,36,28,37,21,43,0
83323,1646,697,949,38.2,427,1219,230
83324,712,368,344,36.5,233,479,105
83325,799,401,398,31.7,296,503,131
83327,1034,504,530,34.7,321,713,128
83328,6167,3132,3035,38.2,1746,4421,883
83330,6853,3197,3656,40.1,1878,4975,1236
83332,2427,1251,1176,51.6,471,1956,700
83333,11869,5870,5999,43.3,3052,8817,1896
83334,2406,1155,1251,36.5,749,1657,407
83335,2296,1291,1005,32.5,669,1627,347
83336,6404,3124,3280,30.6,2142,4262,705
83337,15,8,7,-,0,15,15
83338,21284,10959,10325,32.9,6345,14939,2568
83340,5344,2793,2551,50.6,648,4696,1434
83341,8798,4066,4732,34.8,2875,5923,1084
83342,1370,795,575,38.4,443,927,227
83344,1246,655,591,33.2,410,836,147
83346,1367,699,668,34.8,441,926,217
83347,3057,1537,1520,38.3,965,2092,507
83348,56,32,24,20.5,0,56,7
83349,1216,649,567,39.8,276,940,170
83350,12355,6368,5987,35.4,3228,9127,2168
83352,3381,1824,1557,37.5,876,2505,524
83353,1373,606,767,64.5,79,1294,671
83354,10,0,10,-,0,10,0
83355,5396,2997,2399,32.5,1527,3869,645
83401,47381,24314,23067,30.5,15192,32189,5261
83402,28037,14035,14002,33.9,7392,20645,3613
83404,25947,12861,13086,37,7791,18156,4522
83406,19251,9348,9903,34.6,5930,13321,2689
83414,615,352,263,45.7,112,503,165
83420,2737,1462,1275,47.2,496,2241,634
83421,379,227,152,35.6,108,271,95
83422,3613,1593,2020,40.3,779,2834,499
83423,684,349,335,37.9,137,547,106
83424,87,44,43,10.8,62,25,0
83425,740,454,286,30.3,246,494,98
83427,2655,1281,1374,26.5,1146,1509,226
83428,525,256,269,56.5,58,467,122
83429,643,313,330,69.7,27,616,432
83431,879,406,473,36.3,286,593,150
83433,29,17,12,72.8,0,29,22
83434,1695,940,755,43,436,1259,386
83435,503,256,247,32.7,130,373,31
83436,860,373,487,32.4,232,628,140
83438,373,182,191,28.7,91,282,12
83440,49410,22112,27298,21.6,9605,39805,2429
83442,24445,12361,12084,30.7,8357,16088,2591
83443,1094,615,479,32.8,243,851,148
83444,1083,518,565,39.4,326,757,151
83445,7213,3851,3362,35.5,1914,5299,957
83446,25,12,13,67.4,0,25,15
83448,3166,1726,1440,26.2,1105,2061,341
83449,226,112,114,54.3,24,202,81
83450,1131,551,580,29.7,415,716,125
83451,1038,470,568,31,369,669,165
83452,2205,1169,1036,42.8,404,1801,430
83454,386,250,136,38.8,134,252,82
83455,5908,3240,2668,37.1,1553,4355,587
83460,18,0,18,19.6,1,17,0
83462,388,186,202,64.6,27,361,187
83463,49,20,29,71.4,0,49,49
83464,308,195,113,39.3,73,235,62
83465,64,44,20,63.7,0,64,30
83466,80,41,39,62.6,0,80,24
83467,6817,3528,3289,51.5,1240,5577,1974
83468,175,78,97,60.1,27,148,60
83469,34,34,0,40.6,0,34,13
83501,37136,18287,18849,40,7842,29294,7389
83520,314,204,110,47.4,16,298,45
83522,2595,1511,1084,33.2,586,2009,288
83523,799,418,381,53.6,158,641,240
83524,853,458,395,55.3,130,723,235
83525,377,192,185,62.1,51,326,92
83526,273,146,127,41.6,61,212,51
83530,5840,2933,2907,45.4,1384,4456,1495
83533,219,113,106,35.5,80,139,27
83535,1014,487,527,52.5,179,835,262
83536,4338,2262,2076,52.1,788,3550,1338
83537,1060,601,459,48.6,281,779,193
83539,2240,1061,1179,55.7,366,1874,846
83540,2435,1292,1143,35.4,699,1736,433
83541,1032,553,479,58.8,128,904,382
83542,132,65,67,68.2,15,117,69
83543,789,394,395,37.4,256,533,161
83544,6329,3468,2861,48.9,1015,5314,1680
83545,400,217,183,62.1,72,328,156
83546,441,260,181,62.1,52,389,165
83547,282,161,121,66.2,26,256,153
83548,133,70,63,28.5,55,78,19
83549,665,363,302,59.6,112,553,238
83552,810,419,391,62.9,60,750,348
83553,1015,564,451,60.5,118,897,382
83554,351,197,154,71,4,347,218
83555,386,232,154,56.6,54,332,128
83602,5,5,0,-,0,5,0
83604,495,236,259,37.8,122,373,127
83605,39636,19985,19651,31.5,11642,27994,4402
83607,34178,16741,17437,34.5,10281,23897,4588
83610,995,444,551,47.3,245,750,262
83611,3041,1487,1554,60.7,416,2625,1117
83612,2022,979,1043,59.8,327,1695,776
83615,1310,567,743,51,250,1060,253
83616,33860,16595,17265,46.1,8064,25796,7330
83617,16858,8564,8294,44,3753,13105,3805
83619,8170,3951,4219,40.7,2166,6004,1489
83622,2132,1138,994,55,298,1834,676
83623,1580,761,819,47.5,308,1272,332
83624,1665,775,890,42.3,316,1349,271
83626,1362,740,622,44.4,285,1077,317
83627,526,240,286,56.6,100,426,108
83628,4674,2490,2184,35.6,1223,3451,656
83629,1879,908,971,52.7,361,1518,509
83631,1484,666,818,47,239,1245,404
83632,577,366,211,54.1,86,491,142
83633,629,328,301,49.7,111,518,152
83634,34650,19330,15320,33,9501,25149,3149
83636,572,275,297,41.9,93,479,88
83637,265,167,98,58.6,49,216,104
83638,7410,4066,3344,42.3,1474,5936,1644
83639,3318,1718,1600,40.8,940,2378,758
83641,4014,2101,1913,38.2,1085,2929,508
83642,54645,27129,27516,39.3,13104,41541,7343
83643,116,70,46,65.5,4,112,58
83644,15349,7721,7628,36.6,4321,11028,2213
83645,881,421,460,45.8,207,674,201
83646,72804,36008,36796,36.7,21158,51646,10672
83647,22106,11584,10522,34,5532,16574,3400
83648,3184,2040,1144,23,866,2318,0
83650,501,279,222,53.2,79,422,138
83651,36863,18703,18160,34.9,9003,27860,6160
83654,1595,829,766,49.8,303,1292,358
83655,5350,2902,2448,42.4,1434,3916,929
83656,620,324,296,28.8,176,444,26
83657,343,210,133,27.4,136,207,69
83660,6578,3401,3177,35.1,2042,4536,1065
83661,10545,5061,5484,40.1,2544,8001,2266
83666,41,26,15,65.5,5,36,21
83669,14235,7163,7072,43.2,3299,10936,3112
83670,717,330,387,60.7,131,586,182
83672,8736,4399,4337,43,1943,6793,2276
83676,5373,2750,2623,38.9,1654,3719,727
83677,327,166,161,49.3,0,327,96
83686,56267,27664,28603,35.1,14379,41888,9010
83687,37095,18650,18445,33.6,9968,27127,4717
83702,23113,11849,11264,40.6,3866,19247,3037
83703,18168,9303,8865,39.4,3631,14537,2980
83704,40520,20226,20294,38.4,7438,33082,7569
83705,27849,14711,13138,35.1,4999,22850,3997
83706,36806,18400,18406,28.9,4718,32088,4768
83709,58321,29525,28796,37.5,14444,43877,8708
83712,9217,4630,4587,46.5,1495,7722,1992
83713,29722,15064,14658,39.9,7037,22685,4136
83714,26202,12516,13686,44,5620,20582,5234
83716,21092,10399,10693,40.2,4968,16124,2869
83720,0,0,0,-,0,0,0
83725,0,0,0,-,0,0,0
83801,7494,3814,3680,45.3,1615,5879,1694
83802,152,104,48,31.6,6,146,9
83803,546,284,262,60.6,56,490,119
83804,1631,903,728,63.2,156,1475,682
83805,8775,4334,4441,42.5,2155,6620,2124
83806,232,121,111,51.5,50,182,59
83808,138,65,73,65.5,37,101,69
83809,460,230,230,48.3,0,460,28
83810,1630,799,831,58.4,387,1243,636
83811,1701,839,862,59.6,209,1492,672
83812,16,9,7,70,0,16,11
83813,1063,626,437,37.9,288,775,139
83814,26611,13325,13286,44,4361,22250,5784
83815,38934,19733,19201,40,8978,29956,7700
83821,216,109,107,56.9,24,192,82
83822,1830,833,997,58.9,250,1580,652
83823,1552,785,767,45.9,346,1206,394
83824,403,215,188,47.7,141,262,88
83825,177,77,100,63.4,28,149,73
83826,101,29,72,56.9,0,101,31
83827,199,121,78,57.9,24,175,54
83830,300,132,168,71,22,278,155
83832,1775,929,846,42,459,1316,371
83833,1390,803,587,60.3,89,1301,442
83834,224,62,162,49.4,67,157,17
83835,23229,11245,11984,47,4890,18339,5840
83836,833,440,393,61.7,62,771,352
83837,3181,1510,1671,38.9,622,2559,763
83839,1146,547,599,59.6,147,999,332
83840,673,318,355,38.6,143,530,138
83841,601,230,371,48,169,432,126
83842,99,66,33,62.8,16,83,48
83843,24223,12803,11420,30.6,4599,19624,3280
83844,4478,2102,2376,19.5,85,4393,0
83845,1913,956,957,48.7,349,1564,540
83846,717,330,387,47.7,145,572,200
83847,1527,892,635,42.6,351,1176,211
83848,228,124,104,59.2,0,228,51
83849,2240,1039,1201,41.3,667,1573,395
83850,2429,1259,1170,40.7,547,1882,467
83851,2096,1114,982,37.6,553,1543,337
83852,1189,579,610,45.3,237,952,270
83854,50378,24664,25714,35.7,13259,37119,7537
83855,1774,881,893,49.9,322,1452,384
83856,6918,3670,3248,48.3,1402,5516,1790
83857,1294,613,681,42,460,834,226
83858,18575,9553,9022,41,4225,14350,3138
83860,7989,3854,4135,49.4,1506,6483,1944
83861,6701,3423,3278,48.4,1371,5330,1681
83864,19405,9814,9591,45.2,4127,15278,4570
83866,299,193,106,51.7,0,299,93
83867,576,296,280,41.8,182,394,119
83868,894,418,476,45.8,74,820,192
83869,5667,2779,2888,42.9,1467,4200,1017
83870,415,165,250,42.1,176,239,57
83871,2299,1228,1071,48.2,528,1771,579
83872,759,362,397,50.3,182,577,88
83873,1726,989,737,51,310,1416,428
83874,91,38,53,69.8,0,91,76
83876,1566,814,752,52.3,321,1245,382
84001,693,327,366,27.3,255,438,39
84002,275,132,143,35.2,80,195,59
84003,53731,27646,26085,27.3,17912,35819,4978
84004,10260,5235,5025,35,3317,6943,1431
84005,45638,22991,22647,21.9,20128,25510,1081
84006,1017,484,533,31.8,299,718,130
84007,410,202,208,26.3,106,304,41
84008,0,0,0,-,0,0,0
84009,39891,18896,20995,32,13749,26142,3850
84010,47030,23182,23848,32,13789,33241,6795
84013,703,395,308,31.7,216,487,86
84014,16740,8183,8557,38.7,4410,12330,3196
84015,69772,36026,33746,31.4,20465,49307,5656
84017,4554,2396,2158,35.7,1207,3347,599
84018,291,152,139,11.2,167,124,0
84020,50635,26525,24110,33.6,15254,35381,4563
84021,3272,1780,1492,36.7,1029,2243,465
84022,587,365,222,45.5,66,521,45
84023,121,70,51,40.2,37,84,18
84024,79,47,32,41.4,0,79,11
84025,24463,12601,11862,30.1,8748,15715,2421
84026,831,505,326,30.1,167,664,72
84027,654,300,354,44.3,188,466,134
84028,653,346,307,35.1,209,444,175
84029,13357,6733,6624,31.3,4525,8832,1060
84031,189,128,61,64.4,26,163,85
84032,24748,12653,12095,32.6,7791,16957,2570
84033,1051,530,521,40.2,331,720,146
84034,146,64,82,40,28,118,39
84035,472,258,214,52.2,55,417,108
84036,8629,4617,4012,36.7,2425,6204,1086
84037,39342,20244,19098,34.1,13685,25657,4523
84038,471,248,223,56,82,389,112
84039,497,209,288,39.3,124,373,75
84040,27223,13705,13518,35.7,7634,19589,3655
84041,55009,28091,26918,30.3,16649,38360,4427
84042,11478,6168,5310,30.1,3867,7611,1435
84043,77551,39381,38170,26.6,29057,48494,4411
84044,29275,15128,14147,32.9,8532,20743,2285
84045,40053,21156,18897,22.4,17466,22587,2054
84046,501,284,217,43.9,124,377,100
84047,36742,18685,18057,33.1,8041,28701,4058
84049,6891,3502,3389,40.4,2004,4887,1365
84050,12076,6265,5811,32.3,4080,7996,1489
84051,484,249,235,26.7,208,276,32
84052,1285,610,675,34.6,423,862,124
84053,768,379,389,40.2,207,561,115
84054,21937,10903,11034,33.2,6433,15504,2205
84055,1701,908,793,36.6,445,1256,248
84056,3482,1807,1675,22.1,1272,2210,21
84057,38222,19038,19184,28,10957,27265,3853
84058,34251,17627,16624,24.9,8113,26138,2647
84059,15667,8815,6852,24.9,4596,11071,306
84060,8615,4496,4119,41.9,1460,7155,1548
84061,307,174,133,40.7,49,258,88
84062,47430,24554,22876,27.3,15508,31922,4413
84063,310,172,138,41.8,70,240,68
84064,1012,496,516,28.1,364,648,113
84065,48759,24773,23986,34.6,15081,33678,5193
84066,14181,7168,7013,32.1,4713,9468,1523
84067,38952,19923,19029,32.7,11067,27885,4390
84069,437,224,213,44.2,109,328,97
84070,30390,15099,15291,32,8196,22194,3430
84071,2266,1159,1107,37.3,685,1581,400
84072,384,188,196,45,125,259,98
84073,165,83,82,58.6,25,140,50
84074,55917,28470,27447,31.6,17646,38271,4931
84075,32861,16741,16120,28.4,12468,20393,2531
84076,484,243,241,38.5,163,321,90
84078,30075,15155,14920,31.6,9893,20182,3279
84080,228,123,105,42.3,61,167,59
84081,52180,28155,24025,30.1,17421,34759,2708
84082,792,363,429,48.1,135,657,159
84083,1163,622,541,28.7,362,801,63
84084,31933,16258,15675,34.2,8275,23658,3961
84085,283,120,163,17.1,152,131,38
84086,407,197,210,33.6,163,244,59
84087,16772,8645,8127,34.1,4992,11780,1724
84088,38785,19332,19453,34,9728,29057,3924
84092,28439,14478,13961,42.6,6971,21468,5059
84093,24354,12531,11823,39.6,6533,17821,4429
84094,27971,14458,13513,35.9,6826,21145,3726
84095,38239,18828,19411,38,10052,28187,5946
84096,69619,34859,34760,28.9,25175,44444,3122
84097,21774,10772,11002,29.6,6364,15410,3355
84098,20044,10093,9951,42.4,4660,15384,2464
84101,7358,4142,3216,35.1,710,6648,846
84102,19165,9697,9468,28.8,956,18209,1681
84103,23155,12069,11086,36,2869,20286,4023
84104,23690,12660,11030,32.4,6499,17191,2330
84105,22797,11405,11392,35.2,4039,18758,2699
84106,34704,17479,17225,35.2,6868,27836,4792
84107,36697,18532,18165,35,6771,29926,5316
84108,21670,10288,11382,33.9,4123,17547,3184
84109,25623,13207,12416,36.1,6403,19220,3751
84111,12882,6803,6079,32.4,1518,11364,1215
84112,2671,1255,1416,20.9,32,2639,61
84113,259,103,156,19.9,7,252,0
84114,0,0,0,-,0,0,0
84115,28623,14315,14308,33.3,5572,23051,3050
84116,36701,19653,17048,31.1,9529,27172,3351
84117,24748,12012,12736,41.5,4591,20157,5296
84118,41387,20686,20701,30.9,12617,28770,2758
84119,51180,26978,24202,29.2,15254,35926,3986
84120,51391,26372,25019,30.7,15774,35617,5292
84121,39759,19610,20149,40.4,8382,31377,7495
84123,38052,18928,19124,33.7,9650,28402,4741
84124,22918,10931,11987,39.1,5607,17311,4079
84128,32260,15135,17125,30.6,10947,21313,2665
84129,37952,18514,19438,34.8,10589,27363,4839
84138,0,0,0,-,0,0,0
84150,7,0,7,-,0,7,0
84180,0,0,0,-,0,0,0
84301,779,424,355,35.5,226,553,127
84302,26601,13158,13443,33.7,7985,18616,3588
84304,105,31,74,18.5,45,60,0
84305,659,377,282,42.3,130,529,157
84306,322,139,183,40.5,132,190,71
84307,1235,597,638,34.6,397,838,173
84308,265,133,132,33.9,81,184,44
84309,735,425,310,35.1,216,519,89
84310,4717,2609,2108,39.9,1285,3432,796
84311,884,435,449,35.4,263,621,128
84312,4939,2435,2504,29.8,1649,3290,537
84313,39,28,11,63.4,0,39,0
84314,1235,660,575,28.8,440,795,105
84315,9535,4817,4718,37.4,3047,6488,963
84316,315,134,181,39.2,65,250,88
84317,2574,1426,1148,52.8,429,2145,741
84318,5298,2619,2679,28.7,1872,3426,618
84319,9994,5270,4724,28.8,3513,6481,1192
84320,2746,1381,1365,31.1,1005,1741,405
84321,49434,24054,25380,23.8,12205,37229,3371
84322,0,0,0,-,0,0,0
84324,1348,666,682,29.7,443,905,194
84325,2263,1088,1175,36.6,612,1651,287
84326,2072,1076,996,39.4,529,1543,535
84327,1041,591,450,26.2,387,654,140
84328,1718,875,843,42,451,1267,313
84329,150,88,62,34.1,17,133,14
84330,371,175,196,41.2,83,288,61
84331,226,116,110,33,73,153,31
84332,8418,4257,4161,33.6,2900,5518,1168
84333,3084,1517,1567,35.6,1046,2038,345
84334,178,115,63,16.7,98,80,0
84335,15787,8114,7673,27.7,5890,9897,1409
84336,416,189,227,19.8,174,242,56
84337,14940,8161,6779,31.3,4939,10001,1537
84338,567,276,291,35.6,147,420,72
84339,5915,3028,2887,30,2294,3621,701
84340,3301,1727,1574,38.8,804,2497,538
84341,25062,12906,12156,25.3,6728,18334,2270
84401,45346,22982,22364,31.5,12066,33280,3590
84403,36982,19105,17877,33.9,8506,28476,5259
84404,65940,33927,32013,33.4,18678,47262,7721
84405,34652,17178,17474,33.1,9282,25370,4861
84408,75,48,27,19.4,0,75,0
84414,32588,15601,16987,31.9,9916,22672,3894
84501,13039,6769,6270,35.6,3631,9408,2293
84511,4488,2223,2265,31.6,1466,3022,680
84512,762,370,392,40.4,231,531,163
84513,1347,701,646,36.4,442,905,288
84515,0,0,0,-,0,0,0
84516,61,31,30,67.9,0,61,44
84518,793,391,402,32,290,503,148
84520,1079,579,500,39.1,251,828,239
84521,650,373,277,45.6,187,463,166
84522,373,226,147,40.8,140,233,67
84523,1643,725,918,39.9,404,1239,302
84525,890,398,492,39.7,231,659,118
84526,4257,1960,2297,44,924,3333,788
84528,2801,1524,1277,37.4,755,2046,418
84529,95,6,89,30.3,26,69,0
84530,270,110,160,87.4,0,270,191
84531,606,347,259,27.9,191,415,91
84532,10250,5259,4991,40.9,1854,8396,1957
84533,102,75,27,33.4,0,102,31
84534,2386,1145,1241,29.5,717,1669,201
84535,2885,1485,1400,32.5,830,2055,540
84536,1419,729,690,33.8,327,1092,103
84537,1340,667,673,36.5,377,963,204
84539,362,185,177,44.8,66,296,107
84540,0,0,0,-,0,0,0
84542,1506,720,786,36.7,348,1158,315
84601,32069,16094,15975,25.4,7905,24164,2322
84602,1606,579,1027,19.4,30,1576,0
84604,44575,21396,23179,23.4,8371,36204,4098
84606,36489,17858,18631,23.1,5389,31100,936
84620,1083,595,488,37.1,267,816,146
84621,32,18,14,-,0,32,0
84622,1372,692,680,37.5,316,1056,206
84623,98,12,86,12.3,60,38,0
84624,5717,2885,2832,33.5,1813,3904,1005
84626,614,296,318,24,290,324,28
84627,6134,3004,3130,22,1614,4520,625
84628,927,437,490,42.1,277,650,161
84629,3273,1630,1643,44.2,708,2565,662
84630,491,287,204,20,227,264,39
84631,2986,1619,1367,35.7,980,2006,477
84632,1416,728,688,40.9,252,1164,209
84633,865,416,449,30.3,289,576,45
84634,3658,2612,1046,35.3,625,3033,206
84635,905,407,498,29.2,229,676,109
84636,526,290,236,37.4,144,382,107
84637,845,506,339,25.5,316,529,106
84638,328,147,181,39,113,215,66
84639,803,378,425,33.2,257,546,149
84640,222,98,124,28.1,75,147,17
84642,3365,1757,1608,35.6,976,2389,602
84643,560,295,265,37.4,158,402,84
84644,244,117,127,39.6,69,175,53
84645,2937,1557,1380,22.2,1227,1710,264
84646,1686,851,835,33.9,437,1249,202
84647,4562,2295,2267,31,1368,3194,746
84648,7158,3847,3311,32.2,2233,4925,905
84649,795,407,388,43.7,205,590,218
84651,28593,14980,13613,28.6,9269,19324,3118
84652,963,527,436,34.6,279,684,161
84653,10950,5415,5535,28.7,4022,6928,1104
84654,2535,1363,1172,36.9,612,1923,434
84655,16111,8237,7874,26.3,6463,9648,1035
84656,400,202,198,37.6,113,287,95
84657,693,376,317,26.5,275,418,40
84660,46229,23333,22896,27.7,16486,29743,3994
84662,1594,798,796,49.4,333,1261,343
84663,35731,17900,17831,27,12949,22782,3176
84664,11756,6275,5481,31.2,4186,7570,1492
84665,616,402,214,47.4,115,501,112
84667,415,222,193,33.1,146,269,54
84701,8721,4322,4399,32.8,2782,5939,1234
84710,331,192,139,36.6,137,194,38
84711,818,415,403,41.1,251,567,141
84712,121,61,60,62.3,30,91,55
84713,3725,1992,1733,39.1,1019,2706,675
84714,811,453,358,44.5,138,673,145
84715,483,198,285,41.6,111,372,75
84716,467,175,292,36.3,102,365,131
84718,265,136,129,38.4,68,197,62
84719,60,36,24,51.4,11,49,16
84720,23237,11306,11931,28.1,5777,17460,3423
84721,28812,14764,14048,28.4,8958,19854,2639
84722,902,518,384,49.4,203,699,252
84723,431,196,235,46.8,86,345,104
84724,1107,512,595,44.4,288,819,264
84725,1566,766,800,34.8,503,1063,317
84726,815,446,369,57.4,54,761,160
84728,59,25,34,60.1,9,50,0
84729,375,165,210,26.5,173,202,55
84730,675,334,341,46,171,504,192
84731,9,0,9,-,0,9,9
84732,57,34,23,60.6,7,50,22
84733,251,153,98,49.4,18,233,17
84734,223,115,108,29.1,56,167,34
84735,194,107,87,58.5,52,142,72
84736,286,175,111,30.8,98,188,41
84737,22153,11884,10269,43.5,4754,17399,4832
84738,9282,4693,4589,52.4,1870,7412,2971
84739,615,397,218,32.5,131,484,108
84740,288,191,97,61.2,35,253,98
84741,6296,3120,3176,44,1261,5035,1528
84742,347,168,179,57.3,60,287,126
84743,362,240,122,36.5,71,291,104
84744,259,136,123,18.8,125,134,45
84745,4360,2127,2233,31.1,1233,3127,676
84746,1272,560,712,54.9,183,1089,418
84747,966,551,415,37,269,697,178
84749,200,100,100,41.4,40,160,37
84750,585,250,335,56.2,117,468,208
84751,2348,1343,1005,24.9,867,1481,182
84752,1020,479,541,33.8,304,716,138
84753,0,0,0,-,0,0,0
84754,4059,2098,1961,40.2,1034,3025,805
84755,25,14,11,54.6,0,25,10
84756,360,174,186,60.6,28,332,142
84757,1305,697,608,57.1,201,1104,363
84758,611,326,285,36.7,211,400,113
84759,2199,1118,1081,36.8,629,1570,447
84760,1008,422,586,35.1,326,682,199
84761,3069,1688,1381,40.5,788,2281,683
84762,88,19,69,81.1,0,88,88
84763,180,95,85,66.3,17,163,98
84764,283,179,104,33.6,10,273,43
84765,7625,3906,3719,33.7,2005,5620,1242
84766,147,77,70,33.4,32,115,0
84767,666,405,261,43.5,47,619,145
84770,47207,22966,24241,36.8,10688,36519,10986
84772,234,128,106,54.4,39,195,16
84773,296,126,170,33.9,108,188,56
84774,2034,1026,1008,36.9,595,1439,318
84775,352,197,155,65,11,341,176
84776,524,259,265,48.3,106,418,172
84779,787,430,357,49.6,217,570,131
84780,29212,14170,15042,36.9,7706,21506,5466
84781,310,213,97,59.7,48,262,64
84782,519,273,246,57.8,106,413,126
84783,943,480,463,64.4,101,842,443
84784,1076,520,556,26.1,391,685,67
84790,51773,25473,26300,37.6,14762,37011,11321
85003,9085,5064,4021,36.4,1308,7777,1190
85004,10548,5375,5173,27.8,1057,9491,718
85006,24308,12628,11680,32.4,5831,18477,1814
85007,13939,7139,6800,33.4,3624,10315,1618
85008,61759,31940,29819,30.4,15360,46399,3387
85009,52420,28682,23738,31,14148,38272,4439
85012,7871,4280,3591,39.5,910,6961,1474
85013,20662,10775,9887,38.4,3316,17346,2873
85014,25843,12651,13192,36.6,4391,21452,4092
85015,42594,21258,21336,31.5,12017,30577,3959
85016,37025,18835,18190,36.8,5504,31521,5718
85017,43226,21630,21596,25.8,12826,30400,2336
85018,38411,19278,19133,38.7,8079,30332,6026
85019,28102,13599,14503,30.5,8433,19669,2265
85020,34376,17793,16583,43.5,5215,29161,7056
85021,39835,20502,19333,35.8,9400,30435,6128
85022,51826,24662,27164,37.3,9579,42247,8116
85023,33097,16810,16287,37.8,7433,25664,4760
85024,24754,12170,12584,33.9,6130,18624,2493
85026,0,0,0,-,0,0,0
85027,39152,18889,20263,35.4,8412,30740,5116
85028,18174,9234,8940,49.9,3299,14875,4332
85029,49592,23637,25955,35.2,11064,38528,6403
85031,31838,16979,14859,30.2,9244,22594,2888
85032,68805,34640,34165,38.3,12988,55817,10500
85033,59904,30333,29571,28.1,19186,40718,3759
85034,4845,2411,2434,31.2,1015,3830,343
85035,54535,27220,27315,26.1,18221,36314,3122
85037,51987,26513,25474,30.8,14861,37126,3874
85040,34861,17417,17444,29.4,10361,24500,2781
85041,62702,30415,32287,32.4,18490,44212,5711
85042,46913,23092,23821,33.4,11779,35134,4767
85043,40091,20847,19244,29.9,12545,27546,2023
85044,39486,19414,20072,41.7,7305,32181,6935
85045,7303,3605,3698,43.5,1649,5654,740
85048,34008,17140,16868,41.5,8009,25999,4599
85050,31425,16352,15073,41.3,7889,23536,4951
85051,43520,22065,21455,34.6,10451,33069,5144
85053,28819,15463,13356,36.5,6420,22399,3582
85054,8394,3902,4492,37.8,1092,7302,1400
85083,19703,9961,9742,40.6,5349,14354,2592
85085,27769,13291,14478,37.3,7189,20580,2872
85086,43884,21962,21922,43.6,10683,33201,7381
85087,9410,4912,4498,47.3,2134,7276,2080
85118,12959,6052,6907,66.2,774,12185,6904
85119,24051,11895,12156,51.1,3754,20297,8286
85120,29623,14315,15308,57.3,4111,25512,10844
85121,1835,952,883,26.7,410,1425,113
85122,55919,28901,27018,34.8,14207,41712,10119
85123,8766,4423,4343,43.5,1997,6769,2230
85128,17659,8627,9032,33.8,4784,12875,2500
85131,17695,12386,5309,38,2213,15482,2612
85132,38160,25561,12599,39.4,5941,32219,6262
85135,525,296,229,47.1,52,473,96
85137,2651,1405,1246,42.2,647,2004,665
85138,49220,24057,25163,35.7,13856,35364,7072
85139,19307,9977,9330,37,4650,14657,2679
85140,48743,23882,24861,34.3,14710,34033,6650
85141,311,149,162,62.3,25,286,119
85142,82360,40206,42154,35.6,24418,57942,8819
85143,39622,19222,20400,37.3,10371,29251,4897
85145,3173,1830,1343,39.3,802,2371,503
85147,4538,2366,2172,30,1087,3451,451
85172,1564,933,631,43.1,295,1269,359
85173,2639,1303,1336,53.9,281,2358,928
85191,33,24,9,62.4,0,33,9
85192,2133,1063,1070,55.8,394,1739,718
85193,5424,2956,2468,37.3,1357,4067,740
85194,7532,3873,3659,57.1,1270,6262,3135
85201,51840,26371,25469,31.7,11335,40505,5238
85202,39894,20287,19607,32.9,8748,31146,4634
85203,38202,19385,18817,32.3,10073,28129,4510
85204,66851,33848,33003,33.3,17655,49196,7078
85205,44010,21198,22812,49.6,8051,35959,12254
85206,36378,16915,19463,46.3,6248,30130,11057
85207,48133,23745,24388,46.3,9597,38536,10142
85208,37524,18081,19443,43.7,8095,29429,9052
85209,41012,19919,21093,45.5,7377,33635,11426
85210,41434,21431,20003,30.4,10684,30750,3452
85212,46153,23219,22934,34.3,13361,32792,5070
85213,37593,18884,18709,37.9,9799,27794,7035
85215,16525,8095,8430,54.6,2586,13939,5625
85224,49159,24781,24378,36.7,10386,38773,6155
85225,73116,36079,37037,33.8,16420,56696,7322
85226,41734,20357,21377,36,9494,32240,4497
85233,38637,18532,20105,37.7,9245,29392,5517
85234,49466,25088,24378,35.9,13092,36374,5552
85236,0,0,0,-,0,0,0
85248,36305,17502,18803,58.8,4897,31408,14979
85249,46377,23203,23174,43.2,12060,34317,8332
85250,15290,6817,8473,48.7,1555,13735,4174
85251,40709,20490,20219,37.9,4687,36022,6872
85253,17149,8606,8543,53.9,2874,14275,5050
85254,45207,22557,22650,45.9,8852,36355,9576
85255,43685,20861,22824,51.2,7948,35737,11742
85256,4139,2089,2050,26.9,1472,2667,327
85257,30133,15634,14499,36.8,3270,26863,5833
85258,25479,12341,13138,53.3,4109,21370,8287
85259,22241,11137,11104,51,4171,18070,5610
85260,38627,17631,20996,44.9,6564,32063,7928
85262,13126,6688,6438,60.1,1064,12062,5068
85263,3221,1495,1726,68.6,57,3164,2175
85264,1370,745,625,34,425,945,137
85266,12187,6153,6034,62.9,1381,10806,5419
85268,23904,11872,12032,60.2,2851,21053,9063
85281,68623,39079,29544,25.3,6896,61727,4092
85282,52828,27472,25356,32.7,7918,44910,7125
85283,45739,22189,23550,34.6,8948,36791,5249
85284,19150,10129,9021,43,3605,15545,3327
85286,48183,24853,23330,36.4,12579,35604,4891
85295,54556,26576,27980,32.2,17331,37225,3515
85296,50570,25474,25096,35,15067,35503,4216
85297,34212,17127,17085,33.7,11223,22989,2647
85298,42090,20688,21402,39.2,12875,29215,6279
85301,67781,33172,34609,29.3,21360,46421,6363
85302,40331,19370,20961,36.2,9302,31029,6473
85303,35194,18260,16934,30.2,10438,24756,2732
85304,29566,14019,15547,39.4,6653,22913,5309
85305,15146,7540,7606,31.6,3662,11484,1201
85306,24652,11663,12989,37.3,4785,19867,4026
85307,12162,5794,6368,27.6,2922,9240,957
85308,63789,31958,31831,41.4,12342,51447,10761
85309,807,732,75,21.4,0,807,0
85310,19224,9701,9523,41,4491,14733,2634
85320,527,239,288,44.7,122,405,160
85321,3621,1640,1981,56.7,426,3195,1270
85322,445,257,188,44.5,66,379,26
85323,45288,22481,22807,30.6,12559,32729,3154
85324,2408,1257,1151,60.4,42,2366,785
85325,1073,572,501,75.5,35,1038,864
85326,73579,39870,33709,33.3,20521,53058,6982
85328,171,136,35,63,0,171,85
85329,2610,1273,1337,36.2,799,1811,559
85331,31133,15205,15928,51,6473,24660,7600
85332,1633,886,747,69.3,111,1522,1041
85333,550,236,314,40.1,157,393,133
85334,1012,531,481,30.4,181,831,258
85335,35652,17392,18260,31.9,9728,25924,3625
85336,9780,4466,5314,28.2,3308,6472,875
85337,2403,1387,1016,35.2,669,1734,314
85338,60922,30887,30035,37.2,15821,45101,8187
85339,50686,25766,24920,32,15404,35282,4630
85340,36167,18092,18075,38.4,9236,26931,4835
85341,40,23,17,59.5,14,26,0
85342,1829,894,935,55.5,171,1658,495
85343,75,21,54,37.3,32,43,5
85344,9106,4581,4525,45.3,2064,7042,2407
85345,61801,30264,31537,37,14083,47718,8819
85346,2614,1468,1146,68.3,246,2368,1347
85347,608,347,261,32.6,190,418,39
85348,2044,926,1118,74.1,52,1992,1634
85349,26190,14535,11655,32.1,7247,18943,2674
85350,19031,9884,9147,30.3,5638,13393,1957
85351,27857,11429,16428,72.6,132,27725,20932
85352,454,266,188,25.9,131,323,55
85353,44000,21464,22536,28.2,14201,29799,3084
85354,7999,4462,3537,40.5,1542,6457,1141
85355,13136,6923,6213,36.8,3839,9297,1521
85356,3703,1989,1714,60.4,573,3130,1471
85357,455,292,163,50.5,42,413,143
85360,59,37,22,69.7,0,59,57
85361,7357,3598,3759,43.5,1519,5838,972
85362,579,301,278,64.8,50,529,284
85363,6980,3745,3235,37.6,1741,5239,1122
85364,71910,36749,35161,32.8,19002,52908,11318
85365,51394,26454,24940,34.7,12357,39037,10943
85367,20761,10238,10523,65.8,2740,18021,10761
85371,206,111,95,27.3,88,118,10
85373,20695,9908,10787,64.3,2702,17993,10140
85374,41814,19366,22448,57.9,6410,35404,17395
85375,26827,12115,14712,74.8,111,26716,23025
85377,3575,1700,1875,65.4,75,3500,1820
85378,9226,4054,5172,41.5,1932,7294,1972
85379,48638,23383,25255,33.8,14674,33964,4920
85381,27098,12997,14101,43.3,4715,22383,5193
85382,41158,19294,21864,45,8035,33123,9933
85383,69177,34228,34949,40.1,19405,49772,10865
85387,16124,7882,8242,54,2362,13762,5725
85388,33517,15966,17551,34.9,10924,22593,4009
85390,9896,4707,5189,63.4,1402,8494,4449
85392,39208,19302,19906,33.5,10615,28593,4086
85395,37313,17053,20260,45.4,6606,30707,9424
85396,35752,17665,18087,39.1,9931,25821,7078
85501,12927,6761,6166,45,2464,10463,2826
85530,1777,884,893,29.8,533,1244,256
85531,375,98,277,26.8,109,266,42
85532,387,132,255,42.2,116,271,80
85533,2724,1310,1414,40.4,537,2187,588
85534,2777,1409,1368,41.1,684,2093,608
85535,0,0,0,-,0,0,0
85536,340,179,161,42.2,82,258,71
85539,2936,1509,1427,47.8,598,2338,786
85540,3881,2219,1662,27,1368,2513,48
85541,22951,11285,11666,59.5,3666,19285,8575
85542,3049,1397,1652,25.4,1164,1885,229
85543,4425,2233,2192,36.3,1307,3118,734
85544,2529,1264,1265,67.5,160,2369,1445
85545,637,367,270,68.3,20,617,345
85546,20893,11660,9233,34.9,4929,15964,2947
85550,5378,2564,2814,28.6,1703,3675,373
85551,456,203,253,35.7,102,354,38
85552,6640,3381,3259,28.7,1956,4684,993
85553,1477,679,798,69.6,149,1328,896
85554,484,287,197,60.3,53,431,151
85601,524,265,259,61.5,24,500,262
85602,9643,4831,4812,54.9,1675,7968,3175
85603,6761,3265,3496,55.7,887,5874,2368
85605,753,390,363,34,223,530,160
85606,870,479,391,50.8,161,709,295
85607,16864,8492,8372,32.2,4564,12300,2705
85608,3079,3075,4,36.8,0,3079,59
85609,446,223,223,64.7,13,433,207
85610,784,365,419,43.1,194,590,150
85611,1261,616,645,58.8,285,976,503
85613,4784,3002,1782,22.7,1233,3551,0
85614,23997,11309,12688,71.3,1410,22587,16380
85615,9435,4608,4827,50,1872,7563,2560
85616,4876,2451,2425,45.2,872,4004,1266
85617,1050,519,531,56.1,167,883,379
85618,1268,638,630,57.8,193,1075,439
85619,26,18,8,63.6,0,26,0
85620,1111,520,591,29.1,393,718,202
85621,21421,10216,11205,36.9,5327,16094,4017
85622,6151,2900,3251,73.3,204,5947,4968
85623,4887,2557,2330,65.2,595,4292,2524
85624,1396,642,754,58.8,209,1187,591
85625,2031,959,1072,62.2,286,1745,892
85626,955,599,356,31.4,235,720,159
85627,444,234,210,54.3,118,326,147
85629,30224,14749,15475,34.1,9621,20603,3675
85630,2225,1056,1169,41.5,605,1620,594
85631,3555,1975,1580,52.6,498,3057,951
85632,773,418,355,61,116,657,343
85633,47,35,12,24.3,1,46,0
85634,6012,2991,3021,29.4,1922,4090,689
85635,35516,17456,18060,39.4,7803,27713,7419
85637,1219,646,573,60.3,194,1025,520
85638,1610,787,823,60,195,1415,691
85639,441,254,187,26.1,122,319,69
85640,81,40,41,62.8,0,81,35
85641,30638,16182,14456,39.5,8237,22401,4299
85643,8787,4881,3906,37.4,1876,6911,1579
85645,1219,563,656,60.7,170,1049,500
85646,1403,650,753,69.2,102,1301,842
85648,21509,10562,10947,34,6604,14905,2414
85650,14434,6774,7660,49.5,3194,11240,4191
85653,20537,10746,9791,36.8,5223,15314,2671
85654,0,0,0,-,0,0,0
85658,15819,7201,8618,53,2599,13220,5349
85701,5205,2840,2365,38.5,526,4679,883
85704,34590,16395,18195,45.3,5355,29235,9871
85705,56344,27538,28806,33.5,10750,45594,8253
85706,57897,28095,29802,28.2,16608,41289,5511
85707,582,496,86,21.6,0,582,0
85708,3962,1980,1982,23.3,1384,2578,35
85709,0,0,0,-,0,0,0
85710,52982,24903,28079,41.2,9283,43699,12258
85711,41412,20585,20827,36.5,9144,32268,6801
85712,30975,14922,16053,42.2,4771,26204,6572
85713,46688,23646,23042,35.9,10771,35917,8060
85714,15909,7840,8069,34.2,3580,12329,2399
85715,19071,9595,9476,47.1,2797,16274,4865
85716,31590,15664,15926,36.5,4876,26714,5254
85718,26965,13275,13690,54.7,3814,23151,8846
85719,48947,23578,25369,23.2,5088,43859,4652
85721,0,0,0,-,0,0,0
85723,148,118,30,48.6,0,148,30
85724,0,0,0,-,0,0,0
85726,0,0,0,-,0,0,0
85730,38462,18902,19560,35.9,8659,29803,6409
85734,5265,5257,8,35.1,61,5204,190
85735,11289,5581,5708,43.9,2360,8929,2443
85736,4337,2465,1872,43.3,1019,3318,1052
85737,22767,10428,12339,53.4,4373,18394,7382
85739,17914,8987,8927,65.7,1700,16214,9237
85741,33480,16681,16799,37.2,6261,27219,5388
85742,29687,14548,15139,42.1,6111,23576,5647
85743,30626,15533,15093,45.9,6319,24307,6918
85745,37355,17713,19642,38.9,6282,31073,7834
85746,46617,22496,24121,32.8,12643,33974,6530
85747,25932,13051,12881,36.8,7501,18431,3248
85748,20137,10424,9713,41.9,4058,16079,4307
85749,17467,8886,8581,54.8,2963,14504,5295
85750,24174,11626,12548,55.1,3665,20509,8129
85755,17555,8397,9158,60.9,2847,14708,7646
85756,36828,19547,17281,35.6,9674,27154,5091
85757,21021,10717,10304,34.5,6077,14944,2492
85901,18966,9466,9500,49,4053,14913,5385
85902,5,5,0,-,0,5,0
85911,1506,697,809,25.4,602,904,106
85912,175,70,105,53.9,0,175,45
85920,555,301,254,68.5,53,502,343
85922,101,89,12,69.1,0,101,55
85923,345,200,145,63.2,26,319,130
85924,1699,894,805,62.9,240,1459,710
85925,4382,2366,2016,39,1111,3271,1162
85926,807,363,444,26.6,313,494,15
85927,167,96,71,69.9,24,143,99
85928,409,211,198,64.3,9,400,182
85929,7719,3633,4086,51.6,1267,6452,2278
85930,1360,715,645,24.6,488,872,85
85931,233,139,94,58.8,24,209,86
85932,722,374,348,47.6,197,525,216
85933,3261,1685,1576,58.2,343,2918,1421
85934,566,326,240,46.1,170,396,71
85935,4514,2216,2298,60.5,601,3913,1700
85936,4162,2253,1909,33.6,1416,2746,339
85937,9222,4632,4590,33,3291,5931,1297
85938,2187,974,1213,44.7,483,1704,653
85939,3844,1856,1988,39.1,1142,2702,736
85940,1548,817,731,53.5,229,1319,350
85941,10480,5235,5245,30.1,3640,6840,930
85942,0,0,0,-,0,0,0
86001,37084,18896,18188,23.8,4826,32258,2880
86003,52,32,20,56.2,0,52,11
86004,36590,19063,17527,36.9,8243,28347,5064
86005,16703,8112,8591,34.2,3997,12706,2317
86011,3917,1133,2784,18.9,52,3865,0
86015,1275,664,611,36,220,1055,180
86016,39,15,24,27.9,6,33,8
86017,950,524,426,66.4,56,894,487
86018,864,428,436,49.8,175,689,275
86020,2061,998,1063,35.2,506,1555,370
86021,4118,1977,2141,18.1,2046,2072,43
86022,1659,774,885,40.9,402,1257,357
86023,2311,850,1461,30.8,495,1816,66
86024,1096,524,572,67,49,1047,588
86025,5317,3002,2315,39.1,1365,3952,698
86028,37,0,37,-,0,37,0
86029,105,72,33,57.5,0,105,21
86030,700,351,349,48.2,175,525,197
86031,1882,941,941,34.8,546,1336,319
86032,2119,1089,1030,21.9,951,1168,219
86033,8051,3712,4339,30.7,2518,5533,895
86034,1607,824,783,45.3,252,1355,380
86035,1881,872,1009,35.3,507,1374,201
86036,205,95,110,35.5,33,172,21
86038,272,111,161,32.5,120,152,47
86039,1504,731,773,39.3,326,1178,283
86040,10785,5602,5183,31.8,2954,7831,1355
86042,1966,984,982,38.7,599,1367,255
86043,2523,1139,1384,26.6,829,1694,306
86044,3148,1519,1629,40,712,2436,544
86045,11154,5309,5845,34.2,2950,8204,1324
86046,6131,3068,3063,45.3,1387,4744,1323
86047,14688,8355,6333,33.8,3971,10717,1520
86052,296,209,87,41.6,0,296,0
86053,2286,1093,1193,28.6,614,1672,302
86054,1568,672,896,44.5,363,1205,363
86301,26136,12873,13263,58.6,3515,22621,10191
86303,19319,9346,9973,59.2,2526,16793,7348
86305,19071,9384,9687,61.7,2088,16983,8042
86313,212,212,0,60,0,212,70
86314,39202,19235,19967,43,8215,30987,9569
86315,8878,4260,4618,54.7,1430,7448,3049
86320,2585,1342,1243,57.7,575,2010,843
86321,3190,1682,1508,23.5,1278,1912,149
86322,12795,6836,5959,40,3069,9726,3017
86323,19247,9369,9878,51.8,3393,15854,5270
86324,4552,1934,2618,59.9,638,3914,1721
86325,5505,2686,2819,55.2,734,4771,1403
86326,24486,12120,12366,50,4078,20408,6871
86327,11417,5792,5625,62.9,1194,10223,5257
86329,1239,587,652,43.3,477,762,299
86331,363,172,191,57,36,327,124
86332,2144,1212,932,61.4,292,1852,718
86333,6740,3386,3354,49,884,5856,1557
86334,4328,2023,2305,47.4,993,3335,988
86335,4600,2316,2284,61.7,278,4322,1967
86336,10914,5021,5893,59.3,1106,9808,4092
86337,1838,1006,832,57.4,251,1587,693
86338,570,315,255,60.3,94,476,197
86343,143,70,73,53.9,16,127,24
86351,6105,2795,3310,66.3,303,5802,3240
86401,29528,14914,14614,44,6167,23361,7405
86403,18583,9054,9529,49.3,3266,15317,5467
86404,18280,9387,8893,59.5,2420,15860,7148
86406,23973,11954,12019,56.4,3811,20162,8761
86409,29001,14548,14453,51.2,4690,24311,8298
86411,520,256,264,40,110,410,40
86413,11544,6527,5017,59.2,624,10920,4295
86426,15795,7895,7900,57.9,2251,13544,5451
86429,8400,4306,4094,57.9,946,7454,2819
86431,295,205,90,60.1,0,295,112
86432,3935,1811,2124,60.1,476,3459,1492
86433,94,75,19,71.2,0,94,77
86434,1867,876,991,24.7,690,1177,155
86435,0,0,0,-,0,0,0
86436,772,486,286,71,0,772,510
86437,120,75,45,49,30,90,8
86438,611,331,280,67.9,21,590,385
86440,8708,4309,4399,47.3,1651,7057,2518
86441,1510,679,831,62.7,72,1438,712
86442,34071,17713,16358,49.9,5937,28134,9890
86443,0,0,0,-,0,0,0
86444,1641,857,784,70,9,1632,1196
86445,265,133,132,52.1,68,197,35
86502,968,512,456,44,180,788,174
86503,9714,4858,4856,35.5,2796,6918,1332
86504,5909,2745,3164,34,1431,4478,825
86505,7436,3629,3807,32.7,2093,5343,956
86506,1389,670,719,37.5,329,1060,181
86507,2006,941,1065,32,584,1422,385
86508,542,270,272,39.2,101,441,93
86510,3720,1725,1995,36.5,944,2776,531
86511,3479,1604,1875,36.4,938,2541,460
86512,2594,1320,1274,31.2,779,1815,265
86514,3212,1568,1644,31.5,920,2292,459
86515,2883,1304,1579,36.2,638,2245,396
86520,2201,1100,1101,31.5,589,1612,340
86535,1250,712,538,37.3,276,974,143
86538,1603,853,750,33.4,460,1143,130
86540,909,410,499,29.6,294,615,118
86544,1440,799,641,36.1,269,1171,191
86545,1136,585,551,32.7,321,815,150
86547,1044,457,587,23.7,417,627,82
86556,2945,1368,1577,21.9,880,2065,240
87001,3393,1760,1633,40.5,775,2618,606
87002,19985,9998,9987,47.4,3270,16715,4318
87004,11614,6010,5604,43.5,1801,9813,2897
87005,25,25,0,-,0,25,25
87006,1716,1122,594,36.5,460,1256,260
87007,1824,868,956,27.4,509,1315,242
87008,2418,1058,1360,53.3,481,1937,595
87010,1073,585,488,59.1,72,1001,405
87011,5,2,3,-,0,5,5
87012,320,213,107,63.8,0,320,156
87013,5600,2853,2747,32.2,1604,3996,780
87014,591,357,234,43.8,50,541,199
87015,14519,7225,7294,50,2686,11833,3181
87016,2848,1610,1238,54.4,458,2390,783
87017,373,221,152,32.7,73,300,92
87018,922,418,504,33.4,187,735,118
87020,10555,5412,5143,36.3,2324,8231,1680
87021,2793,1630,1163,44,538,2255,378
87022,527,231,296,44.5,74,453,171
87023,451,200,251,62.3,76,375,114
87024,2538,1146,1392,30.8,958,1580,293
87025,1472,698,774,52.9,174,1298,362
87026,3817,1757,2060,35.9,1019,2798,527
87027,422,269,153,32.7,104,318,122
87028,155,133,22,43,15,140,48
87029,367,137,230,61.6,60,307,125
87031,46590,23544,23046,35.9,12004,34586,7780
87032,115,0,115,-,0,115,0
87034,2982,1406,1576,39.7,748,2234,397
87035,7331,3820,3511,35.6,1930,5401,1129
87036,1663,915,748,55.8,333,1330,669
87037,1651,833,818,39.3,307,1344,300
87038,359,208,151,30.9,75,284,69
87040,481,223,258,34.7,98,383,57
87041,867,516,351,40.7,196,671,113
87042,3447,1810,1637,38.9,885,2562,525
87043,4066,2138,1928,62.8,217,3849,1693
87044,160,90,70,61.8,0,160,72
87045,2238,1244,994,28.6,843,1395,237
87046,217,115,102,42.1,45,172,68
87047,4965,2577,2388,48.4,973,3992,1024
87048,8839,4152,4687,56.8,1195,7644,3194
87049,304,173,131,51.5,114,190,3
87051,2103,853,1250,25.4,803,1300,205
87052,2841,1281,1560,30.3,846,1995,196
87053,1283,573,710,31.6,368,915,75
87056,1005,437,568,63.4,140,865,470
87059,10020,5204,4816,50.5,1854,8166,2442
87060,0,0,0,-,0,0,0
87061,232,103,129,35.5,28,204,56
87062,1374,573,801,49.6,424,950,270
87063,389,248,141,28.7,110,279,76
87064,109,90,19,54.9,16,93,44
87068,5450,2751,2699,44.1,1219,4231,1210
87070,10,10,0,-,0,10,10
87072,620,321,299,32.1,150,470,100
87083,466,177,289,63.5,61,405,218
87101,0,0,0,-,0,0,0
87102,20031,10246,9785,35.6,3229,16802,2755
87104,12982,6487,6495,41.2,2972,10010,2919
87105,55295,28035,27260,38.8,12890,42405,9968
87106,25825,13397,12428,32.2,3592,22233,3378
87107,27873,13706,14167,44,4700,23173,6048
87108,36147,18456,17691,38.1,7415,28732,5821
87109,40313,18601,21712,42.1,7457,32856,9068
87110,40404,19787,20617,40.6,7820,32584,7193
87111,56830,27549,29281,44.3,9870,46960,13888
87112,42632,19272,23360,40.3,7650,34982,8236
87113,16434,8612,7822,40.1,3765,12669,2338
87114,67805,32256,35549,37.3,16047,51758,9497
87116,4381,2791,1590,23.5,1345,3036,247
87117,28,28,0,20.7,0,28,0
87120,65918,32093,33825,39.4,13730,52188,10978
87121,76980,38560,38420,30,22481,54499,5850
87122,18592,8919,9673,45.1,4511,14081,3825
87123,43351,21866,21485,39.5,8501,34850,8500
87124,57239,28548,28691,40.5,12999,44240,10940
87144,48815,23935,24880,37.7,12408,36407,6734
87151,1261,985,276,33.3,0,1261,0
87301,22454,11147,11307,34.1,6768,15686,3196
87305,1947,943,1004,33.1,431,1516,243
87310,1182,594,588,32.9,288,894,133
87311,5027,2331,2696,30.7,1423,3604,498
87312,578,270,308,44.1,103,475,123
87313,4990,2367,2623,35.2,1119,3871,691
87315,223,102,121,73.1,0,223,115
87316,1552,711,841,34.1,302,1250,182
87317,1938,807,1131,27.6,764,1174,153
87319,2653,1301,1352,30.8,785,1868,162
87320,594,273,321,44.7,79,515,151
87321,1963,960,1003,54.5,288,1675,515
87322,594,271,323,24.7,203,391,23
87323,4345,2417,1928,37.6,1212,3133,916
87325,2290,1145,1145,35.7,629,1661,371
87326,2439,1177,1262,32.6,651,1788,386
87327,8134,3919,4215,33,2184,5950,870
87328,2920,1329,1591,28.9,1003,1917,300
87347,237,147,90,69.7,55,182,124
87357,1043,484,559,28.2,315,728,119
87364,1470,759,711,37.9,301,1169,219
87365,32,9,23,38.3,0,32,2
87375,4484,2168,2316,35.9,987,3497,570
87401,46398,22039,24359,34.2,13238,33160,6400
87402,10362,5614,4748,39.3,2767,7595,1786
87410,15087,7211,7876,40.4,3501,11586,2804
87412,1594,501,1093,59,60,1534,534
87413,14980,7823,7157,34.7,4234,10746,2497
87415,2418,1204,1214,47.3,501,1917,302
87416,4470,2276,2194,37.9,902,3568,679
87417,5358,2653,2705,29.9,1803,3555,823
87418,835,426,409,56.9,106,729,301
87419,411,204,207,54,60,351,101
87420,11051,5589,5462,37,2434,8617,1481
87421,1612,839,773,41.2,359,1253,251
87455,1546,785,761,39.9,254,1292,272
87461,1394,670,724,41.2,319,1075,230
87499,868,447,421,49,65,803,158
87501,15001,6722,8279,56.6,1295,13706,5774
87505,31857,15258,16599,52.4,3538,28319,10234
87506,15895,7823,8072,53.7,2578,13317,5003
87507,51580,25326,26254,38.1,11984,39596,8203
87508,18245,9503,8742,53.6,2852,15393,5709
87510,861,560,301,32.7,171,690,292
87511,2806,1392,1414,42.5,561,2245,463
87512,122,67,55,-,0,122,55
87513,749,305,444,56.3,157,592,211
87514,1320,597,723,30.9,41,1279,373
87515,169,98,71,56.4,0,169,0
87516,95,51,44,46.7,0,95,0
87517,308,137,171,44.1,107,201,66
87518,0,0,0,-,0,0,0
87519,746,507,239,51.6,159,587,167
87520,1212,602,610,62.8,43,1169,461
87521,880,523,357,46.8,174,706,297
87522,3217,1563,1654,52.3,476,2741,720
87523,180,59,121,68.7,0,180,106
87524,414,160,254,35.2,155,259,0
87525,64,50,14,49.3,13,51,0
87527,896,474,422,57.3,174,722,254
87528,2650,1294,1356,35.4,717,1933,361
87529,4723,2038,2685,53.5,600,4123,1446
87530,975,398,577,39.7,273,702,439
87531,308,123,185,74.5,0,308,273
87532,19827,10037,9790,38.2,5083,14744,3501
87535,1584,869,715,56.5,82,1502,497
87537,2561,1045,1516,34.8,993,1568,433
87538,441,158,283,39.1,157,284,30
87539,214,95,119,36.2,0,214,0
87540,885,506,379,60.6,63,822,266
87543,247,91,156,63.1,0,247,43
87544,13661,7176,6485,41.1,2640,11021,2372
87547,5592,2708,2884,41.2,1504,4088,1051
87548,944,475,469,32.1,382,562,233
87549,1166,656,510,59.4,57,1109,285
87551,324,103,221,44,161,163,80
87552,2132,967,1165,53.3,410,1722,504
87553,1583,945,638,39.2,378,1205,334
87554,0,0,0,-,0,0,0
87556,2445,1438,1007,49.4,369,2076,641
87557,5527,2604,2923,40.7,1622,3905,1419
87558,1046,500,546,60.1,158,888,361
87560,1635,879,756,43.4,275,1360,346
87562,582,428,154,36.2,105,477,49
87564,84,28,56,56.3,1,83,27
87565,351,100,251,40.2,117,234,100
87566,2906,1597,1309,38,625,2281,379
87567,1122,483,639,32.4,300,822,160
87569,466,253,213,54.6,0,466,119
87571,11698,5939,5759,49.3,1550,10148,3615
87573,6,6,0,-,0,6,6
87575,986,284,702,22,326,660,51
87577,589,167,422,35.7,250,339,81
87578,320,181,139,46.7,37,283,133
87579,2002,1042,960,60,170,1832,472
87580,161,0,161,69.6,0,161,108
87581,30,18,12,-,0,30,0
87582,1055,654,401,37.6,216,839,57
87583,455,215,240,54.5,60,395,206
87701,17991,9120,8871,43.8,2984,15007,3698
87710,1359,696,663,57.7,229,1130,501
87711,945,361,584,31.8,326,619,125
87712,364,165,199,46.8,89,275,44
87713,184,76,108,60,1,183,34
87714,1013,503,510,34.8,228,785,216
87715,418,87,331,25.7,20,398,47
87718,440,224,216,67.3,59,381,236
87722,677,224,453,58.9,160,517,186
87723,262,157,105,70.1,0,262,190
87724,0,0,0,-,0,0,0
87728,619,331,288,30.6,258,361,96
87729,86,60,26,60.4,9,77,24
87730,14,6,8,67.3,0,14,12
87731,511,202,309,23.2,107,404,60
87732,1123,598,525,60.2,268,855,374
87733,101,73,28,50.7,16,85,37
87734,337,191,146,53.6,39,298,116
87735,32,0,32,-,0,32,32
87736,66,22,44,78.4,0,66,41
87740,6928,3454,3474,45.5,1204,5724,1815
87742,283,160,123,68.8,0,283,179
87743,412,195,217,40.9,71,341,83
87745,1067,435,632,66.5,125,942,575
87746,78,32,46,50.8,6,72,10
87747,1682,881,801,54.6,159,1523,439
87749,104,48,56,-,0,104,0
87750,0,0,0,-,0,0,0
87752,618,278,340,62.8,71,547,282
87753,59,29,30,-,0,59,29
87801,9486,4697,4789,39,1560,7926,1934
87820,226,84,142,56.5,0,226,98
87821,781,373,408,67.6,0,781,418
87823,365,160,205,32.9,149,216,34
87824,130,100,30,75.8,0,130,118
87825,2665,1362,1303,44,633,2032,580
87827,279,164,115,66.4,12,267,160
87828,666,310,356,9.9,339,327,84
87829,887,527,360,60,141,746,390
87830,765,433,332,30.9,119,646,210
87831,208,61,147,63.5,0,208,90
87832,152,93,59,59.4,0,152,72
87901,6264,3196,3068,43.2,1373,4891,1594
87930,408,212,196,68.4,27,381,245
87931,706,424,282,71.1,153,553,396
87933,0,0,0,-,0,0,0
87935,1718,913,805,66.9,59,1659,1011
87936,234,123,111,64.9,0,234,116
87937,3546,1721,1825,36.6,980,2566,475
87939,267,153,114,63.1,56,211,16
87940,414,194,220,60.8,90,324,164
87941,860,429,431,25.9,275,585,16
87942,1542,595,947,54.8,175,1367,479
87943,254,127,127,67.8,0,254,220
88001,39358,19130,20228,26.6,8732,30626,4313
88002,1449,885,564,21.9,400,1049,20
88003,458,235,223,18.9,15,443,0
88004,1037,1037,0,36.2,0,1037,26
88005,27279,12595,14684,34.2,5426,21853,5337
88007,24983,11700,13283,40.7,5919,19064,4965
88008,11771,6279,5492,33.5,3550,8221,1009
88009,48,48,0,21.5,0,48,0
88011,30831,15424,15407,42.7,5893,24938,7382
88012,31800,16323,15477,30.5,8892,22908,3816
88020,793,423,370,46.6,182,611,170
88021,16156,8094,8062,32.7,4085,12071,2847
88022,807,377,430,68.1,13,794,453
88023,2184,1094,1090,37.3,557,1627,501
88024,430,180,250,46.3,83,347,34
88025,50,18,32,64.9,0,50,22
88026,1610,695,915,42.5,393,1217,367
88027,708,376,332,34.1,179,529,136
88028,277,141,136,66.9,18,259,155
88029,1327,614,713,33.2,424,903,219
88030,24066,12355,11711,36.6,6361,17705,4995
88034,64,50,14,55.9,0,64,0
88038,329,122,207,45.7,59,270,64
88039,553,222,331,36.7,150,403,164
88040,81,58,23,46.2,0,81,24
88041,1423,692,731,60.6,158,1265,519
88042,327,194,133,65.1,0,327,166
88043,1652,855,797,43.6,435,1217,336
88044,2499,1454,1045,38.7,703,1796,673
88045,3154,1510,1644,39.4,735,2419,608
88046,663,280,383,51,46,617,149
88047,1372,648,724,38.8,320,1052,316
88048,3211,1671,1540,43.4,699,2512,582
88049,746,310,436,65.6,15,731,400
88051,64,31,33,48,0,64,12
88052,98,30,68,50.8,0,98,14
88053,185,101,84,55.9,0,185,90
88055,34,15,19,63.1,0,34,6
88056,165,85,80,75.2,0,165,130
88061,17784,9144,8640,46.8,3389,14395,4904
88063,11398,5315,6083,31.9,3096,8302,1792
88065,716,381,335,34.4,261,455,99
88072,2937,1469,1468,24.8,1283,1654,201
88081,17183,9094,8089,32.6,4448,12735,1898
88101,45619,23592,22027,31.3,12164,33455,5537
88103,19,0,19,-,0,19,0
88112,317,140,177,58.8,75,242,45
88113,185,103,82,32.5,70,115,43
88114,57,28,29,47.8,9,48,7
88115,7,7,0,-,0,7,7
88116,458,243,215,49,110,348,137
88118,225,105,120,62.3,24,201,98
88119,1615,1032,583,28.3,427,1188,304
88120,356,220,136,63.8,63,293,172
88121,177,98,79,56.8,21,156,43
88124,859,419,440,51.5,160,699,230
88125,74,28,46,23.5,37,37,4
88126,10,4,6,69.5,0,10,6
88130,17776,8917,8859,30.3,4239,13537,2515
88132,285,136,149,34.5,77,208,36
88134,92,57,35,53.9,34,58,25
88135,1357,630,727,42.1,402,955,228
88136,63,22,41,60.5,4,59,29
88201,26521,13434,13087,36.8,6657,19864,4600
88203,29499,14612,14887,35.9,7590,21909,4300
88210,18552,9478,9074,34.1,5358,13194,2112
88220,39809,20527,19282,36.6,9934,29875,6312
88230,4993,2497,2496,36.1,1341,3652,926
88231,3565,1974,1591,33.7,1201,2364,533
88232,2611,1541,1070,35.9,632,1979,307
88240,41652,21099,20553,29.3,12983,28669,4473
88242,7312,3738,3574,37.2,1907,5405,846
88244,1183,1183,0,36.9,0,1183,16
88250,354,166,188,27.9,29,325,64
88252,2258,1048,1210,39.5,601,1657,348
88253,1183,620,563,35,244,939,91
88254,29,14,15,-,0,29,29
88255,72,35,37,-,0,72,35
88256,2075,998,1077,35.2,622,1453,356
88260,15498,8073,7425,32.2,4902,10596,1477
88262,4,2,2,-,0,4,4
88263,183,101,82,39.8,51,132,0
88264,0,0,0,-,0,0,0
88265,129,65,64,60.2,0,129,17
88267,1445,724,721,42,310,1135,296
88268,0,0,0,-,0,0,0
88301,1307,791,516,51.4,89,1218,399
88310,36990,19619,17371,38.6,7411,29579,7190
88311,829,507,322,58.9,104,725,153
88312,2800,1431,1369,63.2,360,2440,1221
88314,186,0,186,-,0,186,0
88316,2289,1172,1117,55.2,361,1928,571
88317,2143,857,1286,52.4,504,1639,553
88318,291,148,143,62.7,38,253,119
88321,373,112,261,20,146,227,30
88323,0,0,0,-,0,0,0
88324,112,58,54,67.7,0,112,83
88325,1674,897,777,27.2,594,1080,401
88330,4182,2668,1514,22,1237,2945,15
88336,532,272,260,58.2,126,406,126
88337,1947,984,963,54,231,1716,494
88338,180,126,54,53.8,17,163,68
88339,720,453,267,60.9,52,668,340
88340,3969,1889,2080,32.5,1088,2881,504
88341,582,257,325,52.5,81,501,211
88342,0,0,0,-,0,0,0
88343,12,0,12,-,0,12,12
88344,34,18,16,73.4,0,34,21
88345,8498,4026,4472,42.7,1824,6674,2050
88346,2770,1127,1643,40.3,514,2256,776
88347,15,8,7,40.6,0,15,0
88348,449,177,272,67.8,21,428,247
88349,0,0,0,-,0,0,0
88350,116,26,90,45.9,0,116,54
88351,201,118,83,60.8,0,201,51
88352,4179,2032,2147,36.7,1222,2957,821
88353,528,346,182,35.3,83,445,107
88354,88,44,44,-,0,88,88
88355,233,192,41,32.9,18,215,54
88401,6629,3234,3395,42.3,1539,5090,1336
88410,125,66,59,43.4,42,83,18
88411,132,65,67,52.1,0,132,29
88414,127,58,69,46.7,36,91,54
88415,3152,1692,1460,39.4,608,2544,695
88416,147,66,81,76.2,0,147,83
88417,69,49,20,65.5,14,55,41
88418,542,268,274,31.1,196,346,73
88419,64,29,35,36.5,22,42,12
88421,19,19,0,-,0,19,19
88422,125,96,29,76.2,0,125,82
88424,59,38,21,68,0,59,30
88426,1063,513,550,65.9,218,845,536
88427,100,58,42,54.4,26,74,32
88430,216,67,149,51.2,50,166,85
88431,178,126,52,58.3,0,178,74
88434,292,166,126,47.3,46,246,88
88435,3615,2089,1526,44,690,2925,623
88436,50,24,26,63.4,0,50,20
88439,0,0,0,-,0,0,0
89001,1220,700,520,39.7,341,879,151
89002,37352,19341,18011,37.8,9426,27926,5318
89003,596,276,320,61,0,596,297
89004,247,140,107,50.7,0,247,18
89005,14874,7460,7414,51.1,2810,12064,4362
89007,1008,441,567,31.6,488,520,121
89008,1019,404,615,41.5,186,833,199
89010,461,258,203,54,71,390,140
89011,33600,16614,16986,40.9,6527,27073,6100
89012,37991,18481,19510,45.2,7581,30410,8160
89013,222,116,106,59.2,10,212,93
89014,41469,19958,21511,38.6,9569,31900,6267
89015,41742,20624,21118,40.2,9736,32006,7606
89017,36,14,22,79.4,0,36,22
89018,855,442,413,34.2,272,583,106
89019,2312,1331,981,57.1,146,2166,541
89020,1608,892,716,56.2,278,1330,353
89021,2815,1386,1429,30.1,1056,1759,294
89022,0,0,0,-,0,0,0
89025,1032,587,445,41.8,241,791,162
89026,39,24,15,44.4,0,39,0
89027,18012,9194,8818,57.3,2911,15101,7248
89029,8477,4456,4021,61,739,7738,3650
89030,52370,26419,25951,29.8,15268,37102,4354
89031,74005,35224,38781,35.6,19135,54870,9212
89032,48711,23558,25153,34.2,12604,36107,5429
89034,2647,1320,1327,70.5,10,2637,1997
89039,324,173,151,67.9,11,313,201
89040,4493,2207,2286,38.7,1222,3271,778
89042,1070,462,608,34.3,388,682,157
89043,1162,936,226,46,79,1083,217
89044,27152,13354,13798,46.5,5385,21767,7908
89045,2233,1189,1044,35.5,438,1795,112
89046,315,197,118,67.2,6,309,160
89047,213,71,142,51.9,15,198,24
89048,25091,12580,12511,50.7,4729,20362,7351
89049,2334,1251,1083,52.7,261,2073,657
89052,59075,29004,30071,45.6,11601,47474,14222
89054,311,94,217,29.3,141,170,30
89060,12198,6041,6157,53,1917,10281,3940
89061,7529,4024,3505,59.4,971,6558,2974
89070,5032,5032,0,35.9,0,5032,88
89074,52135,26148,25987,40.8,10466,41669,9138
89081,39702,20000,19702,34.2,10584,29118,4321
89084,34278,16688,17590,34.5,9351,24927,5264
89085,4470,2223,2247,35.8,1347,3123,617
89086,7142,3678,3464,31.8,1932,5210,520
89101,44134,25125,19009,34.9,10101,34033,4627
89102,37342,19604,17738,36.3,8985,28357,5535
89103,51343,26555,24788,38.7,9597,41746,8273
89104,39719,20123,19596,37.7,8770,30949,5304
89106,25581,13578,12003,33.6,6814,18767,3027
89107,37101,19344,17757,36.3,8749,28352,5137
89108,75498,38192,37306,36,17983,57515,9457
89109,6490,3819,2671,45.9,1040,5450,1332
89110,66927,33125,33802,33.1,18261,48666,8034
89113,36979,19026,17953,37.2,6866,30113,5754
89115,66461,32223,34238,28,22324,44137,4529
89117,55282,27211,28071,42.2,9024,46258,10034
89118,23108,12622,10486,40.4,3958,19150,3367
89119,50985,25525,25460,35,9347,41638,6049
89120,25204,13366,11838,37.3,5423,19781,4006
89121,67537,34256,33281,38.7,14898,52639,11209
89122,51567,25737,25830,37.9,11417,40150,8950
89123,58882,29277,29605,42,9814,49068,9735
89124,778,498,280,54.5,130,648,193
89128,38500,19145,19355,38.7,8097,30403,6354
89129,54002,27429,26573,39.9,11219,42783,8562
89130,35334,17069,18265,41.5,7665,27669,7065
89131,50384,25710,24674,40.2,12600,37784,7585
89134,23619,10801,12818,64.5,2777,20842,11625
89135,30876,15706,15170,46.7,5825,25051,7901
89138,21855,10638,11217,39.2,5975,15880,1994
89139,43702,22070,21632,35,10680,33022,4285
89141,39089,19245,19844,37.5,9254,29835,4428
89142,34098,16921,17177,32.6,9550,24548,3389
89143,13220,6102,7118,32.1,4150,9070,1171
89144,19608,9643,9965,46.4,4049,15559,3498
89145,26437,12682,13755,40.8,5490,20947,5007
89146,20719,11088,9631,38.8,4025,16694,3305
89147,55914,27613,28301,39,10833,45081,8441
89148,62337,31167,31170,36.4,13997,48340,6764
89149,43929,21198,22731,37.7,9916,34013,6042
89156,31570,15131,16439,34.2,8080,23490,3500
89158,468,286,182,56,6,462,96
89161,427,246,181,57.8,55,372,149
89166,28613,13714,14899,32,7921,20692,2272
89169,22196,12042,10154,36.7,4491,17705,2808
89178,41051,20264,20787,35.3,10584,30467,3958
89179,12045,6437,5608,34.7,3112,8933,939
89183,40562,19864,20698,32.9,10328,30234,3872
89191,470,370,100,21.3,0,470,0
89301,7212,4304,2908,39.9,1374,5838,1115
89310,181,81,100,56.4,0,181,64
89311,173,86,87,60.7,0,173,77
89314,187,75,112,39.4,54,133,60
89315,67,45,22,42.1,32,35,0
89316,1062,551,511,33.8,378,684,204
89317,402,132,270,32.8,179,223,173
89318,888,457,431,53.3,195,693,219
89319,189,140,49,67.4,0,189,116
89402,171,87,84,72.4,0,171,163
89403,16998,8813,8185,45.5,3495,13503,3608
89404,31,8,23,59,0,31,8
89405,162,62,100,48.8,44,118,0
89406,25327,13042,12285,39.8,5646,19681,4941
89408,23611,12095,11516,35.7,5652,17959,3492
89409,65,49,16,58.8,0,65,28
89410,11138,5800,5338,54.6,1651,9487,3524
89411,1034,543,491,63,127,907,484
89412,92,48,44,54.3,0,92,13
89413,613,303,310,64.4,41,572,274
89414,178,122,56,44.3,66,112,0
89415,3232,1495,1737,40.1,582,2650,1015
89418,144,102,42,62.3,0,144,53
89419,5147,3452,1695,41,796,4351,863
89420,114,57,57,40.6,23,91,42
89421,363,147,216,56.1,61,302,134
89422,138,88,50,64.5,6,132,66
89423,10830,5251,5579,57,1488,9342,3684
89424,393,177,216,34.5,102,291,88
89425,607,339,268,39.8,209,398,91
89426,154,85,69,63.2,0,154,23
89427,1084,484,600,31.3,294,790,193
89428,105,57,48,36.3,38,67,25
89429,7522,4143,3379,53.1,978,6544,1902
89430,78,34,44,60.8,0,78,36
89431,40973,21218,19755,34.8,10108,30865,5025
89433,23492,11900,11592,32.3,6605,16887,2659
89434,27151,13561,13590,39.5,5570,21581,5241
89436,47159,24317,22842,39.4,11308,35851,8148
89437,0,0,0,-,0,0,0
89438,35,16,19,-,0,35,35
89439,1639,932,707,58,192,1447,509
89440,981,632,349,55.7,150,831,369
89441,13025,6320,6705,46.5,2727,10298,2447
89442,887,457,430,36.4,181,706,121
89444,3278,1690,1588,61,352,2926,1277
89445,17043,8910,8133,36,4536,12507,2444
89446,111,111,0,44.3,0,111,11
89447,8472,4297,4175,52.2,1912,6560,2840
89448,1969,1111,858,57.3,267,1702,666
89449,2824,1698,1126,50.3,330,2494,667
89450,0,0,0,-,0,0,0
89451,9176,4738,4438,48.7,1487,7689,2033
89460,14199,7008,7191,48.7,2609,11590,3856
89496,82,70,12,23.7,0,82,0
89501,3984,2139,1845,53.4,20,3964,1170
89502,46412,23005,23407,35.5,10148,36264,6502
89503,30446,17025,13421,33.4,3940,26506,4191
89506,45383,23869,21514,35.1,11308,34075,5505
89508,14596,7651,6945,38,4070,10526,1963
89509,36048,17198,18850,41.6,6012,30036,7763
89510,1375,728,647,58.6,148,1227,451
89511,29038,14759,14279,45.8,5492,23546,7078
89512,28055,14574,13481,32.3,5336,22719,4033
89519,9313,4553,4760,51.1,1745,7568,2590
89521,38484,19143,19341,40.5,8884,29600,6523
89523,36538,17585,18953,40.6,7149,29389,7176
89557,546,194,352,20.1,0,546,0
89701,29258,15185,14073,39.6,6111,23147,5070
89703,10627,5546,5081,53.5,1586,9041,3199
89704,4644,2506,2138,57.5,554,4090,1594
89705,5219,2492,2727,48.4,934,4285,1300
89706,20089,10300,9789,41.9,4314,15775,3963
89801,26023,14100,11923,33.9,6362,19661,3442
89815,15771,8269,7502,35.1,4587,11184,1941
89820,5570,3043,2527,39,1506,4064,750
89821,520,243,277,61.4,59,461,178
89822,2296,1130,1166,38.2,509,1787,324
89823,443,161,282,47.5,146,297,140
89825,1215,765,450,28.8,279,936,113
89826,0,0,0,-,0,0,0
89828,277,87,190,50.1,63,214,68
89830,50,13,37,90.3,0,50,50
89831,22,22,0,-,0,22,22
89832,1253,529,724,37.1,360,893,115
89833,204,101,103,47.2,46,158,49
89834,108,59,49,40.5,19,89,14
89835,1330,613,717,44.2,310,1020,152
89883,4644,2135,2509,36.1,1526,3118,189
90001,57652,29102,28550,31,17012,40640,4475
90002,53108,26040,27068,30.2,15282,37826,4369
90003,75024,37793,37231,29.5,23588,51436,5526
90004,58833,29865,28968,35.9,10842,47991,7034
90005,37754,19019,18735,35.3,6565,31189,4631
90006,56628,27655,28973,35.7,11210,45418,6958
90007,41004,20881,20123,25.2,5377,35627,3369
90008,33076,15581,17495,41.6,5777,27299,5858
90010,4185,2174,2011,33.9,180,4005,525
90011,106042,54439,51603,30.6,30173,75869,7503
90012,38430,23655,14775,35.2,3144,35286,5198
90013,14587,8754,5833,43.3,341,14246,1903
90014,9273,5367,3906,41.2,426,8847,1651
90015,25554,13975,11579,32,3477,22077,1885
90016,47309,24006,23303,35,9984,37325,5721
90017,28754,15409,13345,32.7,5743,23011,2714
90018,49898,24534,25364,35.9,10479,39419,7238
90019,59410,29802,29608,38.8,10146,49264,8511
90020,38400,19168,19232,36.8,6479,31921,4657
90021,2781,1499,1282,40,369,2412,255
90022,64147,32845,31302,33.2,15403,48744,7141
90023,44558,22752,21806,31.7,13155,31403,4671
90024,50392,21538,28854,22.9,3407,46985,6451
90025,44429,22865,21564,34.8,4744,39685,5720
90026,64769,32954,31815,36.1,9862,54907,7683
90027,45764,22930,22834,38.1,5519,40245,7184
90028,30982,16653,14329,36.5,2256,28726,4136
90029,34649,17735,16914,36.7,5346,29303,4744
90031,37457,18478,18979,38.2,7147,30310,5617
90032,44881,23189,21692,37.4,8955,35926,7171
90033,47655,23266,24389,31.8,12086,35569,5730
90034,55061,26885,28176,34.7,7411,47650,5905
90035,26595,12437,14158,36.9,5421,21174,3946
90036,37713,18563,19150,36.5,5389,32324,3977
90037,69064,34788,34276,32.4,18249,50815,5820
90038,27979,15036,12943,34.5,3527,24452,2622
90039,28244,14236,14008,41.4,3674,24570,4859
90040,11839,5941,5898,38.3,2510,9329,2101
90041,28321,14327,13994,40.4,5107,23214,4942
90042,59151,30166,28985,37.7,10131,49020,8098
90043,44461,21307,23154,40.8,8905,35556,8222
90044,98990,47835,51155,31.2,29348,69642,9466
90045,41123,19445,21678,36.2,6206,34917,5657
90046,48170,25800,22370,39.2,3500,44670,7375
90047,52200,24380,27820,37.4,11834,40366,7607
90048,20411,10293,10118,39.3,1840,18571,4025
90049,35819,17368,18451,39.4,6401,29418,7290
90052,0,0,0,-,0,0,0
90056,8225,3739,4486,42.7,1711,6514,1706
90057,47142,25043,22099,34.2,10044,37098,5787
90058,3049,1357,1692,29.7,731,2318,261
90059,39471,18459,21012,30.4,12445,27026,3170
90061,28646,13740,14906,32.3,8031,20615,3273
90062,33528,16007,17521,37.6,7184,26344,3866
90063,52008,26131,25877,33.4,12316,39692,5757
90064,25956,12908,13048,40.1,4765,21191,4579
90065,44897,23097,21800,38.7,7936,36961,6349
90066,54142,27165,26977,39.3,8589,45553,9043
90067,2653,1037,1616,59.7,291,2362,1187
90068,21064,10663,10401,42,2216,18848,3160
90069,20045,12054,7991,44,1233,18812,3070
90071,313,174,139,40.6,0,313,8
90073,1014,912,102,62.8,0,1014,414
90077,7868,3683,4185,46.6,1839,6029,2040
90079,0,0,0,-,0,0,0
90089,4164,1839,2325,19.6,90,4074,0
90094,11891,5590,6301,36.7,2470,9421,1251
90095,0,0,0,-,0,0,0
90201,95134,47858,47276,31.8,25850,69284,9006
90210,19180,9249,9931,50.9,3513,15667,5651
90211,9208,4205,5003,42.6,1825,7383,2031
90212,10881,4917,5964,47.1,1443,9438,2238
90220,49101,23347,25754,34.4,14012,35089,5624
90221,52119,26415,25704,32.7,14108,38011,4833
90222,33021,16038,16983,31.1,9080,23941,3140
90230,32005,14960,17045,40.8,6813,25192,5201
90232,16352,8241,8111,37.3,2926,13426,2425
90240,26026,12482,13544,38.7,6036,19990,3613
90241,45341,22517,22824,35.6,10175,35166,5633
90242,41685,20144,21541,36.2,9294,32391,5667
90245,17081,8662,8419,36.4,3550,13531,2121
90247,47682,23275,24407,38,9593,38089,6980
90248,11453,5301,6152,45.5,1670,9783,2440
90249,25929,12185,13744,40.3,5208,20721,4184
90250,96200,46977,49223,33.7,24046,72154,9193
90254,19551,10553,8998,40.2,3779,15772,2739
90255,71654,36421,35233,33.9,17925,53729,7850
90260,33282,17447,15835,36.3,7662,25620,3838
90262,66073,33123,32950,32.3,17157,48916,5652
90263,1803,761,1042,19.9,14,1789,0
90265,16652,8305,8347,49.7,3142,13510,4461
90266,35123,17536,17587,43.4,9408,25715,5833
90270,24950,12916,12034,31.8,6906,18044,2565
90272,21298,10120,11178,46.7,5562,15736,5096
90274,24942,12517,12425,51.6,5487,19455,6780
90275,41941,20410,21531,49.8,8779,33162,11010
90277,36339,18084,18255,44.5,6939,29400,6328
90278,42536,21411,21125,38.3,10659,31877,5263
90280,92262,45469,46793,33.7,22875,69387,10428
90290,5300,2739,2561,47,1053,4247,1036
90291,25656,13005,12651,39.6,3181,22475,3427
90292,24481,11913,12568,39.2,2988,21493,3412
90293,13039,7007,6032,41.4,1249,11790,2613
90301,37341,19241,18100,37.6,7690,29651,4624
90302,29307,13479,15828,36.4,6292,23015,3333
90303,23370,11848,11522,34.8,5733,17637,2887
90304,25725,13430,12295,33.6,6369,19356,2381
90305,14679,6776,7903,47.1,2380,12299,2923
90401,7480,3815,3665,39.8,315,7165,1287
90402,11816,5887,5929,49.1,2785,9031,3395
90403,24092,11857,12235,44.5,3179,20913,4688
90404,23975,11980,11995,38.6,3985,19990,3799
90405,26981,13114,13867,41.3,4012,22969,4965
90501,42536,20961,21575,38.5,9646,32890,5820
90502,18430,8848,9582,42.2,2926,15504,3956
90503,44280,22926,21354,41.1,8876,35404,7315
90504,32965,16401,16564,42.9,6639,26326,5576
90505,36214,16903,19311,44,8553,27661,6838
90506,0,0,0,-,0,0,0
90601,30667,14470,16197,39.7,6056,24611,5265
90602,25949,13252,12697,34.2,6719,19230,2902
90603,20883,10178,10705,40.9,4471,16412,3442
90604,39795,19771,20024,35.5,9684,30111,4945
90605,41427,20864,20563,36,9459,31968,4893
90606,31717,15656,16061,37.5,6891,24826,4753
90620,47042,23535,23507,38.1,10230,36812,7084
90621,36151,18144,18007,35.7,8012,28139,4367
90623,15419,7262,8157,44.7,2991,12428,3148
90630,50170,24348,25822,41.4,11656,38514,8036
90631,69064,34664,34400,38.6,14887,54177,10270
90638,46170,23105,23065,43,9128,37042,9451
90639,1833,785,1048,19.9,19,1814,0
90640,62294,30330,31964,38.1,13043,49251,10678
90650,101983,51407,50576,35.6,23294,78689,13719
90660,61561,30097,31464,39,12853,48708,9591
90670,17556,8455,9101,38.6,3714,13842,2867
90680,31102,14996,16106,38.2,6961,24141,4414
90701,16237,7787,8450,39.1,3208,13029,2589
90703,49334,24722,24612,46.6,9127,40207,12483
90704,3822,2022,1800,41.9,820,3002,656
90706,78352,37934,40418,35.5,18465,59887,9538
90710,27517,13024,14493,39.6,6188,21329,4699
90712,31552,15488,16064,37.8,6917,24635,4294
90713,28439,14596,13843,39.6,5603,22836,4038
90715,20949,9715,11234,36.7,4157,16792,2880
90716,13941,6836,7105,32.5,3574,10367,1739
90717,21788,10680,11108,40.6,4361,17427,4040
90720,23673,11443,12230,43.2,5812,17861,4133
90723,53286,26562,26724,31.9,14273,39013,4823
90731,63431,32310,31121,38.1,13715,49716,8487
90732,22078,10485,11593,45.6,3917,18161,4935
90740,24604,10857,13747,60.8,3293,21311,10832
90742,469,217,252,58.6,27,442,121
90743,434,237,197,55.8,53,381,111
90744,54277,28661,25616,32.1,15200,39077,5581
90745,58735,29368,29367,40.5,11794,46941,9724
90746,27643,13373,14270,43.6,4887,22756,5528
90747,25,5,20,18.9,0,25,0
90755,11764,5854,5910,37,2277,9487,1384
90802,40012,20924,19088,35.3,5186,34826,3672
90803,31659,16378,15281,46.6,3309,28350,6686
90804,37299,18367,18932,34,6574,30725,3407
90805,96515,45927,50588,32.5,24626,71889,9415
90806,40688,20804,19884,35,9445,31243,4688
90807,33153,16216,16937,41.6,6452,26701,5368
90808,39698,19723,19975,43.3,8805,30893,7551
90810,36306,18083,18223,36.4,8040,28266,4781
90813,53647,27001,26646,31.7,13633,40014,4899
90814,20723,9714,11009,36.2,3814,16909,2577
90815,42759,20616,22143,36.9,8301,34458,6071
90822,125,120,5,73.4,0,125,88
90831,0,0,0,-,0,0,0
90840,0,0,0,-,0,0,0
91001,36420,17502,18918,44.5,7394,29026,7304
91006,31986,15585,16401,45.2,6789,25197,6374
91007,33367,16001,17366,44.7,6498,26869,7280
91008,744,359,385,53.3,90,654,142
91010,26825,13376,13449,43.2,4747,22078,5326
91011,20389,10133,10256,45.1,5674,14715,3859
91016,41822,20502,21320,38.5,9276,32546,5549
91020,7509,3491,4018,41.5,1843,5666,1405
91024,11151,5280,5871,46.6,2033,9118,2332
91030,26583,13299,13284,40.6,6136,20447,3849
91040,20911,10471,10440,43.6,3853,17058,4090
91042,27119,13178,13941,45.1,4455,22664,5564
91046,141,62,79,78.1,0,141,141
91101,19737,9456,10281,37,2037,17700,3200
91103,27167,13049,14118,40,5747,21420,4660
91104,35918,17192,18726,41.2,7013,28905,5498
91105,12692,6163,6529,47,1977,10715,3321
91106,23813,12259,11554,36.6,3751,20062,2804
91107,32581,16407,16174,42.8,5984,26597,6567
91108,12559,6374,6185,45.8,2894,9665,2771
91125,996,608,388,21,3,993,147
91201,22163,10320,11843,40.9,4162,18001,3866
91202,22831,10443,12388,43.7,3634,19197,5064
91203,16679,8140,8539,36.8,2735,13944,2575
91204,18445,8940,9505,37.5,3127,15318,2715
91205,35755,17057,18698,39.9,6245,29510,7102
91206,32294,15045,17249,43.2,5259,27035,6464
91207,11091,5575,5516,43.3,2130,8961,2138
91208,15377,7353,8024,48,2828,12549,2837
91210,310,184,126,48,35,275,76
91214,32344,15618,16726,41.1,8071,24273,5110
91301,25244,12684,12560,44.4,5923,19321,4018
91302,26318,13004,13314,43.7,5706,20612,4731
91303,30611,15352,15259,32.3,6392,24219,2675
91304,54369,26572,27797,40.3,11244,43125,8500
91306,49460,24220,25240,37.3,10778,38682,6777
91307,25368,12074,13294,44.7,5395,19973,4518
91311,40196,19634,20562,42.8,7921,32275,7728
91316,28497,13122,15375,45,5371,23126,5998
91320,44138,21878,22260,42.9,10299,33839,7493
91321,34305,16261,18044,33.9,8885,25420,4593
91324,29744,16016,13728,37.6,5744,24000,4490
91325,35537,16912,18625,39.2,6264,29273,5168
91326,36503,18277,18226,44.1,7655,28848,7377
91330,2699,1226,1473,19.8,30,2669,0
91331,99804,51123,48681,34.3,24450,75354,11843
91335,77158,38761,38397,37.9,16435,60723,11410
91340,34822,17584,17238,35.5,8081,26741,4219
91342,92580,46078,46502,36.9,20896,71684,12231
91343,63193,31142,32051,35.4,15378,47815,7869
91344,53862,26686,27176,42.4,10828,43034,9627
91345,18481,8938,9543,40.3,3278,15203,3428
91350,42970,21394,21576,36.7,12160,30810,4774
91351,32677,16785,15892,37.2,7827,24850,3990
91352,45601,22455,23146,37,9628,35973,5783
91354,33039,16250,16789,39.4,8574,24465,3480
91355,30289,15451,14838,42.3,5668,24621,5326
91356,30599,15272,15327,43.1,5851,24748,6040
91360,42444,21576,20868,43.1,7860,34584,8883
91361,18753,9173,9580,51.7,3432,15321,5151
91362,36770,17831,18939,45.8,7123,29647,7253
91364,28765,14109,14656,42.4,6567,22198,5072
91367,44862,22787,22075,39.9,8049,36813,7899
91371,0,0,0,-,0,0,0
91377,13627,6489,7138,42.1,3423,10204,2158
91381,20864,10144,10720,40.5,5578,15286,2119
91384,27652,16097,11555,35.1,6449,21203,2577
91387,46812,23440,23372,34.7,12666,34146,4970
91390,18930,9295,9635,44.9,4368,14562,2977
91401,39179,20153,19026,37.1,7474,31705,5201
91402,67937,34269,33668,34.4,16688,51249,7817
91403,25887,13000,12887,39.4,4306,21581,4086
91405,55451,27366,28085,34.7,12361,43090,6201
91406,53276,26465,26811,36.4,12035,41241,6208
91411,23689,12444,11245,35.8,4664,19025,2536
91423,31787,15396,16391,40.1,4991,26796,4761
91436,16190,7838,8352,47,3479,12711,3318
91501,18951,9189,9762,40.7,3256,15695,3598
91502,12312,5737,6575,34.7,2067,10245,1898
91504,27479,13334,14145,40.1,5789,21690,4727
91505,32156,15821,16335,39.4,6350,25806,4084
91506,19559,9785,9774,41.7,3387,16172,3085
91601,35615,17264,18351,34.1,4630,30985,3808
91602,19980,9878,10102,39.6,2432,17548,2594
91604,32073,16384,15689,40.5,5480,26593,4932
91605,51654,25521,26133,36.3,10529,41125,6039
91606,43552,22017,21535,37.4,8277,35275,5509
91607,30734,14515,16219,38.4,5192,25542,4467
91608,56,36,20,26.1,0,56,0
91701,39323,19674,19649,42.2,7922,31401,7098
91702,62196,31099,31097,33,12966,49230,6806
91706,72495,36092,36403,37.1,15377,57118,9833
91708,15908,7364,8544,34.3,4704,11204,964
91709,78341,39352,38989,39.4,17346,60995,10414
91710,81466,42425,39041,38.4,17768,63698,10957
91711,37542,17538,20004,41.4,6245,31297,7700
91722,34470,17748,16722,37.7,7118,27352,4529
91723,17964,8850,9114,38.1,3651,14313,2216
91724,28575,14388,14187,38.5,5889,22686,3844
91730,71040,33184,37856,34.3,16581,54459,8282
91731,28201,14532,13669,35.9,6486,21715,4631
91732,58888,29171,29717,37.6,13197,45691,8321
91733,42953,21992,20961,37.9,9696,33257,5796
91737,23108,11612,11496,43.5,5043,18065,3902
91739,41319,22446,18873,36.2,10068,31251,3815
91740,27131,12786,14345,38,6196,20935,4362
91741,26052,12740,13312,42.9,5693,20359,4713
91744,79380,40842,38538,36.1,17843,61537,10421
91745,55489,27031,28458,43.4,10417,45072,11232
91746,29429,14767,14662,38.8,6037,23392,4513
91748,43851,21814,22037,43.2,7960,35891,9029
91750,33436,16280,17156,45.1,6574,26862,7513
91752,37173,17976,19197,35,8960,28213,4086
91754,33937,16601,17336,44.2,5908,28029,7387
91755,26418,12695,13723,45.1,4479,21939,5623
91759,299,149,150,54.6,36,263,106
91761,61837,30123,31714,33.3,14878,46959,7238
91762,62990,31434,31556,32.6,16006,46984,6260
91763,37698,18166,19532,32.7,9570,28128,4145
91764,55311,27416,27895,31.8,13782,41529,4488
91765,45303,21741,23562,44.9,8805,36498,8624
91766,69517,34846,34671,34.1,17123,52394,8756
91767,50715,24615,26100,35.3,12372,38343,5848
91768,35443,17216,18227,30.6,7804,27639,3989
91770,59410,29848,29562,43.2,11041,48369,11257
91773,34066,16321,17745,42.7,6833,27233,6155
91775,24169,12022,12147,43.8,4697,19472,4609
91776,37340,18616,18724,43.1,6580,30760,6697
91780,35556,17061,18495,42.7,7577,27979,6284
91784,26116,12487,13629,46.8,5062,21054,5471
91786,56025,26976,29049,34.1,12589,43436,7090
91789,41377,20257,21120,46.1,7779,33598,8979
91790,44855,21912,22943,38,9802,35053,6778
91791,33902,16434,17468,43.1,6011,27891,6556
91792,31208,14604,16604,39.8,5781,25427,5047
91801,53320,25601,27719,41,8984,44336,9886
91803,29006,14340,14666,41.2,5619,23387,5335
91901,18669,9102,9567,42,3982,14687,3121
91902,17121,8369,8752,46.5,2860,14261,4197
91905,1411,778,633,52.5,101,1310,355
91906,4281,2495,1786,33.8,1370,2911,652
91910,76313,38918,37395,38.4,16142,60171,11559
91911,87799,42633,45166,35.4,21272,66527,11802
91913,56102,27957,28145,34.7,15361,40741,5092
91914,17373,8930,8443,37.5,4256,13117,2013
91915,35608,18074,17534,34.2,10966,24642,2382
91916,1833,922,911,54.8,338,1495,462
91917,851,383,468,36,351,500,19
91931,749,290,459,40.2,241,508,203
91932,26157,13306,12851,33.7,5846,20311,2980
91934,1251,710,541,60.4,118,1133,193
91935,9320,4901,4419,52.2,1869,7451,2428
91941,33602,16416,17186,40.8,6738,26864,6264
91942,40995,19188,21807,36.4,8475,32520,6351
91945,27541,13889,13652,37.4,6018,21523,3909
91948,104,47,57,27.4,0,104,29
91950,57844,27887,29957,35.6,13018,44826,8443
91962,2528,1314,1214,49.4,417,2111,603
91963,624,329,295,40.5,156,468,104
91977,65497,32967,32530,35,16264,49233,8527
91978,11006,5611,5395,36.7,2542,8464,1601
91980,103,54,49,45,17,86,14
92003,4404,2216,2188,49.1,767,3637,918
92004,3200,1352,1848,60.3,344,2856,1361
92007,11939,6546,5393,40.2,3071,8868,2146
92008,27373,14311,13062,42.9,4453,22920,5326
92009,46334,22397,23937,41.8,12293,34041,7486
92010,16566,8496,8070,41,3682,12884,2844
92011,24472,12080,12392,43.4,5682,18790,4790
92014,12532,6694,5838,52.9,2029,10503,3897
92019,45937,22233,23704,39.3,10482,35455,8404
92020,59775,29475,30300,36.4,14033,45742,8254
92021,69638,33944,35694,35.5,17270,52368,10189
92024,50222,24030,26192,43.7,9894,40328,10139
92025,50270,25702,24568,36.4,12109,38161,6679
92026,53053,27083,25970,37.7,11254,41799,9129
92027,55750,27789,27961,35.4,13069,42681,6853
92028,51135,25464,25671,38.3,12453,38682,9659
92029,19986,9751,10235,44.1,3898,16088,4126
92036,3075,1726,1349,57.2,281,2794,1036
92037,37665,19340,18325,46.3,6225,31440,9745
92040,45906,22239,23667,39.2,10332,35574,7500
92054,37050,18786,18264,37.5,6901,30149,5335
92055,10618,10054,564,21.2,0,10618,0
92056,54190,27136,27054,38.1,11634,42556,10338
92057,58022,28215,29807,37.7,13080,44942,8483
92058,48272,26900,21372,24.9,12414,35858,3120
92059,1456,599,857,35.2,477,979,144
92060,506,214,292,66.4,0,506,272
92061,1677,871,806,55.6,186,1491,590
92064,48783,24964,23819,41.7,10841,37942,9386
92065,36836,19313,17523,40.3,8103,28733,5811
92066,319,144,175,55.5,42,277,96
92067,9186,4172,5014,48.2,2250,6936,2317
92069,46648,23194,23454,35.7,11473,35175,5945
92070,761,479,282,44.7,120,641,182
92071,59795,30007,29788,39,13657,46138,9482
92075,12072,5646,6426,47.6,2372,9700,2682
92078,53019,26675,26344,37.7,13566,39453,8489
92081,29475,14687,14788,38,6494,22981,4313
92082,20678,10458,10220,42,4830,15848,4185
92083,37864,19132,18732,34.1,9225,28639,4150
92084,49971,25846,24125,35.5,12046,37925,6569
92086,1409,687,722,59.1,163,1246,478
92091,1288,532,756,61.9,211,1077,586
92092,521,249,272,19,0,521,0
92093,2044,856,1188,19.3,0,2044,0
92096,0,0,0,-,0,0,0
92101,46025,25949,20076,36.8,2090,43935,6762
92102,40051,20010,20041,33.9,8476,31575,4188
92103,34296,18042,16254,42.1,2979,31317,7265
92104,46613,23786,22827,34.6,6694,39919,4333
92105,72688,37061,35627,33.6,17282,55406,8004
92106,20483,10340,10143,38.5,3796,16687,4172
92107,29435,15228,14207,36.5,4158,25277,4041
92108,24201,12737,11464,33.4,2842,21359,2038
92109,44009,23656,20353,33.5,4528,39481,4708
92110,30773,15502,15271,34.2,4526,26247,4226
92111,47710,23329,24381,36.8,8256,39454,7272
92113,50983,25569,25414,31.3,14147,36836,4608
92114,66487,33837,32650,38.2,14051,52436,11235
92115,61456,30068,31388,29.3,10454,51002,5139
92116,31836,16461,15375,35.6,3581,28255,3506
92117,54499,27915,26584,37.9,9556,44943,8780
92118,17602,9632,7970,42.1,3259,14343,3933
92119,24419,11218,13201,42.6,5004,19415,4975
92120,30241,15048,15193,37.7,6267,23974,5282
92121,4150,2213,1937,32.3,613,3537,397
92122,45988,23588,22400,31,6054,39934,5983
92123,32951,17467,15484,35.5,5933,27018,3913
92124,31121,15282,15839,32.7,8543,22578,4139
92126,78111,40441,37670,35.8,15401,62710,10457
92127,51107,25018,26089,37.3,14428,36679,6096
92128,49273,24045,25228,43.8,9413,39860,11077
92129,52495,25882,26613,40.8,12267,40228,7159
92130,57363,27998,29365,39.5,15484,41879,5961
92131,35227,18052,17175,42.4,9365,25862,5645
92132,0,0,0,-,0,0,0
92134,241,212,29,21.9,0,241,0
92135,1095,960,135,21,0,1095,0
92136,9630,7641,1989,24.2,6,9624,0
92139,34930,16839,18091,35.8,7862,27068,4832
92140,2807,2769,38,19.9,30,2777,0
92145,2810,2508,302,21.7,0,2810,0
92147,180,87,93,21.3,0,180,0
92154,83758,43896,39862,35.8,19045,64713,11421
92155,196,196,0,22.2,0,196,0
92161,12,12,0,-,0,12,0
92173,28609,13480,15129,34.2,7195,21414,3510
92179,3031,3031,0,41.8,0,3031,199
92182,0,0,0,-,0,0,0
92201,64325,32575,31750,38.6,13834,50491,10989
92203,33558,15947,17611,42,8130,25428,7898
92210,4832,2345,2487,68.3,286,4546,2771
92211,26741,12277,14464,63.1,3129,23612,12651
92220,32797,16358,16439,42,7503,25294,8670
92222,0,0,0,-,0,0,0
92223,61686,30298,31388,36,17554,44132,9786
92225,21189,13465,7724,35.7,4610,16579,2449
92227,27540,13965,13575,30.8,8222,19318,3250
92230,2039,1017,1022,41.5,343,1696,481
92231,38674,18378,20296,32.8,11135,27539,6055
92233,6871,4915,1956,34.2,1109,5762,485
92234,51964,26823,25141,40.5,10485,41479,9334
92236,42506,21558,20948,34.9,9415,33091,4448
92239,296,172,124,69.3,16,280,163
92240,40755,20269,20486,35,10575,30180,5324
92241,8232,4032,4200,52.5,1251,6981,2885
92242,1230,685,545,59.1,176,1054,437
92243,49193,24923,24270,32.1,14520,34673,6768
92249,7910,4274,3636,30.8,2269,5641,768
92250,8033,3977,4056,37.1,2161,5872,1249
92251,27050,14528,12522,33.2,7975,19075,2522
92252,7911,3665,4246,42.6,1384,6527,1686
92253,37898,19739,18159,51,6932,30966,11435
92254,9362,4662,4700,39.1,1728,7634,1108
92256,3387,1830,1557,45.6,633,2754,649
92257,1186,650,536,37.7,389,797,260
92258,547,259,288,41.5,107,440,105
92259,225,148,77,58.7,0,225,89
92260,31039,14725,16314,57,4186,26853,11269
92262,25856,15411,10445,54.3,2941,22915,7451
92264,20229,12402,7827,59.8,1186,19043,7605
92266,170,97,73,64.5,0,170,67
92267,0,0,0,-,0,0,0
92268,405,251,154,61.1,0,405,125
92270,17257,9057,8200,64.9,1493,15764,8607
92273,1631,790,841,29.9,447,1184,112
92274,15917,8002,7915,39.8,3027,12890,2334
92275,1406,832,574,37,363,1043,467
92276,8242,3981,4261,35.4,2257,5985,1765
92277,27370,13856,13514,27.2,8194,19176,2422
92278,3574,3367,207,21.2,0,3574,0
92280,0,0,0,-,0,0,0
92281,2238,1064,1174,24.3,831,1407,303
92282,1361,714,647,41.3,255,1106,233
92283,1967,850,1117,31.4,662,1305,228
92284,25741,12555,13186,40.2,5949,19792,5415
92285,2726,1632,1094,54.4,216,2510,754
92301,38565,19847,18718,28.8,12849,25716,2843
92304,0,0,0,-,0,0,0
92305,500,232,268,30.7,202,298,55
92307,40534,20100,20434,36.1,10693,29841,6081
92308,43191,21275,21916,36.3,13210,29981,7613
92309,561,277,284,28.4,159,402,28
92310,8967,5538,3429,23.1,2671,6296,6
92311,34226,16847,17379,32.4,10378,23848,4359
92313,13104,6629,6475,37.7,2803,10301,2018
92314,10658,5639,5019,43,2385,8273,2007
92315,5228,2787,2441,48.4,1134,4094,1171
92316,30656,16403,14253,33.3,7968,22688,3156
92317,567,266,301,63,46,521,209
92320,10366,5147,5219,44,2251,8115,2546
92321,784,359,425,57,158,626,206
92322,746,375,371,57,89,657,248
92324,57593,28817,28776,33.5,14007,43586,6847
92325,8449,4050,4399,44,1630,6819,1503
92327,633,370,263,36.2,86,547,127
92328,1022,571,451,43.6,56,966,234
92332,177,129,48,43.6,21,156,4
92333,429,225,204,44.3,34,395,127
92335,96704,48890,47814,30.7,27803,68901,8384
92336,100571,50277,50294,34.4,27833,72738,9358
92337,37292,19145,18147,32.6,9497,27795,2856
92338,0,0,0,-,0,0,0
92339,1064,631,433,36.6,313,751,103
92341,331,147,184,50,56,275,56
92342,6317,3208,3109,40,1409,4908,1219
92344,20448,11150,9298,34,5136,15312,2020
92345,87476,44837,42639,32.5,25665,61811,9321
92346,60025,30622,29403,34.7,15638,44387,7614
92347,601,325,276,56.4,105,496,100
92350,468,114,354,23.3,0,468,0
92352,6147,3151,2996,48.4,1220,4927,1336
92354,23054,10703,12351,38.5,4349,18705,4742
92356,7048,3828,3220,40,1719,5329,1180
92358,762,408,354,42.5,49,713,138
92359,9758,5268,4490,36.8,2414,7344,1311
92363,5447,2755,2692,48.8,1127,4320,1252
92364,12,12,0,-,0,12,0
92365,2393,1350,1043,47.8,469,1924,630
92368,1018,503,515,36.3,276,742,142
92369,3999,2940,1059,50.2,34,3965,403
92371,21265,10432,10833,31.7,6472,14793,1899
92372,5208,2585,2623,36.6,1378,3830,812
92373,33946,16195,17751,38.8,7473,26473,6063
92374,44976,21727,23249,32.7,10488,34488,5535
92376,85727,41826,43901,30.3,23625,62102,8248
92377,20935,10456,10479,35,5336,15599,2350
92378,437,238,199,35.9,110,327,66
92382,4884,2427,2457,37.8,1277,3607,956
92384,23,14,9,74.6,0,23,16
92385,167,90,77,56.1,0,167,37
92386,2064,835,1229,44,426,1638,379
92389,187,106,81,67.4,0,187,105
92391,2177,1277,900,37.2,411,1766,472
92392,61859,30804,31055,32.4,18638,43221,6773
92394,39939,21335,18604,30.7,11843,28096,3392
92395,48479,23394,25085,33,14226,34253,6246
92397,5059,2713,2346,53.1,908,4151,1632
92398,1394,974,420,39.7,166,1228,159
92399,55236,26960,28276,37.4,13997,41239,8921
92401,2060,1099,961,27.3,546,1514,281
92404,64090,31900,32190,31.2,18370,45720,6252
92405,31550,15795,15755,29.9,10154,21396,2421
92407,67207,33904,33303,30,18872,48335,5270
92408,12478,6206,6272,34.2,3016,9462,1368
92410,48398,24394,24004,30.6,14139,34259,4766
92411,26915,13705,13210,30.2,8019,18896,2635
92415,0,0,0,-,0,0,0
92501,22136,11181,10955,33.3,5060,17076,2324
92503,88617,44133,44484,34.5,23332,65285,10060
92504,57636,28543,29093,34.9,12640,44996,8268
92505,52696,26266,26430,33.4,13037,39659,5651
92506,44344,22697,21647,37.8,10843,33501,6606
92507,60949,30676,30273,26.4,11579,49370,4399
92508,36500,17631,18869,36,9544,26956,4229
92509,80325,40917,39408,32.7,21134,59191,8617
92518,1132,565,567,38.6,314,818,390
92521,0,0,0,-,0,0,0
92530,58249,28506,29743,32.3,16215,42034,5523
92532,27454,14517,12937,32.7,7837,19617,2421
92536,2569,1363,1206,49.6,439,2130,770
92539,3760,1952,1808,48.1,790,2970,874
92543,38403,18926,19477,39,9627,28776,7941
92544,51567,25661,25906,34.5,13920,37647,7745
92545,45219,21877,23342,41.1,10196,35023,11597
92548,7110,3495,3615,32.9,1968,5142,988
92549,3535,1739,1796,49.1,506,3029,785
92551,36326,18464,17862,30,9692,26634,2570
92553,73945,36624,37321,30.1,21327,52618,6479
92555,44923,22131,22792,35.5,11273,33650,5023
92557,54936,27573,27363,32.9,14335,40601,5731
92561,1622,809,813,59.5,245,1377,519
92562,64155,31799,32356,36.6,17231,46924,8990
92563,78139,38127,40012,34.7,21431,56708,8904
92567,10721,4902,5819,30.5,3290,7431,1103
92570,58275,29516,28759,32.4,16063,42212,5671
92571,59896,30282,29614,29.9,18283,41613,4041
92582,21961,11509,10452,31,7192,14769,1627
92583,33781,16465,17316,33,9066,24715,4982
92584,54663,26535,28128,34.1,15518,39145,6570
92585,27083,13920,13163,35,7705,19378,3468
92586,20152,9542,10610,57.6,2809,17343,7673
92587,18926,9738,9188,35.9,5139,13787,2853
92590,5212,2591,2621,37,1108,4104,683
92591,41047,20468,20579,37.1,10048,30999,5865
92592,81636,40637,40999,37.3,23491,58145,10113
92595,34698,17811,16887,35.9,8130,26568,4826
92596,35726,17721,18005,33.7,11615,24111,3714
92602,26663,12524,14139,36.1,7086,19577,1953
92603,19329,9655,9674,40.8,3706,15623,3397
92604,29080,14025,15055,42.7,5971,23109,6040
92606,24431,12248,12183,33.4,5293,19138,2193
92610,13107,6524,6583,42.2,2609,10498,1292
92612,34868,17022,17846,30.1,4112,30756,3927
92614,29544,14758,14786,33.9,6884,22660,2930
92617,20432,9092,11340,20.9,2194,18238,641
92618,59386,30930,28456,33.9,14473,44913,4393
92620,61110,30746,30364,37.2,16595,44515,6325
92624,6881,3062,3819,47.6,1254,5627,1519
92625,12546,5956,6590,53.5,2250,10296,3670
92626,50198,25902,24296,37.2,8713,41485,7109
92627,62181,32026,30155,35.8,12731,49450,7393
92629,26144,12936,13208,50.1,4644,21500,6084
92630,66240,32687,33553,39.6,13406,52834,10149
92637,17452,6868,10584,75.1,51,17401,14419
92646,56033,28026,28007,46.7,10328,45705,12639
92647,60114,30675,29439,37.1,11319,48795,8420
92648,45667,23226,22441,44.2,8099,37568,7991
92649,35206,16921,18285,45.8,5519,29687,7667
92651,23981,12497,11484,54.4,3658,20323,7031
92653,29923,14438,15485,43.3,5766,24157,6129
92655,8040,4118,3922,40.5,1718,6322,1212
92656,53143,25799,27344,38.2,12893,40250,5099
92657,9169,4316,4853,47.2,2182,6987,1736
92660,35926,17069,18857,45,7149,28777,7749
92661,3300,2015,1285,41.9,351,2949,995
92662,2346,853,1493,61.5,184,2162,981
92663,21886,11771,10115,44.4,2181,19705,4708
92672,38020,19485,18535,41.2,6889,31131,7473
92673,30633,16100,14533,42.1,8487,22146,5062
92675,35099,16914,18185,42.4,8112,26987,6459
92676,1952,846,1106,44.1,461,1491,344
92677,64259,31080,33179,47.2,10919,53340,13063
92678,630,316,314,56,95,535,137
92679,30971,15644,15327,45,6635,24336,4125
92683,90630,45026,45604,41.6,19219,71411,15689
92688,44444,22147,22297,38.5,10750,33694,4162
92691,48073,24118,23955,44,9773,38300,10248
92692,45977,22769,23208,47.1,8830,37147,10365
92694,35074,16619,18455,35.9,11862,23212,3348
92697,0,0,0,-,0,0,0
92701,49462,26222,23240,31.7,13624,35838,4252
92703,61593,32683,28910,33.2,14234,47359,6852
92704,80767,40434,40333,34.4,18619,62148,9449
92705,46854,23984,22870,39.7,11274,35580,7625
92706,36548,19078,17470,36.5,8416,28132,4412
92707,59712,29941,29771,32.1,13834,45878,5952
92708,56754,28478,28276,44.3,10939,45815,11289
92780,54945,27313,27632,35.1,13422,41523,6821
92782,29838,14762,15076,39.6,6769,23069,4234
92801,64022,30761,33261,34.8,14850,49172,8042
92802,44316,22415,21901,33.1,11510,32806,4561
92804,84700,40427,44273,36.2,18664,66036,12034
92805,73310,35852,37458,32.8,17636,55674,6120
92806,40945,20811,20134,34.4,9431,31514,4430
92807,36117,17605,18512,42.6,7287,28830,6851
92808,21080,10214,10866,44.2,4320,16760,2895
92821,41604,19745,21859,39.8,9078,32526,6747
92823,5495,2689,2806,39.1,1352,4143,661
92831,36470,18755,17715,30.6,6638,29832,3942
92832,26040,12568,13472,34,6686,19354,2628
92833,52799,26451,26348,36.8,12433,40366,7207
92835,26687,12222,14465,42.5,6079,20608,5729
92840,53826,26475,27351,37.5,11540,42286,7453
92841,34188,17389,16799,39.9,7301,26887,5318
92843,47549,23894,23655,37.8,10572,36977,5444
92844,22622,11396,11226,41.5,4169,18453,3847
92845,15530,8228,7302,43.6,3086,12444,2703
92860,25367,14026,11341,41.4,4588,20779,3934
92861,5814,2761,3053,51.7,1228,4586,1748
92865,21140,10564,10576,37.4,4619,16521,3094
92866,14873,7340,7533,35.8,2649,12224,1990
92867,44216,22523,21693,36.4,9521,34695,5848
92868,27280,14669,12611,32.9,5040,22240,3253
92869,36429,18401,18028,41.1,7669,28760,6385
92870,53150,26223,26927,38.2,12575,40575,7697
92879,49111,25135,23976,35.3,11673,37438,5642
92880,74645,37988,36657,35.2,21465,53180,7155
92881,31401,15908,15493,39.7,7429,23972,3752
92882,69472,34414,35058,34.8,17363,52109,7343
92883,37211,18177,19034,39,9341,27870,5006
92886,50437,24854,25583,43.2,12023,38414,9103
92887,20353,10011,10342,46.4,4042,16311,4472
93001,31751,15585,16166,40.9,6034,25717,5406
93003,53283,26881,26402,41.3,11314,41969,9897
93004,31151,15589,15562,41.4,6234,24917,5544
93010,47656,23882,23774,38,10258,37398,9537
93012,36145,16926,19219,43.2,6459,29686,8225
93013,16459,8417,8042,45,3228,13231,3909
93015,18716,9046,9670,34.8,4682,14034,2357
93021,37980,18847,19133,39.4,8813,29167,5636
93022,6422,3340,3082,44.1,1271,5151,1238
93023,21279,10279,11000,51.9,3297,17982,6667
93030,58511,30462,28049,33.6,14918,43593,5964
93033,82517,41632,40885,30.8,24204,58313,7933
93035,26286,13253,13033,43.1,5264,21022,4532
93036,46959,23457,23502,34.6,11750,35209,4928
93040,1838,852,986,32.5,484,1354,354
93041,23108,11602,11506,33.7,5704,17404,3034
93042,107,98,9,21.8,0,107,0
93043,722,675,47,23.4,0,722,0
93060,34337,17212,17125,35,9194,25143,4613
93063,57075,28184,28891,41.8,10848,46227,10155
93064,0,0,0,-,0,0,0
93065,72086,35727,36359,40.8,15311,56775,11293
93066,2805,1391,1414,52,436,2369,788
93067,999,659,340,50,235,764,219
93101,29870,15246,14624,33.2,5547,24323,3654
93103,19653,9688,9965,40.1,3447,16206,4051
93105,26482,13107,13375,46.4,4268,22214,6826
93106,5369,2498,2871,20.2,88,5281,0
93108,11209,5263,5946,54.5,1473,9736,4163
93109,11626,5572,6054,43,1542,10084,2864
93110,16403,7822,8581,43.9,2899,13504,3737
93111,18165,9230,8935,43.5,3802,14363,4113
93117,53345,26998,26347,23,7380,45965,4918
93201,1209,563,646,24,478,731,61
93202,4308,2363,1945,26.4,1489,2819,273
93203,20781,10676,10105,25.1,7485,13296,1181
93204,13423,8153,5270,30.4,3781,9642,691
93205,2320,1122,1198,41.7,535,1785,558
93206,1709,901,808,28.2,616,1093,176
93207,232,126,106,51.2,52,180,52
93208,127,39,88,65.6,0,127,105
93210,18937,11236,7701,35,4596,14341,2140
93212,23391,15158,8233,33.8,5026,18365,2290
93215,53334,30732,22602,33.2,13257,40077,4731
93218,796,314,482,25.6,309,487,76
93219,9871,4789,5082,26.2,3093,6778,715
93220,0,0,0,-,0,0,0
93221,14423,7075,7348,36.1,3982,10441,1984
93222,2036,1133,903,58.1,296,1740,580
93223,10424,5234,5190,29.5,2994,7430,894
93224,501,259,242,36.2,152,349,70
93225,5018,2615,2403,45.2,839,4179,944
93226,55,29,26,72.4,0,55,53
93227,227,157,70,30.8,44,183,0
93230,68572,35609,32963,33.5,19377,49195,8807
93234,6571,3378,3193,27.1,2275,4296,190
93235,4360,2243,2117,34.3,1346,3014,648
93237,98,27,71,62.4,2,96,23
93238,866,387,479,59.8,220,646,357
93239,1404,769,635,44.2,331,1073,105
93240,5470,2691,2779,48.6,1385,4085,1408
93241,15978,8350,7628,30,5384,10594,1554
93242,2683,1295,1388,31.4,858,1825,325
93243,977,515,462,46.6,126,851,278
93244,121,78,43,56.4,16,105,21
93245,37439,19688,17751,30.6,10168,27271,3618
93246,1129,932,197,22.1,0,1129,0
93247,17827,9234,8593,30.8,5518,12309,1968
93249,1996,1068,928,25.2,749,1247,95
93250,15126,7747,7379,26.3,5203,9923,917
93251,293,136,157,31.2,80,213,24
93252,1680,831,849,35,424,1256,327
93254,869,446,423,41.1,192,677,170
93255,872,409,463,58,0,872,318
93256,5575,2900,2675,30,1776,3799,604
93257,79217,40539,38678,31.3,23865,55352,9121
93258,1086,662,424,32.6,206,880,80
93260,178,92,86,43.9,40,138,48
93261,1889,1000,889,31,591,1298,126
93262,18,18,0,-,0,18,0
93263,22952,11356,11596,27.7,7631,15321,1681
93265,3194,1659,1535,43.1,622,2572,751
93266,1720,954,766,26.2,549,1171,128
93267,5811,2990,2821,35.9,1953,3858,708
93268,17124,8815,8309,30.7,4672,12452,1928
93270,5711,2998,2713,35.6,1629,4082,904
93271,2398,1338,1060,51.6,402,1996,615
93272,4548,2526,2022,27.3,1646,2902,208
93274,78831,38573,40258,29,26090,52741,7135
93276,150,82,68,34.8,41,109,11
93277,54127,27542,26585,34.6,14121,40006,8240
93280,27356,16125,11231,30.3,7357,19999,1805
93283,2416,1318,1098,59.6,367,2049,1031
93285,2465,1153,1312,60.7,173,2292,995
93286,10418,4954,5464,30.5,3467,6951,1042
93287,119,64,55,31.1,21,98,31
93291,61439,30459,30980,32.5,17992,43447,6985
93292,44759,22431,22328,32.6,12912,31847,5554
93301,13672,6206,7466,32.7,4356,9316,2147
93304,50158,24562,25596,29.3,14897,35261,5154
93305,36783,18992,17791,28.8,12173,24610,3301
93306,74769,37303,37466,32.3,22383,52386,9477
93307,89651,45914,43737,27.2,30300,59351,6145
93308,55150,26609,28541,35.9,13525,41625,7530
93309,62828,30286,32542,31.5,16431,46397,8356
93311,50535,26132,24403,32.6,14884,35651,5485
93312,59616,30232,29384,33.6,18330,41286,5779
93313,59924,30204,29720,31.3,18267,41657,5223
93314,34156,16813,17343,36,8928,25228,4282
93401,28773,14312,14461,35.5,4312,24461,5221
93402,15572,7909,7663,47.7,2773,12799,4122
93405,24991,13356,11635,22.7,1729,23262,2703
93407,309,130,179,18.8,0,309,0
93408,11,10,1,21.3,1,10,0
93409,2591,2579,12,43.2,0,2591,299
93410,6523,3551,2972,19.2,96,6427,0
93420,32126,14982,17144,45.8,6840,25286,8076
93422,33781,16991,16790,41.8,6647,27134,6521
93424,1174,547,627,57.5,64,1110,358
93426,1566,743,823,40.4,261,1305,333
93427,5980,2936,3044,39.6,1275,4705,925
93428,6056,2949,3107,60.1,828,5228,2430
93429,64,15,49,82.2,0,64,64
93430,2941,1572,1369,59.5,224,2717,1049
93432,1434,723,711,44.4,364,1070,322
93433,12755,6557,6198,40.3,2744,10011,2365
93434,8272,4021,4251,28.4,2929,5343,751
93436,55591,29308,26283,35.9,13957,41634,7685
93437,3681,1915,1766,24.4,1061,2620,10
93440,846,329,517,68.2,90,756,445
93441,1085,606,479,58.5,147,938,357
93442,11399,5535,5864,52.4,1420,9979,3339
93444,22079,11178,10901,42.7,4623,17456,5221
93445,6912,3571,3341,44.5,1504,5408,1806
93446,45720,22822,22898,41,9962,35758,9296
93449,8050,4103,3947,54.1,952,7098,2358
93450,830,460,370,30.3,269,561,31
93451,4751,2713,2038,37.1,1086,3665,627
93452,307,153,154,48,89,218,101
93453,2096,931,1165,62.5,175,1921,742
93454,41110,20674,20436,32.1,12092,29018,5754
93455,44186,22342,21844,38.7,10383,33803,8090
93458,59789,29927,29862,26.4,20127,39662,4620
93460,6280,3074,3206,44.9,1163,5117,1253
93461,1369,716,653,37.1,312,1057,198
93463,8059,3736,4323,53.6,1310,6749,2509
93465,9829,4536,5293,47.1,2184,7645,2267
93501,5404,2622,2782,39.5,1391,4013,940
93505,14952,8616,6336,34.4,3467,11485,1723
93510,7397,3907,3490,46.3,1370,6027,1338
93512,313,158,155,50.3,16,297,126
93513,1649,937,712,48.2,299,1350,370
93514,14692,7374,7318,43.2,2991,11701,3376
93516,2583,1450,1133,35.1,644,1939,464
93517,587,372,215,55.7,35,552,114
93518,894,441,453,62.1,102,792,411
93519,0,0,0,-,0,0,0
93522,86,66,20,64.2,0,86,26
93523,3867,2174,1693,25.5,1540,2327,68
93524,93,81,12,22.2,0,93,0
93526,855,461,394,41,215,640,219
93527,1734,637,1097,57.2,368,1366,438
93528,94,60,34,35.5,0,94,7
93529,302,182,120,64.2,17,285,138
93530,28,28,0,80.1,0,28,28
93531,425,238,187,57.5,43,382,146
93532,2768,1436,1332,39.5,520,2248,554
93534,42515,20750,21765,34.4,11883,30632,5987
93535,80905,39594,41311,31.3,24534,56371,8133
93536,72131,38004,34127,37,16992,55139,9517
93541,817,503,314,38,298,519,104
93543,12745,6417,6328,37,3559,9186,1750
93544,1427,787,640,48.4,178,1249,345
93545,1342,787,555,45.6,391,951,338
93546,8689,4647,4042,38.7,1833,6856,971
93549,254,144,110,60.3,0,254,96
93550,81501,39625,41876,30.8,24358,57143,7931
93551,54478,27079,27399,38,13948,40530,7497
93552,43371,22314,21057,32.8,12668,30703,4265
93553,1136,557,579,58.9,96,1040,478
93554,65,33,32,73.3,0,65,65
93555,33490,16046,17444,36.2,8700,24790,5029
93558,17,9,8,-,0,17,8
93560,21300,11170,10130,31.2,6279,15021,2640
93561,31060,15962,15098,41.8,7205,23855,7183
93562,1867,1057,810,37.9,559,1308,304
93563,222,148,74,31.5,72,150,6
93581,3611,3611,0,40.9,0,3611,115
93591,7340,3626,3714,30.4,2345,4995,617
93601,1206,692,514,59.1,103,1103,439
93602,3038,1622,1416,48.6,518,2520,855
93603,249,117,132,65.1,0,249,141
93604,366,230,136,64.3,49,317,153
93605,97,58,39,47.7,36,61,26
93606,1129,519,610,23.9,406,723,109
93608,1018,495,523,36.5,289,729,102
93609,4889,2587,2302,31.8,1298,3591,414
93610,23795,11664,12131,34.6,5470,18325,2401
93611,46620,22106,24514,38.2,12296,34324,7594
93612,37138,18110,19028,33.4,10081,27057,4542
93614,11760,5469,6291,43.1,2542,9218,3180
93615,5767,3113,2654,27.7,1932,3835,660
93616,2163,1099,1064,32.1,637,1526,275
93618,32334,16312,16022,28.3,10842,21492,3047
93619,50848,25782,25066,35,15693,35155,6841
93620,9363,4226,5137,37.3,2189,7174,1463
93621,173,83,90,53.3,0,173,9
93622,9419,4784,4635,32.7,3269,6150,1173
93623,4,2,2,54.5,0,4,0
93624,892,520,372,28.9,249,643,71
93625,8396,3934,4462,34.4,2501,5895,1318
93626,2583,1380,1203,38.7,651,1932,316
93627,196,46,150,17.6,110,86,0
93628,310,266,44,28,0,310,42
93630,20272,10109,10163,28.8,6555,13717,1876
93631,16588,7904,8684,37.3,4209,12379,2785
93633,26,26,0,-,0,26,26
93634,29,21,8,29.5,0,29,0
93635,47683,24292,23391,29.4,16245,31438,5071
93636,13447,6687,6760,41.1,3435,10012,2466
93637,41324,19658,21666,32.4,12756,28568,4869
93638,51724,26218,25506,28.9,16330,35394,4863
93640,14162,7909,6253,27.1,5010,9152,872
93641,216,145,71,51.9,27,189,47
93643,3115,1620,1495,60.6,422,2693,1224
93644,7169,3275,3894,47.4,1208,5961,1963
93645,897,534,363,43.7,203,694,103
93646,10157,5291,4866,25.4,3701,6456,654
93647,11828,5878,5950,29.4,4003,7825,1189
93648,15370,7763,7607,28.9,4852,10518,1315
93650,2844,1394,1450,37.5,660,2184,428
93651,1580,827,753,31.4,364,1216,336
93652,378,201,177,38,66,312,37
93653,1378,596,782,48.5,254,1124,298
93654,30476,15077,15399,32.2,8818,21658,3263
93656,6249,3030,3219,32.5,1624,4625,491
93657,36053,18251,17802,34,10036,26017,4597
93660,3921,1882,2039,26.3,1444,2477,250
93662,30191,15721,14470,31.7,7905,22286,3561
93664,288,160,128,66.6,9,279,165
93665,386,103,283,35.7,40,346,89
93666,704,339,365,26.9,272,432,69
93667,1909,950,959,54,328,1581,372
93668,1025,543,482,41.3,271,754,204
93669,324,96,228,57.6,54,270,80
93670,108,74,34,52.4,0,108,0
93673,378,212,166,39.5,74,304,53
93675,4891,2657,2234,37.2,1587,3304,856
93701,10602,5488,5114,31.5,2978,7624,930
93702,45248,22587,22661,29.4,14483,30765,4281
93703,32603,16443,16160,30,9601,23002,3521
93704,29502,13814,15688,37.3,7670,21832,4879
93705,38777,18972,19805,32.1,11677,27100,4975
93706,41523,21632,19891,30.2,13081,28442,4809
93710,32730,15019,17711,30.7,6737,25993,5155
93711,39963,19397,20566,39.4,8590,31373,9101
93720,48597,23967,24630,38.1,10956,37641,8083
93721,8004,5135,2869,35.4,1068,6936,1168
93722,86387,44214,42173,32.1,24263,62124,8673
93723,13174,6550,6624,31.9,4094,9080,1668
93725,26568,13605,12963,30.2,8359,18209,2696
93726,44790,23039,21751,30.1,12099,32691,4650
93727,82176,40514,41662,31.5,25530,56646,8691
93728,17892,9246,8646,33.5,4444,13448,1768
93730,12461,6234,6227,43.7,3174,9287,2072
93737,6624,3380,3244,35.7,1923,4701,786
93740,1174,469,705,19.9,22,1152,0
93741,77,3,74,31.6,2,75,0
93901,29498,14726,14772,36.5,7467,22031,4609
93905,63121,33038,30083,28.6,21398,41723,4276
93906,66883,34037,32846,32.9,18816,48067,6920
93907,25124,12331,12793,39.5,6251,18873,4116
93908,12983,6257,6726,43.8,3412,9571,2586
93920,1790,1000,790,37.6,409,1381,342
93921,2469,1155,1314,65.5,259,2210,1265
93923,12630,5917,6713,59,2032,10598,4955
93924,6563,3173,3390,56.5,1140,5423,2262
93925,1352,733,619,28.9,467,885,89
93926,8941,4249,4692,30,2437,6504,666
93927,19983,9744,10239,27.7,7254,12729,1563
93928,1040,851,189,24.2,28,1012,0
93930,16807,8444,8363,30.5,5473,11334,1678
93932,370,200,170,62.4,15,355,145
93933,27197,13651,13546,35.3,6067,21130,4012
93940,31513,15028,16485,42,4598,26915,6767
93943,12,6,6,-,0,12,0
93944,2605,2114,491,22.3,107,2498,10
93950,15098,6713,8385,49.2,2585,12513,4154
93953,3416,1648,1768,61.8,482,2934,1587
93954,501,231,270,27,189,312,29
93955,32610,16224,16386,34.1,7241,25369,4467
93960,26037,16707,9330,35.3,6453,19584,1825
93962,198,60,138,70.1,0,198,162
94002,27893,14357,13536,40.9,6395,21498,3937
94005,4756,2369,2387,42.9,959,3797,748
94010,43458,22706,20752,41.9,10367,33091,7247
94014,46331,23247,23084,41.8,6909,39422,8907
94015,65125,32121,33004,40.7,10292,54833,12504
94018,3423,1882,1541,49.8,589,2834,639
94019,15275,7246,8029,47,2832,12443,3308
94020,2030,1009,1021,45,339,1691,492
94021,123,62,61,45,34,89,25
94022,20052,9674,10378,48.5,4515,15537,5207
94024,24041,12176,11865,47.4,5901,18140,5117
94025,41017,20001,21016,38.6,9500,31517,6173
94027,7142,3569,3573,46.4,1419,5723,1720
94028,6888,3472,3416,55.9,1089,5799,2405
94030,22825,11115,11710,45.7,4319,18506,4752
94037,2649,1384,1265,59.1,154,2495,914
94038,3165,1639,1526,46.6,776,2389,772
94040,35667,18654,17013,35.4,7714,27953,4084
94041,15222,8217,7005,34.2,3258,11964,1515
94043,32670,16589,16081,35.9,6522,26148,3769
94044,38061,19046,19015,43.1,7338,30723,7262
94060,1312,715,597,41.9,145,1167,150
94061,37539,19134,18405,37.3,8000,29539,5295
94062,26531,12967,13564,44.6,5722,20809,4975
94063,34807,17942,16865,32.7,7779,27028,3525
94065,11588,5236,6352,41.7,2697,8891,1457
94066,43369,21970,21399,39,8111,35258,6918
94070,31312,15287,16025,41.8,7328,23984,5228
94074,151,114,37,42.3,48,103,0
94080,66262,33104,33158,42.2,11389,54873,11403
94085,22996,13144,9852,32.9,3946,19050,1888
94086,49217,26059,23158,33.1,9214,40003,4980
94087,58913,29491,29422,37.9,14312,44601,9166
94089,23447,12057,11390,35.9,3322,20125,3335
94102,34077,19374,14703,39.6,3252,30825,5265
94103,32400,19493,12907,36.8,3031,29369,4235
94104,557,384,173,49.8,52,505,52
94105,13722,7352,6370,33.8,624,13098,883
94107,30340,15980,14360,35.8,2854,27486,3866
94108,12070,5939,6131,43.4,1130,10940,2952
94109,56333,29072,27261,37.4,3574,52759,9779
94110,69679,37431,32248,39,10330,59349,9043
94111,4468,2470,1998,44.9,476,3992,1195
94112,80880,40357,40523,43,13781,67099,14788
94114,33858,20252,13606,42,3813,30045,4893
94115,33299,17345,15954,37.9,3558,29741,6509
94116,43903,22176,21727,44.9,7428,36475,10139
94117,39496,21085,18411,34.5,4162,35334,4089
94118,40108,18893,21215,38.4,5650,34458,6938
94121,43304,20527,22777,42.6,7048,36256,8933
94122,59453,29223,30230,40.8,8580,50873,11141
94123,24721,11724,12997,33.7,3251,21470,2787
94124,37347,18619,18728,37,8541,28806,5271
94127,21184,10427,10757,46.3,3704,17480,5048
94128,0,0,0,-,0,0,0
94129,3952,1829,2123,34.1,1011,2941,149
94130,3136,1903,1233,27.7,496,2640,52
94131,28705,14851,13854,40.8,4678,24027,4472
94132,27641,13344,14297,38.9,3310,24331,5428
94133,25460,12760,12700,45.1,2667,22793,5911
94134,40738,20478,20260,44.5,6546,34192,7414
94158,10205,4805,5400,33.6,1855,8350,887
94188,0,0,0,-,0,0,0
94301,17259,8085,9174,45.9,3314,13945,3931
94303,47989,24009,23980,37.4,11719,36270,5851
94304,4489,2019,2470,41.8,771,3718,1176
94305,17279,8406,8873,22.1,1117,16162,666
94306,27785,13162,14623,40.5,6178,21607,4945
94401,35392,17987,17405,35.6,6636,28756,5556
94402,26150,12151,13999,41.5,5849,20301,4967
94403,43858,22504,21354,38.5,8526,35332,6805
94404,36397,17818,18579,40.5,7872,28525,6689
94501,63340,30691,32649,40.2,13453,49887,10214
94502,14225,7276,6949,44.1,3117,11108,2948
94503,21791,10567,11224,36.4,5524,16267,2824
94505,15445,7751,7694,44,3405,12040,2721
94506,26947,13307,13640,46,6616,20331,5280
94507,14503,7356,7147,50.8,3112,11391,3634
94508,3406,1810,1596,30,514,2892,451
94509,70889,33926,36963,36.4,17605,53284,9742
94510,27223,13203,14020,45.3,5575,21648,5910
94511,1993,1065,928,55.4,299,1694,552
94512,57,28,29,-,0,57,29
94513,67580,32672,34908,41,17035,50545,10744
94514,2023,914,1109,39.5,438,1585,348
94515,7024,3812,3212,49.7,941,6083,1806
94516,212,109,103,61,30,182,73
94517,12349,6271,6078,43.8,2814,9535,2189
94518,28287,13963,14324,40.2,5712,22575,5090
94519,20162,10224,9938,39.9,4308,15854,3153
94520,36699,18610,18089,34.7,8224,28475,3990
94521,41092,20065,21027,43.1,7519,33573,7824
94523,34964,17260,17704,42.1,6870,28094,6200
94525,3599,1643,1956,49.4,498,3101,709
94526,33396,16780,16616,46.2,8270,25126,6437
94528,726,342,384,37.4,231,495,149
94530,26483,12780,13703,41.6,4669,21814,5201
94531,44115,20813,23302,39.1,9739,34376,5735
94533,78129,38350,39779,34.7,19021,59108,10377
94534,41395,20811,20584,40.5,9441,31954,7308
94535,3873,2099,1774,22.5,1478,2395,8
94536,71445,35722,35723,38.5,15836,55609,10289
94538,66215,33819,32396,36.3,13861,52354,7155
94539,53464,26376,27088,42.1,12828,40636,7789
94541,67401,34301,33100,37.9,14128,53273,9529
94542,16188,8726,7462,38.5,2550,13638,2293
94544,77712,39641,38071,36.6,16392,61320,9594
94545,33700,17504,16196,41.5,5773,27927,5550
94546,45761,22298,23463,42.3,9754,36007,8418
94547,26041,12267,13774,42.6,5152,20889,4601
94548,598,301,297,34,238,360,15
94549,28456,14435,14021,45.9,6808,21648,5566
94550,49463,24472,24991,42.9,10789,38674,8439
94551,40025,19730,20295,38.3,9346,30679,4928
94552,14948,7103,7845,48.8,3039,11909,2964
94553,49062,24506,24556,42.2,10043,39019,8364
94555,37671,18637,19034,38.5,10033,27638,4558
94556,15959,7735,8224,43.5,3516,12443,3544
94558,65084,32491,32593,44.3,12574,52510,13919
94559,28224,14236,13988,38.7,6332,21892,4520
94560,47470,24610,22860,36.9,9354,38116,5946
94561,44546,22664,21882,35.6,11230,33316,4461
94562,0,0,0,-,0,0,0
94563,19416,9624,9792,49.4,4760,14656,4477
94564,18946,8876,10070,42.6,3340,15606,4212
94565,100826,50722,50104,34.7,23560,77266,12215
94566,45145,22035,23110,43.7,10362,34783,7854
94567,719,347,372,42.3,201,518,194
94568,71068,35603,35465,37.1,18519,52549,6806
94569,251,175,76,66.8,0,251,162
94571,10514,4840,5674,64.9,742,9772,5221
94572,9309,4633,4676,38.9,1927,7382,1551
94573,107,62,45,44.5,17,90,30
94574,7827,3948,3879,48.3,1180,6647,2405
94575,1048,350,698,20.2,0,1048,16
94576,171,54,117,47,29,142,53
94577,47937,24423,23514,40.6,8534,39403,8187
94578,42350,19317,23033,38,8513,33837,5725
94579,20272,10304,9968,46.3,3088,17184,4104
94580,29377,14407,14970,41.6,5395,23982,4693
94582,47338,22671,24667,40.6,13407,33931,4072
94583,39758,20888,18870,40.5,10185,29573,5797
94585,29401,15004,14397,35.9,7042,22359,4004
94586,964,493,471,44,227,737,211
94587,69502,35351,34151,41.3,12274,57228,12465
94588,35162,17621,17541,39.3,8388,26774,4849
94589,29959,14883,15076,40.9,6562,23397,5481
94590,37991,18014,19977,39.1,7220,30771,5784
94591,59026,29183,29843,41.1,11949,47077,10268
94592,1020,578,442,36.6,75,945,153
94595,17341,7229,10112,68.9,1849,15492,9915
94596,23795,11809,11986,38,3772,20023,4075
94597,23654,12285,11369,38,3965,19689,4030
94598,26346,12808,13538,46.4,5048,21298,6299
94599,3428,1580,1848,65.1,181,3247,1719
94601,52102,26711,25391,35.2,11837,40265,6180
94602,31104,15288,15816,42.7,5620,25484,5709
94603,37042,18542,18500,32.9,9965,27077,3125
94605,44477,21246,23231,40.3,8747,35730,7064
94606,38459,18915,19544,37.8,6362,32097,5166
94607,27019,13390,13629,36,4085,22934,3705
94608,34083,17104,16979,35.4,4261,29822,3211
94609,25175,12071,13104,35.4,3691,21484,2559
94610,32404,15578,16826,38.8,5051,27353,5158
94611,39780,19151,20629,45,6934,32846,8906
94612,17742,9113,8629,37.8,1528,16214,3622
94613,612,28,584,19.5,20,592,3
94618,17285,8529,8756,43.4,3219,14066,3520
94619,27018,13114,13904,38.9,5986,21032,4494
94621,34911,17045,17866,32,9728,25183,2762
94702,17473,8145,9328,39.7,3434,14039,2958
94703,20404,10571,9833,35.4,2854,17550,3060
94704,25711,11890,13821,21.9,1166,24545,1296
94705,14508,7113,7395,43.9,2268,12240,3574
94706,20860,10018,10842,37.4,4991,15869,2854
94707,12596,6044,6552,53.7,2329,10267,3943
94708,11810,5923,5887,49.5,2044,9766,3117
94709,12200,6426,5774,30.7,878,11322,1851
94710,8471,4281,4190,38.7,1273,7198,1272
94720,5322,2411,2911,19.6,253,5069,34
94801,32759,15820,16939,34.5,8287,24472,3951
94803,27171,13616,13555,44,4757,22414,5592
94804,44387,21917,22470,35.4,10102,34285,5827
94805,14790,7401,7389,42.5,2738,12052,2403
94806,63730,31889,31841,35.8,14682,49048,7991
94901,40927,20380,20547,42.3,8336,32591,7882
94903,31582,14830,16752,48.8,5044,26538,8092
94904,13132,5942,7190,50.5,2725,10407,3418
94920,12906,6421,6485,49.9,2504,10402,3238
94922,509,256,253,38.6,158,351,147
94923,1390,851,539,54.1,129,1261,513
94924,1342,711,631,64.8,101,1241,665
94925,10155,5167,4988,44.4,2581,7574,1815
94928,46231,22439,23792,34,8906,37325,6274
94929,442,212,230,38.1,104,338,73
94930,8748,4211,4537,47.3,1584,7164,1806
94931,8945,4241,4704,40.1,1558,7387,1556
94933,1284,618,666,49.5,192,1092,361
94937,938,400,538,64.9,60,878,468
94938,428,193,235,56.5,34,394,175
94939,7488,3657,3831,46.3,1479,6009,1526
94940,260,110,150,57.2,41,219,50
94941,32190,14976,17214,46,7637,24553,6402
94945,17309,8845,8464,51.8,3283,14026,4626
94946,673,326,347,55.5,75,598,225
94947,25183,12488,12695,46.9,4894,20289,6119
94949,18545,9492,9053,47.7,3736,14809,4653
94950,23,8,15,60.4,0,23,0
94951,3574,1608,1966,54.8,765,2809,1095
94952,33519,16514,17005,42.9,6815,26704,6620
94954,38201,19009,19192,43.6,7423,30778,7347
94956,1189,512,677,61.6,27,1162,495
94957,2081,1012,1069,44.5,598,1483,415
94960,16028,8021,8007,46.1,3896,12132,3063
94963,462,268,194,46.4,93,369,119
94964,2054,1973,81,47.3,0,2054,375
94965,12044,5542,6502,50.2,1547,10497,3317
94970,400,250,150,63.5,7,393,191
94971,364,186,178,59.4,47,317,166
94972,153,107,46,36.2,70,83,4
94973,1438,813,625,61.6,101,1337,519
95002,1920,1023,897,36.7,416,1504,203
95003,24977,11823,13154,48.2,4407,20570,5879
95004,3902,1980,1922,46.3,589,3313,687
95005,7552,3863,3689,43.2,1678,5874,1410
95006,8802,4583,4219,45.9,1141,7661,1628
95007,359,225,134,49.6,42,317,0
95008,48746,23963,24783,39.5,10718,38028,7067
95010,9243,4594,4649,49.7,1325,7918,2471
95012,10528,5461,5067,27.7,3921,6607,888
95013,53,19,34,58.4,0,53,16
95014,61414,32466,28948,40.1,14762,46652,8181
95017,907,459,448,38.2,201,706,159
95018,6055,3115,2940,48.6,778,5277,1441
95019,5891,2735,3156,34.1,1843,4048,701
95020,68365,34000,34365,36.2,18589,49776,9065
95023,57367,28961,28406,35.1,15165,42202,6945
95030,13373,6607,6766,52.1,2409,10964,3051
95032,27678,13903,13775,44.6,6759,20919,5421
95033,9853,5086,4767,46.9,1886,7967,1798
95035,79393,42136,37257,36.1,16409,62984,9733
95037,51867,25127,26740,38.8,13196,38671,8163
95039,1427,758,669,41.5,434,993,422
95041,803,353,450,37.6,169,634,162
95043,669,351,318,47.4,147,522,126
95045,4063,2200,1863,44.8,678,3385,956
95046,5801,2894,2907,51.4,820,4981,1411
95050,39905,21575,18330,35.2,6855,33050,5161
95051,60499,31808,28691,35.3,11271,49228,7118
95053,3317,1761,1556,19.6,50,3267,0
95054,24444,12399,12045,33.9,4856,19588,2239
95060,46527,23843,22684,35.4,6449,40078,7638
95062,36369,17505,18864,41.5,5568,30801,6880
95064,9832,4527,5305,19.7,343,9489,60
95065,8125,3902,4223,42,1570,6555,1622
95066,15233,7975,7258,47.9,2590,12643,3446
95070,31688,15772,15916,50.8,6285,25403,7852
95073,11408,5782,5626,44.1,2462,8946,2575
95075,566,275,291,48.7,115,451,142
95076,83716,42739,40977,36.2,22182,61534,12218
95110,20314,11654,8660,33.5,4373,15941,1255
95111,59761,31442,28319,36.6,14902,44859,7178
95112,58775,30554,28221,31.7,8349,50426,6426
95113,2161,1301,860,32.6,43,2118,256
95116,50436,25777,24659,35.1,11719,38717,6335
95117,28663,14377,14286,35.9,6671,21992,2973
95118,32827,16296,16531,39.3,8002,24825,4271
95119,10461,5717,4744,40,2364,8097,1488
95120,38003,19054,18949,46.9,8766,29237,7542
95121,36657,19061,17596,42.6,6966,29691,6456
95122,52555,26568,25987,35.4,12664,39891,6664
95123,70952,35168,35784,37.7,15271,55681,8817
95124,51803,26080,25723,39.4,13157,38646,6254
95125,53333,25283,28050,41.5,11112,42221,9601
95126,36996,19337,17659,34.8,6346,30650,3886
95127,62269,31976,30293,38.5,13750,48519,9092
95128,33653,17456,16197,38.6,5961,27692,4793
95129,39797,19750,20047,41.9,8828,30969,5777
95130,13376,6634,6742,38.6,3282,10094,1805
95131,31335,16909,14426,36.7,6037,25298,3932
95132,40981,21605,19376,42.5,7111,33870,6747
95133,28749,14118,14631,37.4,5604,23145,4849
95134,30916,16613,14303,30.9,4384,26532,1159
95135,21402,10632,10770,50.3,4431,16971,6404
95136,47294,23529,23765,37.3,10186,37108,6862
95138,19420,9977,9443,38.4,4819,14601,1863
95139,7232,3750,3482,39.2,1989,5243,1037
95140,91,34,57,60.9,0,91,21
95148,45688,22915,22773,41,9346,36342,7894
95202,6000,2929,3071,37.4,1447,4553,1039
95203,16237,7984,8253,33.4,4282,11955,1942
95204,30406,14527,15879,35.6,7005,23401,4988
95205,40128,20263,19865,30.6,12472,27656,3827
95206,68031,33762,34269,30.7,20409,47622,5983
95207,52877,24856,28021,33.2,13496,39381,7690
95209,46756,22459,24297,35.5,12433,34323,7303
95210,42654,20628,22026,31.5,12704,29950,5509
95211,1676,708,968,19.8,35,1641,0
95212,27848,14138,13710,38.2,6669,21179,3779
95215,25647,14517,11130,37.5,6514,19133,3829
95219,30165,15101,15064,35.8,8124,22041,4967
95220,8244,4321,3923,39.9,2207,6037,1158
95221,398,136,262,29.8,43,355,0
95222,5236,2507,2729,54.8,928,4308,1844
95223,2470,1259,1211,61.8,222,2248,1099
95224,311,118,193,54.8,76,235,153
95225,1019,469,550,60.1,131,888,428
95226,0,0,0,-,0,0,0
95227,1180,606,574,46.8,242,938,242
95228,4648,2210,2438,51.2,871,3777,1180
95230,513,303,210,38.1,128,385,90
95231,4865,3186,1679,35.8,840,4025,495
95232,202,116,86,35.6,0,202,20
95233,233,119,114,60.3,0,233,77
95236,4518,2191,2327,39.1,1198,3320,714
95237,3992,2169,1823,40.8,963,3029,914
95240,50245,25733,24512,33.7,13417,36828,6719
95242,27433,13539,13894,39.8,6269,21164,5270
95245,2813,1413,1400,58,416,2397,781
95246,1548,853,695,55.1,44,1504,215
95247,4022,1954,2068,54.6,657,3365,1375
95248,106,73,33,17.7,62,44,0
95249,4908,2648,2260,45,913,3995,1682
95251,521,209,312,60.6,0,521,189
95252,14622,7363,7259,45.7,3001,11621,3183
95253,504,203,301,20.9,229,275,33
95254,350,123,227,65.7,0,350,185
95255,1787,950,837,56.4,321,1466,583
95257,398,218,180,60.2,0,398,162
95258,3885,1872,2013,46.9,703,3182,901
95301,41660,22010,19650,34.2,11626,30034,5164
95303,891,487,404,43.4,177,714,113
95304,15235,8341,6894,37.1,3362,11873,1749
95305,158,102,56,67.3,0,158,87
95306,784,353,431,60.4,114,670,232
95307,47978,25259,22719,32,13940,34038,5772
95309,0,0,0,-,0,0,0
95310,1849,887,962,48,428,1421,617
95311,2182,1130,1052,56.6,373,1809,710
95312,284,132,152,28.9,94,190,47
95313,860,504,356,38.6,126,734,106
95315,13317,6808,6509,32.2,3913,9404,1101
95316,7154,3185,3969,41.6,1614,5540,1085
95317,948,502,446,28.5,319,629,54
95318,522,147,375,36.9,121,401,59
95319,1651,946,705,36.7,265,1386,87
95320,12385,5923,6462,36,3184,9201,2373
95321,4068,2083,1985,58.9,417,3651,1636
95322,9392,4998,4394,37.3,2496,6896,1338
95323,1516,732,784,40.4,388,1128,172
95324,8763,4745,4018,36.2,2439,6324,1463
95325,44,15,29,-,0,44,0
95326,10672,5310,5362,39.6,2668,8004,1716
95327,8788,5466,3322,40.2,1240,7548,1392
95328,3856,1890,1966,31.2,1405,2451,389
95329,2394,1290,1104,55.4,331,2063,625
95330,30051,14986,15065,33.5,8853,21198,3069
95333,3157,1699,1458,30.7,1096,2061,293
95334,17302,8329,8973,31.8,5102,12200,1760
95335,58,58,0,-,0,58,42
95336,49145,24115,25030,38.1,11365,37780,8084
95337,44192,23385,20807,35.6,12260,31932,4471
95338,10102,4917,5185,54.8,2068,8034,3414
95340,36833,17777,19056,32.2,8606,28227,5287
95341,34541,17752,16789,27.6,12264,22277,2809
95345,528,247,281,38.5,86,442,174
95346,1041,579,462,52.6,180,861,262
95348,35853,17834,18019,30.6,9162,26691,3614
95350,55368,26666,28702,35.3,14150,41218,8737
95351,48134,24097,24037,30.1,14530,33604,4782
95354,25100,12025,13075,34.7,6677,18423,3458
95355,60338,29550,30788,37.7,14336,46002,9916
95356,33033,16009,17024,39.7,7940,25093,5285
95357,14403,7377,7026,35,4212,10191,1694
95358,31268,16845,14423,30.4,9795,21473,3162
95360,13781,6247,7534,34.9,3465,10316,1498
95361,35107,17887,17220,39.7,8779,26328,5739
95363,29784,15477,14307,32.4,8890,20894,2858
95364,0,0,0,-,0,0,0
95365,3882,2116,1766,33.2,1144,2738,429
95366,18500,9514,8986,39.9,4680,13820,3050
95367,25162,12387,12775,33.8,7525,17637,2862
95368,14849,7712,7137,31.9,3081,11768,1665
95369,778,487,291,47.2,145,633,116
95370,28548,13524,15024,49.6,5179,23369,8245
95372,1639,909,730,34.4,405,1234,118
95374,1581,858,723,38.8,421,1160,208
95375,64,3,61,75.3,0,64,49
95376,55038,27441,27597,32.4,14639,40399,5682
95377,35001,18157,16844,37.2,9314,25687,3312
95379,3828,1880,1948,50.6,799,3029,1081
95380,44204,21550,22654,32.3,12005,32199,5404
95382,38727,18797,19930,36.3,9660,29067,6380
95383,3415,2025,1390,54.1,461,2954,1164
95385,531,243,288,29.8,137,394,55
95386,10387,5659,4728,33.1,2864,7523,957
95387,1215,708,507,27.4,483,732,126
95388,13518,7344,6174,29.6,4262,9256,1520
95389,1963,1332,631,34.2,52,1911,156
95391,23696,12129,11567,34.3,7362,16334,1886
95401,36905,18280,18625,39.2,7006,29899,6126
95403,44677,22142,22535,39.1,9968,34709,7345
95404,37437,18475,18962,42.6,7256,30181,7364
95405,23748,11530,12218,43.6,4297,19451,5301
95407,42138,21151,20987,34,10890,31248,4340
95409,26158,12509,13649,53,4192,21966,8952
95410,797,406,391,60.3,34,763,284
95412,271,107,164,41,69,202,105
95415,1383,621,762,40,413,970,343
95417,211,76,135,35.3,82,129,28
95419,169,158,11,60.5,0,169,48
95420,351,135,216,38,100,251,123
95421,1679,858,821,54.7,223,1456,521
95422,16998,8372,8626,38.9,4438,12560,3028
95423,3322,1630,1692,57.1,507,2815,1153
95425,11331,5665,5666,42.9,2190,9141,2516
95426,1178,713,465,56,211,967,320
95427,589,287,302,55.4,55,534,186
95428,2775,1525,1250,40.3,683,2092,489
95429,118,112,6,66,0,118,85
95430,0,0,0,-,0,0,0
95431,76,57,19,45.7,4,72,12
95432,614,234,380,62.7,17,597,263
95435,347,227,120,19.6,144,203,0
95436,6008,3107,2901,41.1,1275,4733,1187
95437,14865,7208,7657,50.1,2887,11978,4229
95439,782,391,391,57.1,173,609,256
95441,1819,1018,801,54.3,243,1576,540
95442,2592,1378,1214,57.8,237,2355,503
95443,190,111,79,9.4,113,77,0
95444,516,174,342,58.2,46,470,130
95445,2012,980,1032,58.7,339,1673,716
95446,4709,2657,2052,54.3,368,4341,1399
95448,16745,8081,8664,48.7,2475,14270,4576
95449,1785,1041,744,38.8,326,1459,307
95450,272,130,142,58.4,42,230,93
95451,12957,6406,6551,44.1,2583,10374,3095
95452,1240,586,654,37,134,1106,285
95453,11254,5641,5613,48.1,2186,9068,2816
95454,1714,884,830,57.6,218,1496,612
95456,775,378,397,55.8,167,608,318
95457,3252,1391,1861,56.5,615,2637,942
95458,3303,1671,1632,38.8,520,2783,636
95459,853,466,387,44.3,188,665,178
95460,2349,1212,1137,60.2,249,2100,945
95461,3909,1935,1974,46.6,767,3142,930
95462,1091,572,519,60.7,99,992,354
95463,88,37,51,29.8,4,84,0
95464,2466,1485,981,39.6,594,1872,546
95465,1251,569,682,47.5,173,1078,397
95466,880,510,370,40.4,115,765,227
95467,5795,2985,2810,43.5,1357,4438,1654
95468,1822,890,932,50.3,362,1460,598
95469,1323,628,695,56.6,223,1100,365
95470,6068,3323,2745,38.3,1376,4692,963
95471,780,361,419,54.5,163,617,272
95472,28443,13709,14734,51.4,4545,23898,8427
95476,36386,17426,18960,52,5861,30525,10883
95480,6,3,3,34.5,3,3,1
95482,34183,16735,17448,39.1,8413,25770,5970
95485,2909,1491,1418,48.3,476,2433,640
95486,27,27,0,-,0,27,0
95488,366,115,251,63,21,345,105
95490,14360,6915,7445,40.9,2865,11495,3639
95492,28096,14069,14027,42,6477,21619,4349
95493,144,86,58,54.3,0,144,41
95494,151,96,55,59.8,0,151,31
95497,1224,629,595,67.9,72,1152,774
95501,23706,12066,11640,40.1,4519,19187,3811
95503,24072,11583,12489,45.7,4418,19654,5948
95511,102,45,57,68.8,0,102,77
95514,117,59,58,48.6,33,84,52
95519,18781,9303,9478,39.4,4125,14656,3322
95521,21712,11103,10609,28,2924,18788,2789
95524,1700,937,763,47,335,1365,410
95525,1358,730,628,56.7,148,1210,377
95526,638,318,320,41.7,133,505,113
95527,701,318,383,45.1,246,455,174
95528,1555,783,772,48.1,323,1232,415
95531,23029,12525,10504,38.8,5012,18017,3945
95536,3258,1634,1624,48.9,594,2664,902
95537,629,231,398,27.4,0,629,56
95538,1022,523,499,62.5,119,903,438
95540,14415,6975,7440,39.1,3050,11365,2453
95542,2862,1387,1475,45.8,454,2408,673
95543,376,243,133,61.6,25,351,133
95545,492,288,204,41.9,54,438,68
95546,2666,1148,1518,34.3,706,1960,506
95547,1121,624,497,57,162,959,262
95548,1034,545,489,51.6,232,802,290
95549,1140,561,579,36.1,270,870,159
95550,213,142,71,28.9,22,191,33
95551,1789,978,811,34.9,255,1534,233
95552,423,273,150,65,8,415,211
95553,1037,566,471,34.9,265,772,280
95554,313,181,132,38.2,41,272,106
95555,370,192,178,35.5,60,310,84
95556,692,224,468,41.1,283,409,104
95558,246,119,127,64.5,27,219,119
95559,0,0,0,-,0,0,0
95560,1337,567,770,42.7,253,1084,312
95562,3396,1767,1629,33.2,974,2422,588
95563,911,625,286,56,84,827,411
95564,564,293,271,39.3,96,468,84
95565,860,424,436,39.2,195,665,96
95567,2001,973,1028,39.6,410,1591,455
95568,224,172,52,36,19,205,24
95569,91,56,35,62.1,0,91,36
95570,2523,1103,1420,47.6,478,2045,550
95571,30,30,0,27.3,0,30,0
95573,1417,819,598,55.1,257,1160,305
95585,545,224,321,55.6,59,486,169
95587,0,0,0,-,0,0,0
95589,1153,591,562,48,210,943,402
95595,143,99,44,56.7,24,119,16
95601,352,124,228,43.7,29,323,104
95602,18610,9698,8912,54.2,2669,15941,5851
95603,28366,13514,14852,48.4,4935,23431,7163
95604,34,23,11,30.5,0,34,0
95605,14291,7141,7150,32.6,3461,10830,1604
95606,185,92,93,68.5,10,175,105
95607,235,106,129,68.7,0,235,136
95608,63715,30995,32720,42.8,12148,51567,13808
95610,46219,22484,23735,36.8,9428,36791,7717
95612,1462,721,741,44.5,306,1156,326
95613,0,0,0,-,0,0,0
95614,4479,2131,2348,53.7,857,3622,1107
95615,1147,608,539,48.8,214,933,250
95616,52090,24347,27743,23.3,5409,46681,6347
95618,26946,13114,13832,30.9,5101,21845,3440
95619,6414,3383,3031,39.8,1581,4833,1149
95620,22004,11087,10917,34.5,5713,16291,2904
95621,42089,20523,21566,39.4,8446,33643,7563
95623,4488,2355,2133,48.3,709,3779,928
95624,67915,33327,34588,38.1,17597,50318,9140
95625,88,47,41,28.5,0,88,0
95626,5845,2993,2852,44.6,1117,4728,932
95627,4137,2128,2009,30.9,1429,2708,539
95628,44256,21801,22455,43,8601,35655,9507
95629,747,459,288,62.3,61,686,275
95630,76599,36815,39784,40,18900,57699,10665
95631,6244,3240,3004,46.9,1392,4852,1378
95632,31217,16124,15093,39,7230,23987,4656
95633,3305,1663,1642,44.5,791,2514,765
95634,3878,2152,1726,59.3,509,3369,1497
95635,948,293,655,56,71,877,219
95636,1374,620,754,44.3,392,982,247
95637,276,137,139,48.1,25,251,83
95638,2246,1054,1192,50.6,325,1921,574
95639,314,127,187,45.2,46,268,19
95640,12518,7584,4934,43.7,2058,10460,2303
95641,1517,707,810,53.8,219,1298,478
95642,7152,3693,3459,51,1062,6090,2207
95645,1162,497,665,39.9,283,879,184
95646,249,175,74,26.6,85,164,23
95648,55350,26700,28650,44.6,12647,42703,15036
95650,14098,7591,6507,46.9,2665,11433,2976
95651,738,370,368,45.7,166,572,69
95652,1193,560,633,20.9,431,762,27
95653,455,177,278,57.6,1,454,191
95655,4954,2285,2669,33.6,1540,3414,510
95658,5974,3085,2889,51,1070,4904,1684
95659,790,397,393,36.1,201,589,120
95660,35458,18526,16932,32.9,9888,25570,4051
95661,32827,15303,17524,42.2,6632,26195,6686
95662,32436,15943,16493,42.1,6883,25553,6671
95663,2659,1200,1459,50.6,430,2229,569
95664,1133,586,547,61.6,166,967,364
95665,4693,2149,2544,53.5,828,3865,1468
95666,5885,3364,2521,56.1,686,5199,1916
95667,36084,17588,18496,49.7,6425,29659,9513
95668,507,259,248,53.7,80,427,152
95669,2514,1332,1182,47.2,367,2147,595
95670,59449,28841,30608,37,14066,45383,8891
95671,4478,4023,455,39.6,0,4478,134
95672,5744,2712,3032,49.6,1034,4710,1310
95673,16665,7945,8720,36.6,3938,12727,2133
95674,859,443,416,42,256,603,195
95675,487,264,223,37.7,108,379,133
95676,113,58,55,30.6,32,81,3
95677,28591,14242,14349,37.7,6753,21838,4717
95678,45210,22099,23111,37.2,9489,35721,5689
95679,131,96,35,40.9,27,104,26
95680,9,0,9,-,0,9,9
95681,1370,709,661,28.4,452,918,102
95682,29750,15153,14597,46.1,5926,23824,6982
95683,6330,2917,3413,55.2,1191,5139,2061
95684,2913,1493,1420,60.2,190,2723,936
95685,4703,2171,2532,53,764,3939,1634
95686,1194,624,570,34.5,319,875,135
95687,68996,36978,32018,37.2,14078,54918,10278
95688,40147,19606,20541,39,9919,30228,6598
95689,1498,857,641,50.9,272,1226,298
95690,1621,973,648,33,407,1214,344
95691,39961,19264,20697,35.2,10540,29421,4424
95692,4887,2304,2583,39.2,1282,3605,639
95693,7624,4083,3541,50,1322,6302,1642
95694,9600,4900,4700,39.9,2193,7407,1083
95695,39892,19595,20297,38,9105,30787,6879
95697,281,164,117,17.9,142,139,22
95698,196,100,96,60.7,29,167,85
95699,60,25,35,44.7,9,51,0
95701,1045,547,498,55.2,74,971,230
95703,1955,1071,884,55.2,109,1846,579
95709,6103,3007,3096,52.5,1054,5049,1506
95713,10280,5044,5236,45.9,2042,8238,2288
95714,411,200,211,48.6,72,339,87
95715,110,55,55,50.7,26,84,11
95717,129,67,62,46.9,20,109,33
95720,107,47,60,49.1,36,71,26
95721,0,0,0,-,0,0,0
95722,4829,2423,2406,55.8,751,4078,1549
95726,7974,4278,3696,47.8,1392,6582,1708
95728,549,302,247,48.2,120,429,82
95735,51,29,22,46.5,2,49,9
95736,131,59,72,34.1,0,131,14
95742,14883,7674,7209,36.9,4228,10655,1695
95746,22743,11092,11651,48,5264,17479,4816
95747,75681,37835,37846,40.5,18839,56842,14031
95757,53232,26105,27127,37.7,14596,38636,6248
95758,66153,32825,33328,39.3,16573,49580,9002
95762,45842,22484,23358,45.2,11486,34356,8978
95765,43059,21136,21923,37.1,11470,31589,5317
95776,26352,13552,12800,34.6,6570,19782,2804
95811,8456,4189,4267,32.4,558,7898,619
95814,12248,6915,5333,36,485,11763,2067
95815,26523,13709,12814,33.3,6669,19854,2632
95816,18334,8954,9380,34.6,1293,17041,2771
95817,14513,6728,7785,33.8,2204,12309,1723
95818,23062,11568,11494,40,4402,18660,3881
95819,19806,9851,9955,37.5,3368,16438,3366
95820,36024,17000,19024,35.3,7403,28621,4763
95821,37436,17803,19633,38.6,8265,29171,6341
95822,46413,22774,23639,37.3,10545,35868,7581
95823,82983,40440,42543,31.8,23542,59441,9641
95824,30556,15370,15186,32.3,8656,21900,3589
95825,37310,17699,19611,32.6,7896,29414,5630
95826,40205,18969,21236,33.9,8032,32173,5940
95827,21084,10071,11013,35.4,4839,16245,2617
95828,60850,30687,30163,35.6,14928,45922,8278
95829,31297,15756,15541,36.7,8263,23034,4031
95830,746,454,292,48.2,124,622,113
95831,44450,21308,23142,42.1,8743,35707,9959
95832,13116,6810,6306,30.9,3662,9454,1292
95833,40908,20398,20510,35.1,9396,31512,4300
95834,34892,16756,18136,34,8742,26150,3992
95835,40957,21029,19928,38.4,9839,31118,5538
95837,306,170,136,50.6,16,290,43
95838,41311,21134,20177,32.4,11497,29814,4145
95841,21542,10350,11192,34.6,4743,16799,2826
95842,34775,17369,17406,33,9755,25020,3724
95843,47195,23055,24140,35.7,12533,34662,5016
95864,25728,12230,13498,43.8,5846,19882,5487
95901,36119,18567,17552,34.4,9859,26260,4730
95903,1868,1128,740,22.9,432,1436,0
95910,148,99,49,57.4,0,148,23
95912,4908,2579,2329,35,1193,3715,562
95913,313,132,181,50.9,52,261,66
95914,450,269,181,54.6,72,378,174
95915,0,0,0,-,0,0,0
95916,965,521,444,54,149,816,338
95917,4091,2164,1927,30.7,1035,3056,530
95918,1807,864,943,64.4,226,1581,844
95919,1183,548,635,52.8,237,946,207
95920,164,92,72,35.7,27,137,38
95922,593,318,275,60.6,86,507,216
95923,43,31,12,78.3,0,43,27
95925,188,95,93,26.7,48,140,0
95926,42362,21431,20931,27.1,7415,34947,5943
95928,38412,18494,19918,33.5,5989,32423,5878
95929,0,0,0,-,0,0,0
95930,417,252,165,27.5,183,234,103
95932,7789,3954,3835,39.5,2086,5703,1477
95934,33,22,11,83.3,0,33,33
95935,465,283,182,53.6,43,422,176
95936,121,74,47,68.2,0,121,66
95937,1145,583,562,45,218,927,345
95938,4451,2377,2074,43.1,957,3494,960
95939,376,250,126,55.1,37,339,117
95941,396,272,124,34.1,85,311,44
95942,1786,943,843,49.8,391,1395,390
95943,670,403,267,41,139,531,118
95944,65,65,0,-,0,65,0
95945,27388,12882,14506,49.1,5055,22333,8091
95946,9049,4407,4642,57.5,1327,7722,3259
95947,1407,755,652,47.9,306,1101,417
95948,11456,5458,5998,35.5,3520,7936,1604
95949,21232,10572,10660,53.4,3101,18131,6190
95950,442,202,240,53.7,99,343,90
95951,2522,1205,1317,29.4,599,1923,304
95953,11201,5685,5516,35.6,3175,8026,1770
95954,10163,4892,5271,47.8,2033,8130,2356
95955,1413,753,660,35.9,354,1059,217
95956,458,187,271,61.4,99,359,152
95957,752,411,341,36.2,167,585,69
95958,0,0,0,-,0,0,0
95959,18244,9270,8974,54.9,2483,15761,5935
95960,594,285,309,35.8,160,434,80
95961,32663,16403,16260,31,9661,23002,3135
95962,1136,727,409,43.4,132,1004,474
95963,16485,8061,8424,37.5,4389,12096,2897
95965,20835,10219,10616,37.2,4927,15908,3564
95966,30108,15187,14921,44.5,6423,23685,7466
95968,1366,817,549,44,208,1158,231
95969,7564,3952,3612,58.6,1048,6516,2856
95970,466,234,232,45.5,135,331,89
95971,5931,3077,2854,47.6,983,4948,1307
95972,142,39,103,12.6,86,56,0
95973,38323,18900,19423,37.5,8474,29849,6209
95974,65,33,32,-,0,65,65
95975,1628,764,864,43.4,408,1220,364
95977,1822,894,928,40.4,332,1490,429
95978,98,57,41,42.2,23,75,33
95979,374,214,160,60.6,35,339,155
95981,52,18,34,69.5,0,52,35
95982,3084,1558,1526,41.3,729,2355,576
95983,395,219,176,61.1,10,385,122
95984,177,109,68,58.7,0,177,58
95986,104,76,28,61.4,0,104,35
95987,6504,3217,3287,32.5,1916,4588,759
95988,8748,4927,3821,34.6,2486,6262,1441
95991,43978,21807,22171,33.6,12091,31887,5585
95993,37222,18933,18289,38.8,8360,28862,7043
96001,34721,17494,17227,40.8,8049,26672,6867
96002,34634,17106,17528,37.6,8629,26005,6447
96003,43945,21065,22880,40.9,8476,35469,9075
96006,587,297,290,58.8,56,531,254
96007,24849,12380,12469,41.7,5081,19768,5205
96008,1123,575,548,47,205,918,272
96009,247,140,107,50.1,59,188,60
96010,28,0,28,-,0,28,0
96011,232,120,112,39.3,70,162,40
96013,4212,1987,2225,44.8,1177,3035,1093
96014,173,95,78,52.7,40,133,24
96015,560,174,386,73.9,6,554,448
96016,319,179,140,57.2,57,262,154
96017,143,77,66,68.2,10,133,82
96019,10466,5109,5357,38.9,2433,8033,1906
96020,2593,1384,1209,59.1,362,2231,1040
96021,15746,7352,8394,37.3,3780,11966,2617
96022,14751,7213,7538,44.3,2887,11864,3209
96023,1189,651,538,40.3,279,910,308
96024,1105,676,429,54.5,315,790,236
96025,2247,1087,1160,49,451,1796,565
96027,1907,949,958,56.2,345,1562,641
96028,1805,878,927,42.8,395,1410,459
96029,120,60,60,40.3,42,78,18
96031,66,38,28,71.9,3,63,44
96032,2606,1365,1241,42.6,587,2019,671
96033,321,176,145,55.9,60,261,100
96034,345,166,179,49.1,54,291,91
96035,4097,2360,1737,40.7,1219,2878,723
96037,131,41,90,66.6,0,131,92
96038,499,284,215,50,87,412,174
96039,726,390,336,59.5,112,614,212
96040,71,37,34,67.5,0,71,59
96041,3511,1805,1706,56.7,389,3122,988
96044,1215,568,647,46.1,309,906,251
96046,328,205,123,55.5,0,328,35
96047,843,460,383,55.9,66,777,256
96048,1283,920,363,46.9,143,1140,263
96050,400,220,180,66.9,9,391,214
96051,1067,488,579,60.4,59,1008,412
96052,2538,1158,1380,40.5,611,1927,349
96054,269,179,90,44.9,40,229,57
96055,3760,1869,1891,39.8,918,2842,724
96056,1318,640,678,48.8,267,1051,333
96057,1158,593,565,55.7,148,1010,467
96058,809,434,375,36.5,190,619,107
96059,323,192,131,74.1,52,271,184
96061,0,0,0,-,0,0,0
96062,1002,554,448,49.2,95,907,251
96063,77,56,21,48.9,0,77,19
96064,4690,2336,2354,47.6,1011,3679,1110
96065,364,172,192,57.7,29,335,98
96067,7321,3630,3691,51.2,1226,6095,2305
96068,125,92,33,32.1,23,102,8
96069,1390,743,647,47.6,330,1060,291
96071,7,7,0,-,0,7,7
96073,5648,2809,2839,42.5,1611,4037,1277
96074,183,137,46,35.3,29,154,19
96075,341,260,81,40.9,0,341,68
96076,152,77,75,59.6,0,152,59
96078,135,34,101,20.8,37,98,0
96080,31190,15563,15627,39.8,7782,23408,6344
96084,664,308,356,56.2,99,565,204
96085,38,15,23,56.5,9,29,19
96086,268,140,128,59,42,226,93
96087,824,492,332,47.6,106,718,158
96088,4703,2447,2256,58.4,488,4215,1803
96090,421,218,203,49.6,79,342,99
96091,693,349,344,67.2,41,652,392
96092,402,220,182,39.1,83,319,86
96093,3959,1713,2246,49.8,696,3263,1241
96094,6985,3489,3496,48.7,1222,5763,1744
96096,784,371,413,57.7,78,706,316
96097,10154,4971,5183,39.4,2494,7660,2257
96101,4824,2321,2503,44.9,927,3897,1289
96103,1340,717,623,67.1,214,1126,733
96104,962,433,529,47.5,240,722,195
96105,429,165,264,43.9,103,326,168
96106,465,205,260,32.4,155,310,90
96107,868,429,439,39.3,157,711,267
96108,149,86,63,49,51,98,74
96109,1297,678,619,41,216,1081,228
96110,37,27,10,69.3,0,37,28
96111,23,14,9,76.6,0,23,17
96112,172,99,73,32,29,143,48
96113,2164,1756,408,40.3,163,2001,233
96114,2927,1520,1407,51.6,401,2526,730
96115,122,67,55,61,17,105,53
96116,19,19,0,-,0,19,0
96117,288,116,172,33.5,127,161,19
96118,1581,784,797,56,233,1348,508
96119,31,0,31,-,15,16,0
96120,1209,667,542,54.8,245,964,354
96121,145,40,105,21.8,0,145,15
96122,4121,2061,2060,47.8,777,3344,896
96123,62,38,24,53.2,17,45,23
96124,320,106,214,43.9,122,198,15
96125,234,124,110,70.1,0,234,178
96126,227,29,198,22.4,41,186,54
96128,600,320,280,37.4,225,375,56
96129,640,436,204,49.8,217,423,209
96130,21460,14153,7307,35,3690,17770,2760
96132,17,5,12,31.6,0,17,7
96133,188,62,126,50.8,0,188,27
96134,2236,1078,1158,39.9,535,1701,481
96135,106,56,50,-,0,106,0
96136,40,19,21,62.3,16,24,11
96137,2949,1543,1406,57.3,455,2494,926
96140,1219,585,634,46.1,190,1029,300
96141,592,295,297,56.4,67,525,163
96142,946,580,366,38.7,119,827,176
96143,3130,1520,1610,40.2,675,2455,405
96145,3081,1459,1622,40.2,597,2484,575
96146,1147,686,461,37.6,97,1050,168
96148,630,281,349,58.9,69,561,155
96150,29457,15130,14327,40,4779,24678,5121
96155,0,0,0,-,0,0,0
96161,19146,9911,9235,42.9,4062,15084,3260
96701,41560,20599,20961,43.7,6974,34586,9339
96703,3133,1443,1690,40.2,798,2335,646
96704,8543,4471,4072,49.9,1300,7243,2287
96705,2299,1219,1080,35.4,592,1707,277
96706,82504,41657,40847,33.7,23019,59485,9106
96707,49623,24913,24710,34.9,13178,36445,5735
96708,11511,5809,5702,39.8,2501,9010,2013
96710,267,162,105,60.4,7,260,85
96712,8359,4181,4178,39.9,1707,6652,1881
96713,902,366,536,53.1,123,779,247
96714,1278,666,612,41.6,381,897,289
96716,2284,1214,1070,43.2,324,1960,406
96717,4555,2541,2014,33.8,1343,3212,570
96719,1318,564,754,44,280,1038,390
96720,50453,24548,25905,41.7,10637,39816,11273
96722,2141,924,1217,53.2,412,1729,686
96725,4610,2334,2276,45.7,1042,3568,1126
96726,32,32,0,-,0,32,32
96727,4721,2460,2261,39.9,1128,3593,849
96728,413,193,220,46.1,89,324,94
96729,1436,736,700,38.9,372,1064,274
96730,1463,714,749,36.4,371,1092,188
96731,2742,1243,1499,33,877,1865,391
96732,25902,12609,13293,43.8,5454,20448,5512
96734,51966,26534,25432,36.8,11976,39990,8801
96737,3556,1801,1755,47.4,695,2861,824
96738,7797,3818,3979,38.9,2160,5637,1483
96740,40886,20281,20605,42.6,8264,32622,8576
96741,6231,3243,2988,43,1437,4794,1387
96742,50,34,16,43.3,0,50,11
96743,13589,6580,7009,41.7,3304,10285,3048
96744,55888,27587,28301,44.2,10919,44969,12881
96746,20473,10543,9930,45.3,3995,16478,4447
96747,1498,883,615,39.5,358,1140,281
96748,4827,2502,2325,37.9,1289,3538,1047
96749,18482,9275,9207,44.5,3899,14583,3887
96750,3557,1839,1718,43.9,833,2724,952
96751,155,44,111,54.9,0,155,68
96752,3221,1614,1607,41.8,736,2485,612
96753,28909,14053,14856,43.8,4918,23991,5716
96754,4397,2182,2215,42.1,841,3556,990
96755,3386,1588,1798,49.4,607,2779,1068
96756,5804,2885,2919,45.4,1310,4494,1495
96757,739,382,357,42.7,251,488,207
96759,277,138,139,50.9,49,228,88
96760,3908,1838,2070,49.9,685,3223,909
96761,23214,11690,11524,40.8,4995,18219,4226
96762,5774,2671,3103,23.9,1373,4401,418
96763,3218,1790,1428,42.2,631,2587,667
96764,495,227,268,57.4,93,402,112
96765,733,365,368,31.7,209,524,145
96766,17604,8553,9051,39.5,3937,13667,3302
96768,18662,9368,9294,44.8,3552,15110,3796
96769,309,139,170,27.9,125,184,61
96770,465,247,218,57.6,89,376,137
96771,7238,3381,3857,40.2,1816,5422,1105
96772,2716,1447,1269,45.4,581,2135,766
96773,154,67,87,56.6,17,137,28
96774,294,158,136,61.5,18,276,140
96776,1507,696,811,38.8,332,1175,328
96777,1949,868,1081,26.7,638,1311,374
96778,14310,8100,6210,43.5,3324,10986,3062
96779,2489,1321,1168,42.3,385,2104,434
96780,459,226,233,57.2,89,370,133
96781,1629,849,780,46.7,248,1381,292
96782,38674,19423,19251,42.3,7376,31298,9182
96783,1674,873,801,38.7,419,1255,274
96785,4220,2152,2068,59.2,519,3701,1413
96786,42778,22482,20296,28,12599,30179,4562
96789,54362,27996,26366,41.8,11425,42937,10147
96790,9077,4361,4716,48.1,1989,7088,2187
96791,6419,3194,3225,44.7,990,5429,1498
96792,51367,25284,26083,33.5,16068,35299,6677
96793,33414,17070,16344,38.2,8722,24692,5374
96795,10307,5256,5051,36.2,2678,7629,1958
96796,1951,892,1059,44.1,347,1604,465
96797,72605,35403,37202,40.6,14491,58114,14495
96813,25957,12908,13049,43.7,3635,22322,5053
96814,22723,12100,10623,44.2,2795,19928,4871
96815,27010,13721,13289,46.9,2840,24170,6414
96816,50793,24904,25889,46.6,7612,43181,12784
96817,55316,27479,27837,45.5,9726,45590,13364
96818,57938,29390,28548,32.9,16219,41719,6973
96819,52328,27011,25317,39.5,11663,40665,9266
96820,0,0,0,-,0,0,0
96821,18802,9013,9789,49.8,2932,15870,5478
96822,45038,22041,22997,42.5,6536,38502,10373
96825,30444,15310,15134,49,6095,24349,8302
96826,30068,15557,14511,43.2,3740,26328,6598
96848,467,242,225,23.8,16,451,0
96850,0,0,0,-,0,0,0
96853,522,376,146,22,0,522,0
96857,4620,4027,593,22.3,0,4620,0
96858,312,286,26,23.5,0,312,0
96859,0,0,0,-,0,0,0
96860,4009,3492,517,22.6,0,4009,0
96863,2530,2412,118,21.6,0,2530,0
97001,386,212,174,46.4,6,380,45
97002,6305,3237,3068,46.3,1452,4853,1385
97003,28639,14588,14051,35.2,5723,22916,3704
97004,4352,2297,2055,49.8,763,3589,895
97005,27543,14173,13370,34.9,5637,21906,4095
97006,45090,22304,22786,34.7,10179,34911,5005
97007,48524,23678,24846,40.6,10660,37864,6767
97008,29832,15123,14709,38.8,6103,23729,4450
97009,8538,4437,4101,47,1744,6794,2020
97011,903,445,458,34.5,106,797,179
97013,24815,12345,12470,41.7,5717,19098,4981
97014,1491,755,736,49.8,217,1274,356
97015,23996,12000,11996,38.5,5160,18836,4222
97016,6551,3311,3240,46.5,1147,5404,1354
97017,3563,1894,1669,43,721,2842,473
97018,1773,931,842,47.9,402,1371,411
97019,2864,1234,1630,38.7,749,2115,488
97020,1151,622,529,37.9,204,947,177
97021,1386,826,560,40.6,342,1044,315
97022,3213,1608,1605,50.6,553,2660,762
97023,11279,5602,5677,45.8,2009,9270,2375
97024,11488,5541,5947,35.5,2179,9309,1438
97026,3487,1933,1554,33.9,1019,2468,369
97027,12442,6323,6119,43.3,2189,10253,2371
97028,190,155,35,74.4,0,190,141
97029,390,173,217,36.5,84,306,77
97030,38947,19191,19756,36.6,8343,30604,6234
97031,19376,9601,9775,39.6,4637,14739,3097
97032,4736,2427,2309,40.8,1113,3623,579
97033,132,50,82,59.8,19,113,28
97034,20930,10876,10054,49,4711,16219,5130
97035,26179,13134,13045,41.4,5971,20208,5069
97037,839,417,422,56.3,104,735,345
97038,16423,8053,8370,36,3936,12487,2482
97039,464,228,236,36.3,125,339,56
97040,1701,932,769,40.4,419,1282,291
97041,3171,1605,1566,41.3,566,2605,678
97042,3009,1526,1483,49.7,461,2548,661
97045,57575,28429,29146,39.8,12406,45169,10047
97048,7283,3702,3581,47.5,1441,5842,1771
97049,1956,1123,833,50.5,267,1689,380
97050,220,133,87,56.5,41,179,78
97051,17543,9002,8541,38.1,3846,13697,2850
97053,3662,1961,1701,55.1,477,3185,931
97054,1313,661,652,56.1,99,1214,451
97055,19621,9734,9887,37.8,4294,15327,2848
97056,12645,6419,6226,42,2758,9887,2347
97057,18,9,9,49.5,7,11,7
97058,20855,10478,10377,38.7,4648,16207,4055
97060,22145,11732,10413,34.6,6182,15963,2523
97062,28845,14423,14422,38.5,6403,22442,4293
97063,862,458,404,62,88,774,361
97064,3462,1758,1704,42.4,764,2698,604
97065,694,348,346,52.5,88,606,202
97067,1805,937,868,53.5,274,1531,618
97068,30336,15013,15323,44.9,7508,22828,5648
97070,26001,13006,12995,39.5,4993,21008,4487
97071,31534,15254,16280,39,8302,23232,5756
97078,24790,12227,12563,36.6,5327,19463,3072
97080,47168,23347,23821,39.2,10914,36254,7497
97086,32537,16418,16119,40.9,7475,25062,5976
97089,14503,7321,7182,42.7,3387,11116,2710
97101,3890,2011,1879,39,734,3156,527
97102,420,213,207,63.7,35,385,207
97103,17914,9228,8686,42.6,3483,14431,3651
97106,4770,2402,2368,39.4,1097,3673,718
97107,2377,1142,1235,45.7,501,1876,550
97108,759,349,410,55,105,654,303
97109,553,304,249,42,126,427,53
97110,1185,510,675,54.5,142,1043,280
97111,4131,2120,2011,40.8,815,3316,749
97112,2110,1002,1108,45.8,411,1699,446
97113,14984,7454,7530,39,3441,11543,2082
97114,4999,2590,2409,39.9,1307,3692,1064
97115,3937,2079,1858,41.8,964,2973,644
97116,29182,13909,15273,36.6,6703,22479,4591
97117,866,400,466,36.7,341,525,111
97118,716,379,337,53.3,124,592,226
97119,5398,2766,2632,44.3,1190,4208,945
97121,1714,635,1079,38.8,239,1475,451
97122,373,195,178,45.9,121,252,107
97123,48218,23966,24252,36.3,11012,37206,6325
97124,54493,28341,26152,34.3,11544,42949,6174
97125,88,34,54,64.7,8,80,42
97127,4391,2327,2064,34,1086,3305,503
97128,38272,18767,19505,41.4,8324,29948,7981
97130,718,358,360,65,15,703,359
97131,2587,1377,1210,57.6,360,2227,836
97132,31289,15389,15900,35.5,6929,24360,5111
97133,5708,2990,2718,43.1,1186,4522,1108
97134,144,64,80,65.7,13,131,88
97135,1593,831,762,47.1,333,1260,571
97136,2170,1026,1144,55.1,343,1827,769
97137,1152,617,535,39,299,853,156
97138,11260,5372,5888,46.5,1993,9267,2904
97140,28438,13698,14740,37,7688,20750,2897
97141,12795,6737,6058,45.4,2456,10339,2825
97144,111,57,54,44.8,19,92,0
97145,224,117,107,66.1,23,201,113
97146,7438,3781,3657,42.3,1534,5904,1710
97147,429,174,255,49.5,59,370,163
97148,2966,1618,1348,36.4,809,2157,443
97149,549,209,340,34.7,170,379,49
97201,17508,8779,8729,32.3,1263,16245,2899
97202,43687,21211,22476,37.3,7354,36333,5673
97203,33327,16597,16730,33.2,6963,26364,3130
97204,1008,635,373,40.2,16,992,113
97205,8861,4586,4275,41.4,780,8081,1462
97206,51062,25155,25907,38.7,8873,42189,6681
97208,0,0,0,-,0,0,0
97209,20445,10680,9765,37.3,731,19714,3091
97210,12007,6189,5818,36.6,1260,10747,1823
97211,34376,16776,17600,38.4,5918,28458,3924
97212,27902,13975,13927,41.1,5449,22453,4191
97213,31810,16359,15451,42.3,5588,26222,4693
97214,28656,14514,14142,36.5,2939,25717,2969
97215,17780,8982,8798,40.8,2841,14939,2604
97216,17449,8877,8572,39.8,3402,14047,2736
97217,34884,17566,17318,38,5000,29884,4298
97218,15094,7328,7766,35.9,2772,12322,1514
97219,44074,20571,23503,40.6,8837,35237,7450
97220,28041,14836,13205,40.3,4516,23525,4435
97221,13154,6211,6943,42.3,2962,10192,2394
97222,37058,18524,18534,39.6,6602,30456,6033
97223,50027,25402,24625,39.1,10162,39865,7222
97224,36591,17485,19106,45.3,6841,29750,9179
97225,26139,13346,12793,38.7,4437,21702,5110
97227,6199,3046,3153,35.1,369,5830,601
97229,74755,37407,37348,37.9,20303,54452,8341
97230,41799,21649,20150,39,7964,33835,7563
97231,3835,1913,1922,53,548,3287,957
97232,14941,7852,7089,34.9,1786,13155,2117
97233,37625,17934,19691,36.2,8794,28831,4639
97236,39033,19263,19770,37.9,9439,29594,5069
97239,18337,8874,9463,39.2,2568,15769,3384
97258,0,0,0,-,0,0,0
97266,35719,18358,17361,38.6,6797,28922,4753
97267,31130,14248,16882,44.3,5289,25841,7327
97301,55386,29443,25943,34,12078,43308,6958
97302,41382,19772,21610,39.3,9124,32258,8315
97303,41143,19030,22113,35.7,10281,30862,6567
97304,34148,16800,17348,39.4,8145,26003,6832
97305,44994,23396,21598,32,11799,33195,5720
97306,34946,17345,17601,38.1,8612,26334,5412
97310,1099,1098,1,37.4,0,1099,55
97317,25884,13568,12316,40.4,4922,20962,4895
97321,29970,15209,14761,40.6,6766,23204,5045
97322,37008,18411,18597,36.4,9306,27702,6133
97324,1273,677,596,55.5,204,1069,272
97325,6943,3681,3262,39.2,1640,5303,886
97326,865,483,382,49.3,165,700,214
97327,3020,1414,1606,49.4,506,2514,771
97329,68,45,23,56.5,0,68,18
97330,44744,22420,22324,32.6,6636,38108,7430
97331,3533,1857,1676,19,18,3515,0
97333,23028,11964,11064,30,3127,19901,3763
97335,249,196,53,44.3,53,196,45
97336,78,61,17,54.8,25,53,5
97338,23201,11063,12138,42.2,4504,18697,5477
97341,3315,1577,1738,60,308,3007,1172
97342,116,70,46,58.1,18,98,43
97343,484,247,237,49.4,44,440,133
97344,1605,837,768,35.2,296,1309,223
97345,434,259,175,41.8,121,313,135
97346,1031,561,470,53.6,217,814,357
97347,1457,577,880,48.6,298,1159,322
97348,1986,966,1020,38.7,425,1561,243
97350,141,81,60,67.4,2,139,89
97351,11144,5764,5380,32.2,2741,8403,1082
97352,6488,3063,3425,36,2001,4487,850
97355,32777,16348,16429,42.6,6580,26197,7152
97357,163,62,101,68.6,12,151,120
97358,2417,1173,1244,51.9,337,2080,722
97360,2183,1080,1103,34.2,650,1533,360
97361,13557,6722,6835,27.7,2857,10700,1855
97362,4107,1828,2279,39.7,1094,3013,928
97364,498,209,289,38.8,123,375,70
97365,10866,5259,5607,47.8,1871,8995,3015
97366,1979,895,1084,60.6,303,1676,839
97367,11230,5460,5770,53.3,1763,9467,3524
97368,3012,1533,1479,50.5,605,2407,897
97369,274,162,112,68,0,274,164
97370,9193,4436,4757,44.2,1557,7636,1953
97371,607,302,305,54.5,117,490,220
97373,172,162,10,25,0,172,23
97374,4364,2163,2201,53.1,890,3474,1292
97375,1336,624,712,37,385,951,165
97376,1097,620,477,60.2,38,1059,391
97377,581,287,294,33.9,89,492,91
97378,10523,6006,4517,41.8,1587,8936,1832
97380,2297,1075,1222,36.3,591,1706,343
97381,15526,7378,8148,39.9,4030,11496,2667
97383,9992,4873,5119,39,2457,7535,1814
97384,86,47,39,67.1,0,86,47
97385,3913,2042,1871,46.1,1000,2913,1048
97386,15437,7776,7661,45.9,3056,12381,3447
97388,920,409,511,57.4,183,737,325
97389,1658,884,774,41.9,296,1362,239
97390,515,244,271,68.5,0,515,374
97391,6076,2892,3184,46.2,1369,4707,1217
97392,6584,3340,3244,40.6,1582,5002,1362
97394,5355,2593,2762,59.3,634,4721,2029
97396,3349,1585,1764,41.4,612,2737,482
97401,48214,23043,25171,29.5,5413,42801,8470
97402,52925,26761,26164,36.6,10528,42397,7934
97403,15303,6769,8534,21.9,1523,13780,1601
97404,34338,16681,17657,41.1,6980,27358,6869
97405,46695,23228,23467,45.5,7817,38878,10431
97406,303,173,130,53.3,35,268,93
97408,14767,7031,7736,43.1,2922,11845,3543
97410,436,269,167,64.1,0,436,200
97411,7328,3500,3828,57.8,951,6377,2639
97412,633,340,293,45.3,118,515,137
97413,892,466,426,53.2,96,796,307
97414,272,137,135,67,52,220,158
97415,14372,6920,7452,56.9,2145,12227,4909
97416,1250,658,592,31.4,328,922,211
97417,2415,1061,1354,44.7,511,1904,841
97419,759,369,390,60.6,73,686,282
97420,28178,13963,14215,43.8,5071,23107,6635
97423,5945,2921,3024,48.6,1246,4699,1788
97424,18382,9510,8872,43.3,3462,14920,3767
97426,10209,5413,4796,40.9,2278,7931,1947
97429,821,462,359,54.4,97,724,180
97430,374,220,154,57.5,34,340,109
97431,2446,1197,1249,40.9,558,1888,608
97432,187,145,42,25.3,83,104,43
97434,817,484,333,47.1,126,691,179
97435,2594,1252,1342,49.9,458,2136,566
97436,703,384,319,55.2,125,578,212
97437,2483,1089,1394,48.9,561,1922,507
97438,1296,651,645,47.8,285,1011,160
97439,15636,7135,8501,59.8,1956,13680,6286
97441,278,95,183,26.1,134,144,59
97442,1954,1076,878,57.5,292,1662,695
97443,3253,1566,1687,32.9,745,2508,774
97444,5888,2910,2978,51.8,855,5033,1886
97446,5405,2767,2638,33.6,1556,3849,488
97447,581,280,301,38.8,84,497,61
97448,14618,7496,7122,43,2782,11836,2922
97449,2115,1068,1047,63.1,218,1897,869
97450,765,401,364,62.7,160,605,313
97451,561,249,312,52.7,84,477,160
97452,1674,885,789,48.5,362,1312,392
97453,845,409,436,61.2,108,737,311
97454,1076,638,438,48.5,162,914,189
97455,2252,1185,1067,45.7,519,1733,623
97456,3190,1498,1692,41.6,684,2506,599
97457,9632,5124,4508,49.9,1569,8063,2630
97458,4754,2261,2493,53.3,847,3907,1289
97459,15054,7655,7399,48.3,2948,12106,3759
97461,981,513,468,53.4,190,791,233
97462,4251,2077,2174,54.4,892,3359,1368
97463,3957,1846,2111,48.2,794,3163,992
97465,1804,981,823,59.8,120,1684,685
97466,1255,715,540,40.3,367,888,258
97467,5425,2538,2887,53.9,949,4476,1816
97469,2788,1395,1393,43.6,671,2117,536
97470,19064,9413,9651,40.8,3802,15262,4028
97471,32182,16010,16172,45.8,6314,25868,8340
97473,315,155,160,60.1,16,299,71
97476,302,155,147,71.3,0,302,191
97477,38105,19172,18933,39.6,7332,30773,6949
97478,39268,19792,19476,38.9,8555,30713,7268
97479,10265,5025,5240,46.9,1903,8362,2658
97480,328,181,147,59.8,38,290,95
97481,781,564,217,41.8,185,596,107
97484,225,87,138,39.7,40,185,59
97486,688,325,363,56,154,534,221
97487,8809,4559,4250,49.3,1692,7117,2135
97488,893,483,410,62.4,58,835,415
97489,972,536,436,49.9,162,810,173
97490,499,275,224,42.3,101,398,57
97492,1043,568,475,65.3,160,883,527
97493,324,168,156,65.6,37,287,200
97494,28,28,0,-,0,28,0
97495,1798,935,863,60,279,1519,659
97496,7289,3546,3743,46.1,1544,5745,1882
97497,1283,706,577,57.2,169,1114,458
97498,2044,911,1133,58.1,224,1820,691
97499,1782,904,878,56.2,256,1526,593
97501,45900,22749,23151,37.5,9642,36258,7820
97502,29271,14104,15167,42.8,6104,23167,6065
97503,14539,7904,6635,35.7,3888,10651,2128
97504,49426,24482,24944,41.4,11143,38283,11358
97520,26556,12519,14037,48.8,3795,22761,7360
97522,585,341,244,38,157,428,129
97523,6436,3162,3274,47.3,1271,5165,1982
97524,15693,7869,7824,42.1,3780,11913,3734
97525,4981,2430,2551,54.5,790,4191,1519
97526,35742,17163,18579,46.6,6548,29194,9144
97527,37051,18172,18879,46.4,7509,29542,9492
97530,8544,4275,4269,52.3,1451,7093,2459
97531,321,269,52,67.4,0,321,290
97532,2580,1235,1345,52.8,364,2216,769
97534,668,242,426,66.3,0,668,369
97535,4863,2328,2535,50.4,542,4321,1614
97536,1165,578,587,54.3,237,928,310
97537,6725,3170,3555,46.6,1279,5446,2038
97538,2113,1051,1062,40.4,530,1583,443
97539,3213,1172,2041,58.8,427,2786,1028
97540,8641,4150,4491,41.5,1651,6990,1908
97541,1593,896,697,40.7,377,1216,281
97543,594,308,286,47.5,138,456,131
97544,2115,1186,929,47.5,381,1734,577
97601,22302,11356,10946,40.2,4551,17751,4282
97603,32376,15203,17173,38.5,7908,24468,6503
97604,0,0,0,-,0,0,0
97620,39,18,21,67.3,6,33,21
97621,239,178,61,69.8,25,214,125
97622,223,134,89,61,12,211,70
97623,2705,1440,1265,52.4,471,2234,988
97624,3643,1851,1792,57.4,484,3159,1215
97625,124,51,73,51.8,29,95,34
97626,223,188,35,62.2,0,223,57
97627,654,409,245,49.7,211,443,101
97630,5285,2936,2349,45.5,1015,4270,1290
97632,1608,955,653,36.1,446,1162,214
97633,1526,909,617,31.2,443,1083,210
97634,445,237,208,38.7,110,335,138
97635,345,129,216,54.2,123,222,24
97636,396,209,187,36.4,100,296,72
97637,115,67,48,43.8,16,99,32
97638,427,242,185,43.3,86,341,63
97639,33,12,21,75.8,0,33,33
97640,130,71,59,61.9,15,115,54
97641,1410,750,660,53.8,197,1213,479
97701,41577,21178,20399,36.9,8817,32760,7320
97702,52420,26571,25849,42.2,11005,41415,10008
97703,33279,16924,16355,44.7,5561,27718,6059
97707,6326,3511,2815,60.1,643,5683,2365
97709,0,0,0,-,0,0,0
97710,68,32,36,59.8,5,63,21
97711,38,19,19,66,3,35,21
97712,58,38,20,35.5,0,58,13
97720,4406,2153,2253,46.7,809,3597,1139
97721,220,132,88,60.4,40,180,97
97722,33,19,14,56.1,3,30,8
97730,321,185,136,53.2,85,236,125
97731,273,150,123,38.2,59,214,50
97732,142,66,76,49,13,129,31
97733,468,237,231,60,0,468,136
97734,3746,1953,1793,37.9,833,2913,517
97735,157,102,55,57.2,18,139,69
97736,112,71,41,45.5,14,98,26
97737,492,250,242,61,80,412,175
97738,2226,1206,1020,40.6,523,1703,478
97739,13490,6813,6677,55.2,1834,11656,3785
97741,13390,6891,6499,39.2,3575,9815,2362
97750,402,202,200,56.1,88,314,139
97751,118,46,72,33.5,47,71,15
97752,0,0,0,-,0,0,0
97753,3174,1608,1566,59.5,361,2813,1210
97754,21552,10774,10778,45,4508,17044,4909
97756,43545,20662,22883,39.2,9354,34191,8095
97758,67,21,46,49.5,17,50,25
97759,7687,3749,3938,53.9,1324,6363,2952
97760,7825,3650,4175,55,980,6845,2313
97761,3229,1706,1523,31.2,893,2336,344
97801,21748,11663,10085,38,4983,16765,3835
97810,1047,459,588,44.6,268,779,222
97812,883,468,415,39.9,249,634,164
97813,1468,808,660,38.2,240,1228,220
97814,12636,6525,6111,44.8,2678,9958,3197
97817,37,19,18,12.1,23,14,3
97818,5252,2639,2613,30.7,1643,3609,584
97819,18,11,7,60.5,0,18,7
97820,1137,542,595,47,203,934,195
97823,1060,549,511,62.7,119,941,443
97824,1965,995,970,43.2,386,1579,473
97825,407,235,172,38.9,134,273,92
97826,1185,646,539,31.3,465,720,154
97827,2599,1439,1160,47.1,549,2050,649
97828,3301,1599,1702,45.9,673,2628,847
97830,635,306,329,61.5,74,561,243
97833,644,300,344,52.9,139,505,216
97834,1431,760,671,45.6,334,1097,397
97835,488,218,270,41.5,115,373,94
97836,2176,1109,1067,45.7,403,1773,509
97837,50,41,9,61.5,2,48,13
97838,27713,13989,13724,34.5,7656,20057,3724
97839,294,132,162,46.8,49,245,80
97840,82,56,26,37.9,15,67,17
97841,491,261,230,50.9,85,406,126
97842,85,55,30,71.3,0,85,56
97843,790,399,391,50,137,653,195
97844,3633,1896,1737,35.4,1056,2577,595
97845,2300,1158,1142,53.3,335,1965,756
97846,2062,977,1085,56.1,303,1759,695
97848,215,129,86,51.5,54,161,55
97850,16646,8162,8484,37,3628,13018,3263
97856,498,247,251,52.5,96,402,184
97857,649,327,322,54.5,122,527,245
97859,235,127,108,48,94,141,33
97862,12460,6188,6272,38.3,3294,9166,2417
97864,295,142,153,61,33,262,141
97865,1133,608,525,50.7,170,963,417
97867,1001,495,506,42.1,294,707,242
97868,1594,829,765,47.8,324,1270,392
97869,938,466,472,53.4,133,805,305
97870,580,251,329,57,66,514,178
97873,167,73,94,54.6,19,148,46
97874,366,184,182,52,75,291,114
97875,2608,1137,1471,40.4,483,2125,420
97876,1085,535,550,43,257,828,231
97877,319,153,166,69.5,31,288,215
97880,348,157,191,53.2,51,297,123
97882,8081,5202,2879,36.8,1597,6484,1002
97883,2575,1337,1238,41.4,574,2001,504
97884,122,63,59,69.2,7,115,74
97885,1342,715,627,42.1,352,990,307
97886,948,480,468,39.8,216,732,170
97901,676,273,403,44.7,173,503,155
97902,27,18,9,18.5,13,14,2
97903,24,13,11,76.1,0,24,18
97904,222,92,130,50.6,40,182,87
97905,104,54,50,54.7,0,104,16
97906,322,157,165,30.8,117,205,41
97907,761,428,333,50.1,95,666,234
97908,25,15,10,58.6,5,20,7
97909,22,11,11,-,0,22,0
97910,627,361,266,40.5,226,401,110
97911,52,30,22,57,4,48,20
97913,5475,2893,2582,25.9,1925,3550,722
97914,19802,11450,8352,36.7,4266,15536,3348
97917,41,9,32,31,0,41,0
97918,4389,2100,2289,39.6,1228,3161,835
97920,28,14,14,53.5,0,28,11
98001,35842,18272,17570,40.4,8392,27450,4942
98002,36812,18325,18487,36,8973,27839,5789
98003,51329,25894,25435,36.4,12198,39131,7957
98004,39161,20316,18845,37.8,6308,32853,5690
98005,22030,11245,10785,36.9,4868,17162,2904
98006,39753,19937,19816,43.3,9226,30527,6167
98007,27571,14289,13282,33.1,5215,22356,2946
98008,27060,13872,13188,43.4,5571,21489,5293
98010,6128,3307,2821,41,1426,4702,791
98011,27573,13494,14079,38.3,5994,21579,3779
98012,75555,37476,38079,35.4,19358,56197,7613
98014,7626,3648,3978,42.1,1786,5840,1130
98019,11281,5376,5905,36.9,3249,8032,965
98020,19323,8814,10509,49.6,3184,16139,5426
98021,34993,17330,17663,37.8,9468,25525,4318
98022,22163,11492,10671,43.3,4573,17590,4553
98023,50778,25979,24799,38.4,11029,39749,6598
98024,5066,2609,2457,50.5,967,4099,1193
98025,0,0,0,-,0,0,0
98026,39035,19489,19546,43.3,7360,31675,7184
98027,27915,14233,13682,40.4,5262,22653,4334
98028,23611,12188,11423,38.8,4941,18670,3794
98029,31227,15044,16183,36.5,7693,23534,3285
98030,38798,19574,19224,34.7,9682,29116,4233
98031,41615,21479,20136,35.6,10001,31614,4678
98032,39126,19837,19289,32.6,9628,29498,3879
98033,40425,19650,20775,38.6,8236,32189,5461
98034,52636,27242,25394,37.5,10314,42322,7692
98036,42164,21067,21097,39.1,8410,33754,6294
98037,29720,14337,15383,38.8,6116,23604,4555
98038,37877,19223,18654,38.3,11124,26753,4244
98039,2923,1419,1504,47.4,756,2167,534
98040,25464,12008,13456,45.3,5882,19582,5205
98042,49338,25374,23964,39.8,11914,37424,6124
98043,21347,10479,10868,38.6,3929,17418,3288
98045,15412,7807,7605,40.6,3467,11945,1912
98047,7014,3043,3971,32.9,1669,5345,722
98050,73,73,0,-,0,73,73
98051,3827,1911,1916,41.8,851,2976,551
98052,77324,40381,36943,35,17486,59838,8641
98053,22765,11093,11672,44.1,5800,16965,4499
98055,24429,12480,11949,33.9,5227,19202,2982
98056,36116,17951,18165,38.1,7038,29078,4912
98057,12774,6760,6014,36.3,1601,11173,1857
98058,42046,20562,21484,38.4,9175,32871,6185
98059,41619,20836,20783,38.8,10030,31589,5332
98065,15960,7961,7999,38.9,4718,11242,1359
98068,528,272,256,55.9,61,467,139
98070,10939,5066,5873,52.1,1938,9001,2974
98072,25034,12605,12429,43,5313,19721,3934
98074,31026,15307,15719,38.5,9780,21246,2413
98075,25202,12351,12851,40.9,7175,18027,2256
98077,14287,7190,7097,44.1,3298,10989,2386
98087,41849,21179,20670,33.8,9248,32601,3702
98092,50679,25543,25136,36.1,13069,37610,5317
98101,16302,9198,7104,34.7,529,15773,2308
98102,25827,14261,11566,33.4,1378,24449,1916
98103,51878,25201,26677,33.5,6761,45117,5731
98104,15052,9170,5882,36,844,14208,2877
98105,50302,25660,24642,24.3,5499,44803,3843
98106,28243,13943,14300,36.1,5141,23102,3227
98107,28170,14322,13848,34,3357,24813,2709
98108,23762,11970,11792,37.4,5155,18607,3553
98109,32251,17341,14910,32.1,1944,30307,2800
98110,24681,12195,12486,49.5,5125,19556,6743
98112,23456,11743,11713,41.1,3933,19523,3695
98115,54457,27212,27245,37.2,9838,44619,7278
98116,27871,13776,14095,39.6,4363,23508,4107
98117,36115,18306,17809,39.8,7331,28784,4797
98118,48874,24340,24534,38,9829,39045,6739
98119,25906,12473,13433,34.1,2891,23015,2976
98121,20562,11773,8789,33.6,288,20274,2344
98122,41268,21691,19577,31.3,3763,37505,3364
98125,43993,22674,21319,37.6,6836,37157,7491
98126,21102,9940,11162,38.6,4211,16891,2691
98133,50921,24908,26013,40.2,8231,42690,9264
98134,852,667,185,35,0,852,179
98136,17420,8884,8536,40.1,2889,14531,2536
98144,32540,17410,15130,38.7,4703,27837,5471
98146,28088,14445,13643,39.3,5930,22158,4124
98148,10652,5623,5029,36.1,2313,8339,1250
98154,0,0,0,-,0,0,0
98155,35550,17415,18135,40.4,6916,28634,6310
98158,0,0,0,-,0,0,0
98164,239,155,84,38.7,20,219,32
98166,22418,11479,10939,43.1,4266,18152,4356
98168,35050,18206,16844,37.9,7498,27552,4741
98174,0,0,0,-,0,0,0
98177,21114,10402,10712,45.4,4414,16700,4461
98178,26760,13523,13237,39.8,5632,21128,4412
98188,27523,15107,12416,36.7,5613,21910,3662
98195,2398,1172,1226,19.1,61,2337,0
98198,38942,19112,19830,36.7,8570,30372,6039
98199,22359,11384,10975,39.8,4328,18031,3442
98201,30587,16341,14246,40.4,5625,24962,5181
98203,36448,18226,18222,39.2,7436,29012,5369
98204,41709,20824,20885,33.2,9466,32243,4744
98207,1143,891,252,23,0,1143,0
98208,60723,31564,29159,36.7,13936,46787,8341
98220,577,292,285,41.4,47,530,21
98221,22969,11401,11568,50.5,3874,19095,7018
98222,117,64,53,63.8,0,117,55
98223,46117,23135,22982,40.9,10709,35408,7119
98224,220,131,89,57,12,208,53
98225,49667,24346,25321,31.4,5457,44210,7861
98226,45703,22592,23111,40.1,8178,37525,8834
98229,34157,16658,17499,39.6,6661,27496,6636
98230,18605,9456,9149,44.5,3915,14690,4377
98232,3939,2005,1934,48.7,653,3286,894
98233,16952,8084,8868,39.6,3683,13269,2988
98235,570,253,317,28.1,173,397,62
98236,6790,3189,3601,50.3,1217,5573,2110
98237,4979,2661,2318,38.8,1213,3766,1113
98238,45,45,0,-,0,45,0
98239,7634,3812,3822,59.8,1034,6600,2885
98240,3426,1715,1711,40.7,983,2443,408
98241,2150,1110,1040,48.6,402,1748,601
98243,297,178,119,57.1,14,283,67
98244,3284,1543,1741,48.3,480,2804,766
98245,4088,2155,1933,53.7,501,3587,1312
98247,8468,4592,3876,36.1,2139,6329,1469
98248,27147,13509,13638,36.7,6721,20426,4649
98249,4372,2231,2141,57.4,564,3808,1454
98250,8953,4214,4739,54.4,1267,7686,2965
98251,4703,2428,2275,40.4,1005,3698,570
98252,9905,4893,5012,40.5,2172,7733,1605
98253,2106,964,1142,63.2,189,1917,937
98255,312,154,158,45.8,61,251,30
98256,318,143,175,47.1,56,262,85
98257,4484,2164,2320,59.9,570,3914,1763
98258,50582,25608,24974,35.5,13781,36801,5134
98260,5434,2636,2798,63.8,477,4957,2539
98261,3112,1507,1605,59.5,382,2730,1191
98262,965,538,427,62.2,51,914,413
98263,178,81,97,41.2,47,131,4
98264,22334,11180,11154,36,5637,16697,3752
98266,3983,2092,1891,41.7,702,3281,578
98267,160,101,59,59.1,0,160,7
98270,52794,26426,26368,37.6,11557,41237,6956
98271,30262,15491,14771,39.1,6403,23859,5113
98272,31866,17503,14363,37.4,7575,24291,3439
98273,30430,15466,14964,36.4,7527,22903,5690
98274,18360,8979,9381,41.4,4043,14317,4175
98275,21365,10630,10735,43.6,4646,16719,3703
98276,1564,797,767,32.5,430,1134,216
98277,40181,19424,20757,35.1,9214,30967,6454
98278,2351,1989,362,22.2,0,2351,0
98279,614,303,311,61.9,62,552,253
98280,398,201,197,61.8,43,355,182
98281,1249,603,646,56.9,158,1091,377
98282,17642,9164,8478,54.8,2723,14919,5493
98283,466,208,258,41,136,330,59
98284,27688,14035,13653,38.7,6025,21663,4271
98286,158,93,65,67.3,19,139,87
98288,180,118,62,58.4,16,164,67
98290,39873,20532,19341,42.7,8025,31848,6721
98292,25757,12383,13374,41.5,6287,19470,4858
98294,7516,3811,3705,37.2,1679,5837,1056
98295,3033,1599,1434,37.2,905,2128,353
98296,27436,14538,12898,41.4,6100,21336,3300
98297,55,22,33,70.5,0,55,38
98303,1621,887,734,60.2,135,1486,506
98304,925,516,409,55.6,63,862,232
98305,258,122,136,54.5,42,216,90
98310,21692,10723,10969,36.6,4009,17683,3643
98311,27527,14443,13084,36.4,5695,21832,5170
98312,32288,17069,15219,36.6,6719,25569,5232
98314,1565,1190,375,22.1,47,1518,0
98315,6045,3972,2073,22.8,1562,4483,12
98320,1483,784,699,56.2,240,1243,587
98321,16936,8582,8354,40.2,3839,13097,2459
98323,655,361,294,43.1,171,484,104
98325,1481,744,737,57.9,89,1392,446
98326,1066,581,485,38.3,188,878,151
98327,9955,4896,5059,34.2,2596,7359,962
98328,10451,5327,5124,38.8,2975,7476,1419
98329,11223,6017,5206,42.3,2428,8795,2210
98330,24,12,12,-,0,24,0
98331,5671,2844,2827,38.7,1157,4514,1088
98332,19708,8880,10828,47.6,3976,15732,4637
98333,3644,1900,1744,50,743,2901,1066
98335,28002,13518,14484,44.4,6358,21644,6218
98336,594,325,269,32.3,178,416,148
98337,8785,5304,3481,33.3,787,7998,852
98338,32522,17113,15409,39,8599,23923,4293
98339,3295,1629,1666,48.6,534,2761,885
98340,2692,1242,1450,68.3,191,2501,1571
98342,1362,662,700,53.7,226,1136,408
98345,284,159,125,57,0,284,58
98346,9973,4727,5246,50.1,1596,8377,2539
98349,5050,2604,2446,42.6,902,4148,1111
98350,352,177,175,30.9,120,232,54
98351,1119,648,471,62.8,128,991,537
98353,14,14,0,-,0,14,0
98354,8146,3979,4167,37.6,1915,6231,1186
98355,749,411,338,31.9,221,528,28
98356,2367,1282,1085,57.4,325,2042,764
98357,1550,749,801,29.9,429,1121,197
98358,882,477,405,59.8,66,816,329
98359,4889,2595,2294,43.6,1144,3745,1069
98360,14976,7349,7627,37.3,3633,11343,1990
98361,420,180,240,63.8,0,420,199
98362,24544,12592,11952,46.5,4397,20147,6634
98363,14284,7104,7180,46.3,2566,11718,3363
98364,57,18,39,17.4,39,18,0
98365,5259,2617,2642,63.4,638,4621,2450
98366,37437,18987,18450,38.2,8238,29199,6099
98367,31186,15771,15415,41.6,6473,24713,4956
98368,17046,7968,9078,59.6,1914,15132,6609
98370,32862,16553,16309,44.9,6484,26378,7095
98371,22983,11135,11848,39.4,4971,18012,3981
98372,26470,12755,13715,37.6,5891,20579,3729
98373,30096,15171,14925,34.2,7250,22846,3316
98374,45555,22424,23131,36.6,12462,33093,6205
98375,32595,16959,15636,32.2,10107,22488,2632
98376,2109,1092,1017,57.7,267,1842,826
98377,2392,1261,1131,52.8,227,2165,698
98380,5582,2655,2927,41.9,1323,4259,1042
98381,282,126,156,43.5,62,220,60
98382,30777,15005,15772,60.5,3970,26807,12727
98383,22764,11501,11263,38.2,4613,18151,4119
98385,464,256,208,57.6,77,387,105
98387,51384,26395,24989,32.8,13720,37664,4846
98388,7051,3577,3474,38.8,1303,5748,1395
98390,11482,5518,5964,37.2,2502,8980,1738
98391,56646,29031,27615,37.9,15396,41250,6691
98392,3203,1593,1610,45.8,524,2679,784
98394,1244,540,704,44.2,247,997,272
98396,643,337,306,38.1,149,494,150
98402,7088,3538,3550,35.9,305,6783,1101
98403,8613,3778,4835,36.8,1357,7256,1238
98404,36025,18617,17408,35,9193,26832,4433
98405,24264,12302,11962,38.1,4067,20197,3085
98406,22994,11124,11870,41.5,3803,19191,4526
98407,21050,10315,10735,46.3,3742,17308,4513
98408,21438,10568,10870,38.4,4435,17003,2894
98409,28645,14441,14204,30.8,6606,22039,2647
98416,830,428,402,20.1,7,823,0
98418,10082,5563,4519,36.5,1801,8281,1458
98421,790,709,81,39.3,0,790,0
98422,22066,10969,11097,38.9,4935,17131,3600
98424,12026,6262,5764,32.6,3020,9006,964
98430,580,387,193,22.8,0,580,0
98433,20342,12239,8103,23.2,5641,14701,0
98438,560,527,33,22,0,560,0
98439,5679,3202,2477,25.5,1863,3816,136
98443,5899,2814,3085,45,1275,4624,1102
98444,35366,18040,17326,33.8,8365,27001,4030
98445,33252,16466,16786,37.6,7616,25636,5461
98446,13821,7062,6759,36.1,3496,10325,1709
98447,1067,463,604,19.7,0,1067,0
98465,7528,3600,3928,41.1,1218,6310,1534
98466,30405,14537,15868,38.3,6770,23635,5561
98467,15140,7339,7801,40.9,3310,11830,2982
98498,28256,14092,14164,41,4878,23378,5614
98499,34207,16870,17337,34.2,7528,26679,5067
98501,46796,23063,23733,39,11151,35645,7598
98502,35551,17816,17735,38.1,7180,28371,6381
98503,42263,20663,21600,38.9,7891,34372,8183
98505,403,153,250,19.8,3,400,0
98506,18968,9045,9923,47.6,2666,16302,5465
98512,30784,15026,15758,40.9,5607,25177,5471
98513,36988,18726,18262,38.1,8912,28076,6281
98516,27212,13088,14124,39.3,6243,20969,5298
98520,24989,13715,11274,39.3,5602,19387,4194
98524,4226,2344,1882,42.8,1005,3221,876
98526,175,85,90,33.9,35,140,14
98527,244,128,116,62,14,230,88
98528,12393,6675,5718,44.2,2565,9828,2452
98530,558,271,287,35.4,158,400,85
98531,26931,12973,13958,39.2,5903,21028,5309
98532,26624,14077,12547,41,6049,20575,5115
98533,630,363,267,61.5,83,547,227
98535,322,166,156,69.4,0,322,188
98536,0,0,0,-,0,0,0
98537,3008,1482,1526,40.5,751,2257,579
98538,397,209,188,51.3,55,342,130
98539,159,79,80,33.9,24,135,23
98541,10004,5141,4863,44.8,2153,7851,2003
98542,708,379,329,48.7,56,652,194
98544,7,0,7,-,0,7,7
98546,2965,1525,1440,52.1,459,2506,807
98547,1240,622,618,62.6,146,1094,458
98548,2593,1372,1221,62.8,119,2474,1257
98550,12254,6220,6034,43,2468,9786,2684
98552,248,142,106,40.5,62,186,66
98555,238,150,88,69.6,0,238,182
98556,448,448,0,34.9,0,448,0
98557,4144,2008,2136,39.8,949,3195,866
98558,60,39,21,68.9,0,60,41
98559,0,0,0,-,0,0,0
98560,76,40,36,37.4,21,55,7
98562,78,78,0,-,0,78,0
98563,7611,3948,3663,47.8,1547,6064,2290
98564,3106,1571,1535,40.3,814,2292,613
98565,432,219,213,30.5,146,286,29
98566,282,175,107,38.3,84,198,67
98568,2643,1221,1422,46.1,489,2154,480
98569,6945,3358,3587,62,427,6518,2820
98570,4417,1964,2453,43.5,1035,3382,918
98571,76,0,76,-,0,76,0
98572,778,415,363,36.5,222,556,153
98575,134,68,66,60.9,5,129,48
98576,5099,2352,2747,42.2,1242,3857,819
98577,7371,3672,3699,45.5,1580,5791,1847
98579,14259,6935,7324,40.7,3040,11219,2350
98580,11455,5900,5555,46,2367,9088,1996
98581,425,175,250,72.2,0,425,379
98582,236,147,89,57.5,16,220,36
98583,144,60,84,48.5,15,129,29
98584,38615,19795,18820,40.7,8271,30344,7938
98585,580,250,330,53.8,77,503,215
98586,1924,1085,839,45,378,1546,465
98587,959,503,456,40.1,226,733,256
98588,1564,841,723,61.7,70,1494,627
98589,7448,3529,3919,43.6,1309,6139,1487
98590,396,213,183,55,37,359,60
98591,3667,1842,1825,51.3,577,3090,933
98592,1848,895,953,64.3,103,1745,829
98593,1449,768,681,47.3,292,1157,380
98595,2814,1364,1450,45.2,569,2245,627
98596,7483,3835,3648,39.7,1898,5585,1374
98597,25982,13316,12666,35.9,6208,19774,3210
98601,2952,1393,1559,35.7,806,2146,512
98602,124,60,64,64.1,0,124,29
98603,1192,562,630,30.3,369,823,206
98604,37212,18232,18980,38.9,9098,28114,6324
98605,1373,688,685,43.8,219,1154,255
98606,9528,4691,4837,47.1,1989,7539,2114
98607,34877,17640,17237,40.8,9295,25582,4757
98609,0,0,0,-,0,0,0
98610,2846,1417,1429,46.3,567,2279,598
98611,9341,4456,4885,42,2160,7181,2012
98612,3283,1598,1685,55.3,600,2683,1119
98613,602,310,292,52.3,102,500,141
98614,532,235,297,54.6,52,480,152
98616,79,40,39,57.7,11,68,36
98617,1039,477,562,42,207,832,150
98619,659,319,340,53.7,119,540,212
98620,7584,3734,3850,45.4,1611,5973,2057
98621,257,140,117,61.8,0,257,99
98623,36,18,18,-,0,36,0
98624,1706,946,760,43.6,331,1375,454
98625,6827,3555,3272,50.9,1296,5531,1450
98626,27000,13982,13018,40.1,6403,20597,4119
98628,393,177,216,52.6,61,332,100
98629,9783,4728,5055,42.1,2344,7439,2134
98631,3387,1569,1818,57.6,421,2966,1258
98632,50837,24896,25941,40.5,10835,40002,10286
98635,1975,994,981,48.4,502,1473,624
98638,1561,952,609,39.3,352,1209,316
98639,1146,587,559,42.1,240,906,198
98640,4944,2293,2651,64.3,279,4665,2339
98641,55,29,26,66.2,0,55,34
98642,25005,12442,12563,39,6632,18373,4332
98643,482,279,203,36.7,124,358,120
98644,657,294,363,70.6,29,628,399
98645,2044,1128,916,51.7,377,1667,673
98647,272,158,114,62.1,32,240,68
98648,3488,1705,1783,46.7,625,2863,847
98649,849,488,361,45.8,165,684,170
98650,1216,717,499,46.7,208,1008,299
98651,944,479,465,53.8,143,801,209
98660,13146,6416,6730,38.9,2303,10843,2185
98661,49910,24556,25354,35.5,10688,39222,6822
98662,37064,19086,17978,37.6,8173,28891,5745
98663,15365,8344,7021,38.1,3048,12317,2446
98664,23395,10886,12509,41.2,5359,18036,4736
98665,27947,13798,14149,39,5691,22256,4499
98670,61,23,38,54.7,0,61,20
98671,23871,11765,12106,41.3,5047,18824,4051
98672,6997,3733,3264,47.3,1048,5949,1519
98673,502,224,278,48.2,109,393,97
98674,15679,7980,7699,34.7,4873,10806,2627
98675,7198,3751,3447,35,1900,5298,1077
98682,66821,33539,33282,35.5,16738,50083,7768
98683,31504,15462,16042,42.7,6031,25473,6765
98684,36931,18249,18682,35.7,9100,27831,4994
98685,30534,15217,15317,44.9,6893,23641,5843
98686,20518,10454,10064,42.1,4584,15934,3954
98801,44801,22554,22247,36.6,11232,33569,7764
98802,31801,16441,15360,38.7,7918,23883,5992
98811,120,59,61,51.5,0,120,17
98812,5422,3021,2401,29.7,1723,3699,628
98813,3191,1857,1334,28,974,2217,195
98814,688,337,351,58.5,32,656,198
98815,7562,3855,3707,43.6,1816,5746,1295
98816,6901,3594,3307,45.3,1354,5547,1791
98817,143,92,51,35.8,36,107,37
98819,205,114,91,59.4,21,184,66
98821,646,211,435,54.3,0,646,52
98822,1983,939,1044,42.7,308,1675,364
98823,12638,6905,5733,33.5,4077,8561,1807
98824,231,105,126,21.4,84,147,20
98826,7689,3954,3735,56.6,1148,6541,2610
98827,479,230,249,39.1,74,405,107
98828,2075,1034,1041,36.7,481,1594,375
98829,638,272,366,49.5,161,477,198
98830,562,306,256,45.5,133,429,136
98831,3814,1875,1939,47.6,731,3083,864
98832,153,68,85,43.6,27,126,30
98833,153,71,82,48.5,11,142,27
98834,245,128,117,62.1,38,207,100
98836,883,428,455,49.4,276,607,177
98837,46959,22635,24324,34.4,12397,34562,6580
98840,4775,2232,2543,42.1,1224,3551,1152
98841,9218,4297,4921,41.7,2399,6819,1916
98843,2243,1333,910,40.1,346,1897,459
98844,4348,2194,2154,52.2,787,3561,1165
98845,199,96,103,56.1,39,160,50
98846,1381,712,669,32.8,439,942,160
98847,2481,1330,1151,40.1,730,1751,441
98848,12959,6767,6192,29.5,4226,8733,1647
98849,1098,595,503,40.4,224,874,263
98850,1749,770,979,31.3,506,1243,224
98851,5196,2657,2539,35,1596,3600,978
98852,32,11,21,65.1,6,26,17
98853,0,0,0,-,0,0,0
98855,5806,3248,2558,44.4,1278,4528,1292
98856,2497,1268,1229,48.3,446,2051,617
98857,3545,1758,1787,40,952,2593,735
98858,1850,1021,829,51.5,290,1560,335
98859,353,149,204,28.4,102,251,111
98860,229,115,114,58.7,56,173,85
98862,3075,1570,1505,54,530,2545,969
98901,33106,17036,16070,31.1,9061,24045,4050
98902,45929,23125,22804,34.1,12976,32953,6756
98903,17590,8943,8647,34.5,5053,12537,2708
98908,38671,18787,19884,39.8,9669,29002,8088
98921,0,0,0,-,0,0,0
98922,7577,3889,3688,52.5,1159,6418,1818
98923,990,470,520,56.1,62,928,131
98925,533,294,239,57.2,58,475,150
98926,32327,15987,16340,30.5,5842,26485,4675
98930,15089,7335,7754,29.1,5373,9716,1225
98932,4868,2575,2293,24,1678,3190,345
98933,1195,591,604,37,339,856,180
98934,1033,617,416,43,224,809,162
98935,4378,2218,2160,25.8,1399,2979,404
98936,7787,4181,3606,32.3,2308,5479,761
98937,4598,2417,2181,40.1,1152,3446,731
98938,1946,864,1082,31.8,667,1279,287
98939,90,51,39,46.2,31,59,10
98940,409,237,172,57.6,0,409,158
98941,827,479,348,42.5,142,685,112
98942,18047,8439,9608,37.3,4334,13713,2886
98943,715,372,343,35.2,142,573,121
98944,25176,12739,12437,27,9258,15918,2665
98946,363,179,184,49.8,72,291,135
98947,2786,1279,1507,28,1045,1741,184
98948,13015,6855,6160,29.1,3977,9038,1661
98950,54,30,24,40.8,0,54,0
98951,13145,6830,6315,29.5,4169,8976,1509
98952,1724,925,799,33.2,436,1288,239
98953,7043,3467,3576,35,2168,4875,1157
99001,8684,5622,3062,31.9,2107,6577,596
99003,4413,2257,2156,50.9,722,3691,1406
99004,22210,10166,12044,28.7,4087,18123,3137
99005,10457,5476,4981,39.9,2639,7818,1422
99006,13888,6538,7350,43.1,3380,10508,2714
99008,439,212,227,43.6,110,329,120
99009,4868,2496,2372,40.5,1233,3635,805
99011,3184,1864,1320,23.1,1020,2164,0
99012,1111,555,556,38.2,262,849,204
99013,1507,781,726,31.6,485,1022,168
99014,0,0,0,-,0,0,0
99016,19620,9236,10384,38.5,5090,14530,2808
99017,226,120,106,45.3,47,179,16
99018,264,134,130,52,49,215,57
99019,12245,5811,6434,37.9,3624,8621,2213
99020,15,0,15,-,0,15,7
99021,10058,4881,5177,43,2776,7282,1842
99022,9012,4768,4244,40.6,1814,7198,1353
99023,964,464,500,39.5,288,676,128
99025,5668,2908,2760,44.2,1167,4501,1080
99026,8828,4702,4126,51.7,1513,7315,2724
99027,5973,3024,2949,53.7,992,4981,1711
99029,1747,877,870,36.9,426,1321,242
99030,592,324,268,55.1,97,495,134
99031,1110,642,468,47.9,133,977,182
99032,982,519,463,43.5,258,724,172
99033,790,407,383,57.1,133,657,283
99034,215,130,85,40.2,35,180,49
99036,1546,897,649,53.1,266,1280,302
99037,15464,7843,7621,37.5,3687,11777,2590
99039,171,99,72,46.2,38,133,20
99040,643,246,397,48.2,100,543,156
99101,1635,885,750,48.8,328,1307,395
99102,509,244,265,35.6,91,418,83
99103,603,301,302,40.2,169,434,101
99105,31,16,15,56.8,7,24,10
99109,4894,2372,2522,54.9,737,4157,1497
99110,1465,688,777,42.8,288,1177,319
99111,4012,1950,2062,45,835,3177,799
99113,555,271,284,53,98,457,183
99114,12948,6478,6470,43.3,2934,10014,2919
99115,1224,597,627,48.7,250,974,377
99116,1538,829,709,43.9,261,1277,397
99117,568,306,262,48,140,428,155
99118,997,572,425,45.8,247,750,241
99119,1514,847,667,57,282,1232,523
99121,332,94,238,50.9,36,296,59
99122,4037,2087,1950,46.4,884,3153,895
99123,852,421,431,61.6,112,740,368
99124,270,114,156,37.3,82,188,68
99125,626,355,271,38.5,214,412,94
99126,952,391,561,27.8,440,512,100
99128,289,169,120,49.8,58,231,67
99129,690,382,308,42.1,138,552,171
99130,833,385,448,38.4,222,611,142
99131,122,40,82,70.2,2,120,96
99133,1377,653,724,53.6,198,1179,433
99134,572,306,266,45.5,123,449,126
99135,452,261,191,34.9,128,324,102
99136,17,13,4,82.1,0,17,9
99137,399,190,209,46.6,66,333,120
99138,1103,581,522,42.1,269,834,236
99139,800,368,432,58.5,111,689,276
99140,568,302,266,51.3,96,472,174
99141,6160,3066,3094,47.6,1186,4974,1427
99143,691,375,316,55.1,119,572,186
99144,19,8,11,63.4,0,19,7
99146,59,21,38,70.6,0,59,54
99147,152,72,80,67,9,143,86
99148,2358,1151,1207,56.2,340,2018,689
99149,194,98,96,40.7,46,148,29
99150,281,120,161,64.4,6,275,137
99151,182,92,90,48.5,36,146,50
99152,144,88,56,50,12,132,37
99153,432,242,190,56.8,68,364,139
99154,38,21,17,25.5,13,25,5
99155,977,428,549,35.5,228,749,209
99156,9132,4774,4358,48.9,1684,7448,2288
99157,655,319,336,55.5,101,554,211
99158,619,327,292,49.6,146,473,139
99159,1186,582,604,57.9,149,1037,445
99160,47,36,11,59.7,0,47,13
99161,1366,750,616,48.1,288,1078,285
99163,33829,17260,16569,22.9,4321,29508,2480
99166,2936,1443,1493,54.5,473,2463,891
99167,720,425,295,62,67,653,288
99169,2494,1272,1222,44.7,580,1914,507
99170,955,486,469,45.8,242,713,199
99171,969,461,508,55.5,158,811,320
99173,1898,998,900,36.6,552,1346,367
99174,32,17,15,55.9,0,32,10
99176,136,69,67,58.6,8,128,36
99179,568,256,312,34.4,223,345,52
99180,741,338,403,50.1,204,537,197
99181,1928,1022,906,54.4,403,1525,657
99185,1385,661,724,47,381,1004,409
99201,14246,7746,6500,40.3,1494,12752,2410
99202,20829,10664,10165,32.3,3107,17722,2629
99203,21984,10183,11801,43.1,4562,17422,4738
99204,7189,3353,3836,34.8,801,6388,870
99205,44216,21943,22273,36.8,9731,34485,5976
99206,42850,21055,21795,38.1,9331,33519,7670
99207,32219,16989,15230,32.2,6634,25585,3833
99208,58172,29425,28747,40.4,13895,44277,11011
99212,21013,10193,10820,39.6,4346,16667,3666
99216,27302,13753,13549,35.9,5684,21618,4865
99217,19533,9881,9652,39.7,4336,15197,3016
99218,16305,7857,8448,34.8,4389,11916,3184
99223,34868,17453,17415,41.5,7933,26935,7143
99224,24455,11653,12802,39.9,5330,19125,3977
99251,1056,535,521,19.3,8,1048,0
99258,502,225,277,19.8,3,499,0
99301,85210,43467,41743,30.4,27256,57954,8277
99320,10023,4951,5072,36.3,2621,7402,1579
99321,851,413,438,22.6,245,606,20
99322,406,239,167,50.9,74,332,167
99323,4219,2342,1877,32.9,1236,2983,549
99324,10076,4683,5393,33.6,2146,7930,2139
99326,5900,3676,2224,39.8,1281,4619,690
99328,3669,1834,1835,50.5,637,3032,1055
99329,156,84,72,47,31,125,33
99330,876,477,399,40.8,205,671,181
99333,91,65,26,53.3,17,74,14
99335,171,92,79,44.3,32,139,27
99336,51329,24833,26496,33.4,13427,37902,7438
99337,32581,16792,15789,38.5,7671,24910,5445
99338,18312,9560,8752,38.7,5411,12901,2928
99341,736,402,334,49.3,117,619,136
99343,3522,1758,1764,22.3,1289,2233,177
99344,19630,10217,9413,25.8,7562,12068,1855
99345,164,83,81,41.5,39,125,24
99346,372,178,194,28.9,79,293,56
99347,2429,1222,1207,49.9,494,1935,712
99348,1590,840,750,32.7,512,1078,152
99349,7531,4333,3198,30,2265,5266,714
99350,14287,7290,6997,34.6,4301,9986,2191
99352,35618,18451,17167,38.7,8715,26903,6073
99353,18264,8869,9395,36,5958,12306,2058
99354,25676,13168,12508,34,6183,19493,4097
99356,331,180,151,27.8,109,222,42
99357,3973,2079,1894,26.2,1477,2496,151
99359,100,35,65,58.4,0,100,24
99360,1400,615,785,36.6,463,937,165
99361,1668,909,759,43.1,297,1371,326
99362,43028,21782,21246,39.8,8006,35022,8621
99363,96,62,34,29.6,35,61,30
99371,309,159,150,42.6,66,243,63
99401,383,252,131,36.4,177,206,73
99402,1594,789,805,53,313,1281,433
99403,20425,10005,10420,45.1,4022,16403,4827
99501,16500,8992,7508,39.1,2495,14005,2722
99502,26257,13479,12778,33.6,7159,19098,2388
99503,12620,6524,6096,36.5,1665,10955,1534
99504,40938,21396,19542,33.4,9821,31117,5772
99505,5703,3390,2313,21.5,2105,3598,30
99506,6991,3742,3249,23.1,2028,4963,40
99507,35708,17722,17986,34.9,7953,27755,4278
99508,38142,18705,19437,32,10571,27571,3860
99513,0,0,0,-,0,0,0
99515,21629,10793,10836,37.5,5275,16354,2756
99516,21788,10786,11002,40.7,5617,16171,3223
99517,16347,8414,7933,38.5,3523,12824,2447
99518,10351,5314,5037,32,2243,8108,1024
99519,1910,1684,226,49,0,1910,90
99530,0,0,0,-,0,0,0
99540,322,201,121,49.4,35,287,61
99546,248,173,75,50.1,32,216,13
99547,28,14,14,13.5,15,13,0
99548,30,17,13,35.3,9,21,4
99549,63,32,31,36.3,18,45,4
99550,124,56,68,56.8,14,110,37
99551,415,186,229,24.9,170,245,38
99552,298,167,131,26,119,179,29
99553,911,695,216,40.8,31,880,51
99554,1138,653,485,21.8,483,655,52
99555,121,58,63,36.2,31,90,27
99556,2759,1511,1248,51.3,499,2260,715
99557,715,426,289,37.9,196,519,82
99558,74,38,36,24.5,17,57,9
99559,7465,4077,3388,29.6,2340,5125,580
99561,476,272,204,25.2,189,287,66
99563,432,320,112,35.9,136,296,19
99564,54,25,29,44.5,13,41,4
99565,39,14,25,40.8,9,30,5
99566,73,48,25,46.3,18,55,10
99567,7382,4014,3368,41.5,1582,5800,1109
99568,487,286,201,53.2,67,420,113
99569,31,11,20,24.8,13,18,5
99571,237,114,123,45.4,15,222,30
99572,234,142,92,30.2,97,137,23
99573,843,465,378,43.2,230,613,146
99574,2616,1404,1212,37,537,2079,414
99575,28,19,9,46,5,23,5
99576,2577,1281,1296,30.8,774,1803,226
99577,28124,14509,13615,35.5,7066,21058,3209
99578,475,257,218,26,187,288,29
99579,46,37,9,44.7,2,44,2
99580,51,27,24,30.5,16,35,9
99581,1293,731,562,26.8,480,813,140
99583,103,62,41,32.1,40,63,6
99585,215,114,101,17.8,110,105,8
99586,379,205,174,60.9,60,319,168
99587,1889,1172,717,49.6,250,1639,315
99588,1167,585,582,39.5,329,838,107
99589,118,48,70,32.8,41,77,3
99590,210,116,94,31,69,141,22
99591,57,27,30,39.2,9,48,12
99602,277,185,92,35,98,179,31
99603,11234,5655,5579,40.5,2492,8742,2245
99604,801,365,436,30.2,304,497,37
99605,147,73,74,40,44,103,14
99606,235,99,136,30.4,82,153,21
99607,253,137,116,18.9,118,135,6
99608,27,18,9,23.8,0,27,5
99609,389,200,189,24.8,164,225,19
99610,1895,950,945,47.8,407,1488,470
99611,15188,8043,7145,36.5,3571,11617,2511
99612,1108,651,457,38.2,206,902,131
99613,452,222,230,35.3,110,342,56
99614,572,284,288,25.9,231,341,42
99615,12618,6758,5860,34.9,3064,9554,1518
99620,1272,674,598,18.6,616,656,50
99621,561,308,253,24.7,220,341,20
99622,589,285,304,24.4,242,347,42
99623,22466,12136,10330,35.2,6146,16320,2456
99624,46,27,19,55.3,6,40,12
99625,28,16,12,27,8,20,0
99626,261,146,115,26.9,110,151,24
99627,226,80,146,42.7,56,170,61
99628,629,307,322,28.5,202,427,88
99630,315,166,149,46.2,91,224,43
99631,216,145,71,46.9,0,216,52
99632,884,459,425,22.6,376,508,37
99633,418,261,157,32.6,72,346,48
99634,843,431,412,21.8,292,551,41
99635,114,114,0,30.5,0,114,0
99636,603,325,278,32.9,183,420,56
99637,914,453,461,24.3,366,548,98
99638,12,5,7,14.5,9,3,0
99639,1234,659,575,53.8,264,970,380
99640,68,25,43,49,5,63,15
99641,827,398,429,21.9,362,465,87
99643,155,85,70,32.8,36,119,15
99644,95,47,48,54.8,15,80,20
99645,30849,15802,15047,35.8,8000,22849,4037
99647,13,3,10,57.5,2,11,2
99648,85,33,52,20.3,36,49,5
99649,72,44,28,35,22,50,14
99650,380,208,172,23.4,145,235,35
99651,23,13,10,23.8,3,20,2
99652,4028,2111,1917,37.2,841,3187,633
99653,158,104,54,33.3,30,128,6
99654,43606,22660,20946,35.5,11750,31856,5319
99655,1079,532,547,25.6,457,622,101
99656,12,4,8,42.3,0,12,2
99657,95,48,47,24.4,42,53,13
99658,1231,636,595,24.4,474,757,81
99659,308,180,128,19.7,140,168,15
99660,349,257,92,44,81,268,53
99661,1048,580,468,48.3,125,923,178
99662,506,281,225,21.2,236,270,29
99663,401,203,198,54.2,68,333,118
99664,4197,2558,1639,44.2,951,3246,689
99665,65,37,28,29.5,28,37,5
99666,59,33,26,21.8,22,37,10
99667,119,71,48,61.1,7,112,17
99668,73,36,37,27.5,24,49,6
99669,17382,8780,8602,41.3,4048,13334,2811
99670,53,26,27,53.5,0,53,14
99671,654,334,320,27.5,246,408,57
99672,3473,1800,1673,50.7,518,2955,854
99674,1342,672,670,49.2,239,1103,344
99675,58,20,38,11.5,35,23,2
99676,1748,912,836,40.9,512,1236,279
99677,40,16,24,48.3,5,35,11
99678,842,483,359,30.5,247,595,157
99679,456,412,44,33.9,40,416,10
99680,820,326,494,28.2,284,536,40
99681,450,264,186,23.7,178,272,14
99682,274,167,107,34.5,48,226,10
99683,382,228,154,63.2,35,347,133
99684,752,345,407,41.1,186,566,72
99685,3576,2331,1245,37.9,671,2905,201
99686,3953,2108,1845,38.8,886,3067,446
99688,2782,1460,1322,46.9,625,2157,602
99689,564,352,212,41.3,105,459,139
99690,70,41,29,33.7,15,55,6
99691,91,49,42,36.9,11,80,12
99692,766,509,257,40.9,70,696,45
99693,391,189,202,37.7,91,300,54
99694,1339,759,580,45.9,232,1107,182
99695,0,0,0,-,0,0,0
99701,18295,9766,8529,33.5,4215,14080,2604
99702,3149,1805,1344,22.2,1136,2013,13
99703,8807,5177,3630,22.3,2747,6060,0
99704,49,49,0,21.6,0,49,0
99705,22872,12689,10183,32.9,5945,16927,2495
99706,26,16,10,52.7,9,17,0
99707,0,0,0,-,0,0,0
99709,28343,14578,13765,36.4,6088,22255,4409
99712,12683,7062,5621,39.7,2722,9961,1623
99714,974,592,382,52.9,77,897,166
99720,256,162,94,26.5,94,162,13
99721,222,135,87,24,102,120,9
99722,199,102,97,20.9,81,118,8
99723,4879,2507,2372,30.7,1538,3341,511
99724,87,50,37,48.2,21,66,21
99725,562,333,229,50.1,0,562,122
99726,27,20,7,49.6,0,27,3
99727,644,365,279,22.2,277,367,45
99729,117,75,42,65.4,4,113,61
99730,108,60,48,56.4,33,75,12
99732,8,1,7,57.3,3,5,1
99733,45,15,30,52.7,16,29,18
99734,1423,1056,367,40.2,0,1423,30
99736,189,99,90,24.5,78,111,17
99737,4547,2594,1953,36,1245,3302,506
99738,174,121,53,62.3,24,150,82
99739,293,183,110,19.9,134,159,10
99740,476,221,255,43.7,126,350,115
99741,627,280,347,32.1,175,452,58
99742,426,224,202,25.8,139,287,29
99743,812,428,384,43.7,202,610,145
99744,124,65,59,39.7,38,86,19
99745,34,18,16,59,4,30,16
99746,182,85,97,20.8,76,106,17
99747,201,115,86,27.8,59,142,11
99748,197,118,79,45.3,22,175,12
99749,424,219,205,24.7,153,271,54
99750,769,457,312,24.3,335,434,43
99751,133,67,66,18.1,66,67,7
99752,3255,1652,1603,31.9,990,2265,251
99753,300,184,116,26,112,188,36
99754,74,33,41,52.3,4,70,14
99755,893,729,164,44.4,28,865,23
99756,17,5,12,55.5,0,17,0
99757,14,7,7,64.5,0,14,7
99758,113,70,43,24.8,42,71,5
99759,172,98,74,23.8,75,97,6
99760,761,381,380,40.7,201,560,173
99761,536,317,219,25.8,200,336,37
99762,4150,2082,2068,31.2,1265,2885,269
99763,654,361,293,26.7,261,393,48
99764,430,238,192,14.9,257,173,75
99765,249,137,112,37.6,58,191,40
99766,649,359,290,24.7,273,376,56
99767,41,20,21,33.4,19,22,14
99768,194,106,88,27.8,58,136,49
99769,823,462,361,24.8,300,523,70
99770,557,316,241,21.9,251,306,32
99771,312,157,155,28.4,128,184,27
99772,568,331,237,30.2,213,355,55
99773,244,125,119,27.1,92,152,21
99774,9,6,3,52.5,0,9,0
99775,903,495,408,21.5,29,874,0
99776,136,77,59,32.3,35,101,12
99777,214,114,100,37.3,61,153,42
99778,279,146,133,28.9,92,187,47
99780,1719,950,769,44,327,1392,318
99781,109,58,51,25.6,27,82,28
99782,621,373,248,40.8,173,448,49
99783,294,176,118,24,129,165,8
99784,194,97,97,31.7,48,146,9
99785,625,296,329,22,279,346,46
99786,277,127,150,29.9,80,197,52
99788,95,66,29,32.8,27,68,11
99789,564,235,329,23.5,235,329,60
99790,13,8,5,60.9,0,13,0
99791,119,63,56,23.6,38,81,8
99801,29933,15373,14560,39.2,6203,23730,4441
99820,419,211,208,44.9,80,339,99
99824,2169,1082,1087,36,422,1747,303
99825,16,7,9,73.4,0,16,16
99826,710,362,348,48.2,82,628,144
99827,2146,1117,1029,46.2,643,1503,465
99829,896,565,331,47,124,772,191
99830,473,229,244,37.3,129,344,87
99832,85,43,42,64.1,0,85,35
99833,3374,1655,1719,50.1,606,2768,842
99835,8457,4420,4037,39.5,1704,6753,1375
99836,39,23,16,57.8,3,36,11
99840,1303,537,766,38.6,207,1096,180
99841,136,74,62,64,9,127,58
99850,0,0,0,-,0,0,0
99901,13913,7235,6678,40.6,2928,10985,2319
99903,1,0,1,-,0,1,0
99918,241,143,98,40.8,74,167,79
99919,564,305,259,53.4,118,446,123
99921,1727,994,733,46.8,270,1457,333
99922,328,170,158,39,74,254,70
99923,25,9,16,-,0,25,25
99925,920,525,395,43,208,712,166
99926,1465,822,643,37.9,368,1097,226
99927,14,0,14,-,0,14,0
99929,2133,1136,997,48.9,472,1661,576
